"FSC-A","FSC-H","FSC-W","SSC-A","SSC-B-A","SSC-B-H","SSC-B-W","SSC-H","SSC-W","Comp-Alexa Fluor 647-A","Comp-BV650-A","Comp-CTV-A","Comp-FITC-A","Comp-PE-A","Comp-PE-Cy7-A","Comp-eFluor 780-A","Time"
1.24839e+06,930279,805170,493477,447620,352657,761568,411058,720303,5225.24,829.203,44613.1,26791.9,7278.79,5888.2,3873.83,9.5761
2.00723e+06,1.29215e+06,932041,807501,550641,358104,922594,565253,857140,12326.2,3722.89,301531,45911.4,36620.4,10558.4,10593.4,9.5761
1.61705e+06,1.16637e+06,831833,536403,262760,186226,846585,415763,774099,12592.5,1385.7,32463.2,31970.3,28515.9,7624.82,4007.61,9.58229
2.42964e+06,1.60574e+06,907861,738090,567327,374904,907956,520320,851118,23171.6,4051.29,133457,73173.1,46668.6,13337.5,7140.92,9.58334
1.41563e+06,934315,909090,722564,611513,439902,834067,556344,779263,5800.37,115.565,215457,43377.2,45996.3,9303.94,6478.13,9.58545
2.28217e+06,1.56625e+06,874256,463933,390498,291334,804227,382217,728276,6283.07,-361.893,64378.5,57146.5,60114.7,6366.55,3657.45,9.58545
1.89676e+06,1.04543e+06,1.0886e+06,886923,631785,387586,978031,553776,960955,9337.58,3243.04,57307.4,49808.7,33382.5,8465.97,6350.08,9.59085
2.01551e+06,1.53987e+06,785332,379242,269006,206179,782833,305040,745951,12654.7,3321.58,27814.3,41397,14589.2,7798.51,3153.79,9.59098
1.96875e+06,1.50236e+06,786261,342509,248638,188526,791313,259914,790667,13156.4,2877.96,23516.8,27217.4,27070.4,7072.92,5280.03,9.5981
1.8557e+06,1.40032e+06,795120,449071,347940,268013,778933,371617,725055,8102.77,536.426,107012,43985.5,16352.3,7360.53,4679.54,9.59915
718727,471151,915282,625738,387293,270012,860612,462056,812548,7704.56,947.139,41280.6,43704.7,54159.8,7540.54,5098.35,9.60455
1.42369e+06,1.03755e+06,823298,821944,631232,447122,847060,619340,796277,9175.41,5103.92,528863,35983.8,28908.5,11758.9,5890.75,9.6085
1.38178e+06,985356,841391,463611,246452,177932,831053,376537,738750,3575.64,1437.72,32983.7,21894.1,25672.3,6356.09,3061.63,9.61009
1.72325e+06,1.34843e+06,766778,582964,381850,282773,810226,448921,779153,8327.13,435.642,646980,51807.8,22410.1,10947,5441.99,9.61114
1.81021e+06,1.28578e+06,844724,571910,471030,344847,819546,458438,748511,8733.5,-530.118,82394.5,35468.3,12987.1,6317.08,2620.77,9.61759
1.44982e+06,1.05191e+06,826962,660837,377071,266253,849728,513415,772284,5354.49,240.211,248070,30617.3,22083.9,8599.23,5968.26,9.61825
1.76901e+06,1.27089e+06,835167,544593,300867,213725,844639,422350,773661,6378.15,2398.57,158723,43110,16148.4,5978.87,3994.97,9.62049
2.04965e+06,1.27542e+06,964226,855613,598776,379901,945682,608948,843040,11842.2,4989.78,42627.9,52294.6,31310.3,11577,7607.82,9.62642
2.32072e+06,1.86305e+06,747391,361279,220958,173143,765697,287591,753734,5068.96,930.611,46899.3,57506.2,31560.2,6731.89,3718.36,9.62853
2.46111e+06,1.39555e+06,1.05813e+06,1.09858e+06,931566,579399,964689,718749,917073,22634.2,3782.68,384726,143960,81362.8,15924.2,10473.3,9.63367
1.0947e+06,730483,899157,816477,616022,395440,934688,578946,846169,11157.9,1896.42,113133,44886.2,36391.9,8301.02,7351.06,9.63525
1.09405e+06,765338,857702,631614,478105,342925,836519,481434,787166,6756.67,334.74,116349,53166.9,36414.9,6233.49,4282.8,9.63617
876183,578216,909193,519219,398718,291283,821300,397780,783174,6912.21,945.104,27085.8,36041.8,28713,6611.14,4760.82,9.64012
1.53666e+06,1.16789e+06,789459,440116,304650,213810,854919,331799,795872,14904.1,12.381,126757,35971.2,20948.7,6748.81,4184.79,9.64118
1.86955e+06,1.4027e+06,799693,472538,356993,277659,771436,385381,735695,19892.2,2528.1,32913.1,41082.8,16787,9603.12,9947.27,9.64236
1.29679e+06,930621,836081,481174,283807,205994,826646,362730,795922,8111.65,1640.09,42824.5,47041,18220.7,8699.85,4287.88,9.64394
2.03877e+06,1.3876e+06,881563,435582,365049,262291,835062,335188,779709,9279.46,918.057,94466.3,19478.7,18799.6,6391.7,3746.33,9.64618
1.24943e+06,911626,822333,700249,374254,266433,842810,550267,763537,7720.47,2038.05,125939,19521.4,19447.6,6630.27,8348.51,9.64684
1.89567e+06,1.2801e+06,888524,512270,448552,291463,923379,362051,848948,12001.2,4254.79,48475.3,32027.5,19670.4,8205.68,3947.83,9.64697
1.93212e+06,1.35436e+06,855953,465470,393501,286862,823045,373699,747345,10227.2,-373.832,61779.7,54724.5,36598.1,7275.15,5973.93,9.65172
1.95906e+06,1.48151e+06,793404,499921,298418,229890,778855,414665,723361,7120.95,-56.1667,18155.2,63589.1,26350.6,5574.13,7852.31,9.65382
2.02173e+06,1.53547e+06,790012,437901,376471,285888,790109,353995,742216,7772.52,-522.58,62368.6,56135.8,30185.8,5269.41,6326.29,9.65396
1.50581e+06,1.05284e+06,858140,489100,235194,162370,869102,372244,788354,17245.3,4644.81,34574.6,36607.3,24471.1,8468.48,3468.12,9.65541
2.29491e+06,1.56322e+06,880838,454030,363836,253867,859905,347913,783006,16182.4,3697.68,58682.4,30466.6,16974.1,8411.08,6345.26,9.66015
1.45909e+06,1.1061e+06,791477,536348,405538,285958,850905,399983,804557,14888.4,3904.07,63947.5,45427.5,17094.6,8337.85,9209.82,9.66226
1.39198e+06,1.02099e+06,818016,535609,353336,247141,857816,409751,784294,6953.63,1539.08,108896,38817.1,22541.8,16503.4,2707.48,9.66897
1.58563e+06,1.12306e+06,847130,619291,433189,313582,828853,502610,739290,8452.5,2116.66,61787.9,31880.9,16750.6,8614.24,5903.49,9.67108
1.53248e+06,1.13571e+06,809611,619923,537846,397464,811916,500340,743402,7247.93,3830.29,247617,24392.6,18400.5,5887.53,6276.64,9.67253
1.27334e+06,953735,801062,540798,349097,251528,832743,403015,805129,7012.14,2126.42,95703.4,31623.2,19403.4,8398.95,4162.84,9.6728
1.48016e+06,1.10549e+06,803355,526997,347036,249624,834141,391128,808426,11755.3,494.085,178813,60134.1,25311.9,12426.5,4807.94,9.67741
1.66126e+06,1.20893e+06,824494,609012,341397,252117,812472,478410,763796,14041.2,1420.02,131357,31536.9,35256.9,7913.89,5041.35,9.67793
2.37233e+06,1.69121e+06,841647,598675,426464,304656,839893,465435,771762,8515.17,-70.7381,121161,73438.6,46915.6,8013.39,6047,9.68399
1.40623e+06,1.00069e+06,843153,538299,286215,200292,857394,427935,754739,5088.09,2578.79,125513,20874,10673.4,6417.98,5901.42,9.68795
1.57213e+06,1.23942e+06,761065,406388,335954,253340,795661,327470,744595,7398.88,528.596,52400,23387.2,13390.1,4708.99,3604.77,9.6886
1.38436e+06,986038,842377,677093,449197,317005,850202,524804,774110,12977.3,2501.35,61281,137926,32570.9,9650.56,10134.9,9.69124
1.7125e+06,1.19316e+06,861156,710415,355719,249552,855259,566057,753014,7718.39,3887.57,130228,39206.4,16381.3,7606.79,4887.02,9.69203
1.93434e+06,1.32044e+06,878955,512083,333309,245958,813088,408792,751605,10944.6,877.618,73948.9,69646.3,41315.9,9014.82,3321.04,9.69256
1.73756e+06,1.27835e+06,815534,464737,220513,163176,810828,392915,709675,5150.33,467.473,143286,90290.7,32840.3,9166.58,7087.56,9.70046
1.18037e+06,773879,915158,524581,386983,270505,858356,387219,812844,6448.83,4232.83,115165,71467.3,31139.9,7491.4,4822.89,9.70059
1.80811e+06,1.26839e+06,855312,869305,743103,528763,843217,652268,799646,11913.1,2421.61,362439,47641.9,21540.3,10119.3,9819.68,9.7031
1.43919e+06,1.09869e+06,785949,367138,270844,212824,763573,313108,703536,4714.25,-420.749,51955.1,24571.1,8447.97,5444.43,3403.64,9.70744
1.2845e+06,927182,831229,494483,346453,246477,843372,383392,773855,6997.83,49.793,58837.2,32948.5,28417.6,4762.36,8771.52,9.71772
1.67494e+06,1.20601e+06,833292,615508,432743,290388,894134,441740,836023,15893.8,2796.59,45810.1,41909.3,39176.1,11699,6835.86,9.72088
2.37841e+06,1.54895e+06,921298,1.08516e+06,762625,434097,1.05408e+06,682285,954291,17550.3,4190.61,234973,59570.6,27485.8,13070.1,7967.49,9.72338
1.9328e+06,1.4144e+06,819911,436218,306849,229206,803248,348931,750094,7510.74,1291.11,56459.3,52342,14048.8,6921.35,6647.23,9.72997
2.01623e+06,1.54693e+06,782024,442160,320057,241440,795371,360880,735136,9411.71,1869.51,66930.8,39522.6,17333.7,8464.12,4582.22,9.73208
1.81782e+06,1.15744e+06,942337,568640,252782,162079,935775,401610,849540,11188.7,4151.94,59895,33048.8,14827.9,7715.49,3780.26,9.73221
1.81216e+06,1.4369e+06,756697,448374,273257,192154,853244,338840,793957,16500.7,1056.21,49516.7,34882.5,20660,7069.42,3825.91,9.73748
2.49146e+06,1.51373e+06,987543,550872,420860,263339,958900,365057,905401,16306.3,1519.74,69330.2,42451.1,25686.4,7217.12,6064.92,9.74894
1.36845e+06,914785,897555,783542,618633,408345,908986,555195,846775,12135.5,4181.56,111169,47906.6,37528.5,9347.23,7505.28,9.74934
1.25991e+06,947110,798164,479241,316482,236082,804337,373580,769700,4767.43,4381.42,230964,26142.7,17165.9,7355.43,6051.38,9.755
1.27162e+06,938289,813151,487804,324308,236023,824430,373513,783593,7253.24,1168.52,80507.7,35495,20788.4,5902.13,7788.8,9.75711
1.66797e+06,1.10821e+06,903064,538564,469277,348909,806990,401933,803961,11361.4,1127.86,86016.6,92746.5,28361.8,6591.59,6146.73,9.75948
2.228e+06,1.52297e+06,877760,659019,546252,357716,916232,461897,856059,9984.74,1048.2,398670,49077.7,39223.5,12108.3,9413.31,9.76014
1.67539e+06,1.1987e+06,838605,526862,349730,262069,800698,432215,731388,10720.2,541.342,71126.6,53907.3,17903.6,6390.11,3136.32,9.7608
1.99976e+06,1.56536e+06,766507,374960,322346,238561,810726,291103,772840,13359.2,392.695,56282,40174.9,11201.9,5799.7,5124.66,9.76436
2.18836e+06,1.63523e+06,802955,361559,272398,200177,816473,287093,755628,11086.8,-84.1335,14698.7,50496.1,36018.7,9363.67,4870.93,9.76567
1.88592e+06,1.34998e+06,838198,508976,402566,293176,823873,400905,761741,15080,1274.85,122778,28449.8,11709.7,6724.21,5047.2,9.7687
1.47789e+06,908090,976485,899844,777550,480883,970153,601278,897931,26419.2,4372.79,102541,50473.1,34769.2,15219.4,9556.84,9.76884
1.62941e+06,1.10582e+06,884092,837083,629352,441369,855545,635761,789997,9435.48,2188.78,373296,33785.1,24916.3,10625.3,9111.61,9.77397
1.47402e+06,1.15725e+06,764235,388125,265247,217262,732518,324306,718072,4629.69,1615.52,119667,29399.1,11832.9,5647.89,2793.44,9.78096
1.1551e+06,859830,806045,552557,444394,309904,860383,433608,764594,7232.73,370.393,56127.8,47581.2,17024.5,7125.63,3799.35,9.78372
1.91179e+06,1.42213e+06,806591,708169,583885,415419,843320,534066,795597,10209.6,1055.32,261482,88956.5,29358.8,9988.93,7885.69,9.78478
1.412e+06,857988,987428,639433,556986,335632,995708,413087,928762,13443.6,1028.53,45159.7,45188.8,23492.2,12523.2,6657.18,9.78517
1.39016e+06,867864,961090,870210,445512,292598,913565,635228,821950,8202.39,3351.93,226127,199031,58167.3,9559.28,3294.35,9.78636
1.58019e+06,1.16336e+06,814978,523941,268816,206576,780775,434665,723234,6844.18,639.291,236539,28440,32101.1,4029.19,6549.59,9.78636
1.91255e+06,1.31692e+06,871373,562175,480012,335801,857671,423292,796861,18389.8,100.332,116765,61845.2,21807.9,7887.1,5903.86,9.78952
2.26541e+06,1.48684e+06,914186,728823,626998,442468,850229,533634,819463,5468.8,4448.01,63099.1,32612.5,28082.6,10532.9,8905.7,9.78965
1.53486e+06,1.14501e+06,804292,424386,375991,271162,831955,330297,770917,8390.87,1577.15,14040.8,26411.8,11247.2,6140.5,4168.36,9.79057
1.7669e+06,1.1868e+06,893275,535518,336837,228091,886059,407395,788695,15087.5,5140.64,28348.7,38805.9,26258.4,7865.74,4531.6,9.79545
1.63481e+06,1.14827e+06,854234,547054,387572,276884,839858,421625,778494,12246.9,2110.53,48147.7,45564.8,22287,6052.48,6581.91,9.79703
1.79765e+06,1.3364e+06,807086,418912,331620,234810,847373,326614,769555,12237.6,300.488,49844.6,27617.7,19569.5,7238.44,4138.31,9.80098
1.95376e+06,1.42445e+06,822956,391989,314977,237878,794466,317137,741615,8120.03,307.826,51552.9,78539.4,28749.5,6808.54,4005.32,9.80151
1.02995e+06,764159,808689,634172,492553,362305,815699,503345,755950,6407.83,1223.75,28804,20200.5,20992.8,5880.35,5267.39,9.80401
1.47718e+06,901264,983408,630181,524288,338709,928740,433171,872885,3644.46,-27.4253,326145,28071.3,19372.8,9086.5,4666.01,9.80454
1.5465e+06,1.11796e+06,829995,663403,636974,482677,791802,516419,770773,8461.89,619.675,211461,35347.6,23168.8,7593.76,6617.97,9.80875
2.09374e+06,1.5494e+06,810793,546822,485039,373220,779763,439754,746083,7903.05,1474.25,55365.1,31197.8,14264.7,5705.44,4252.51,9.81587
1.53675e+06,1.28807e+06,715838,252105,136447,117438,697118,233938,646595,1870.57,2719.22,1.68999e+06,13527.3,6142.41,2100.96,1532.85,9.8214
1.16372e+06,813753,858037,693467,532602,379496,842068,555138,749508,10880.1,780.477,194483,46123.2,21410.4,9067.02,4034.85,9.8218
2.00409e+06,1.18438e+06,1.01526e+06,927325,685467,422909,972502,649534,856606,17643,3491.48,93622.5,48394.5,30061.9,13919.9,7474.49,9.83036
1.69579e+06,1.15667e+06,879656,885337,643483,430473,896897,661183,803411,2647.66,2055.89,1.09571e+06,30000.3,13014.1,10543.1,3535.42,9.83062
2.0204e+06,1.39546e+06,868707,721015,475504,312804,912081,492560,878287,13993.2,2398.92,105178,50276.5,19844,10452.7,8462.93,9.83115
1.24717e+06,885527,845033,574458,484904,376605,772540,451644,763155,16317.2,223.576,130772,30723.5,28144.6,6691.77,4945.62,9.83405
2.09522e+06,1.43767e+06,874425,725582,627630,421582,893250,526239,827284,5802.6,3993.83,46445.4,51289,49225.1,9257.39,8889.27,9.83484
2.20166e+06,1.44419e+06,914696,1.06077e+06,892613,577096,928039,765044,831925,16554.5,3811.06,89709.8,66944,25810.3,11130.3,7518.83,9.83642
2.13003e+06,1.56742e+06,815368,405942,347245,272997,763184,339170,718121,3788.59,89.7792,115194,15642.3,22980.2,6238.86,5034.85,9.84037
1.62981e+06,1.09256e+06,895042,664416,494942,360062,824761,477175,835437,9267.14,1584.84,71707.3,36456.4,27179.2,6009.83,4744.41,9.84419
1.69656e+06,1.06178e+06,958710,954619,818311,506582,969214,660396,867315,18040.5,1512.68,45439.4,36919.6,26342,10844.9,5945.17,9.84538
1.90561e+06,1.27589e+06,896135,596943,470554,312307,904022,438612,816589,19529.2,4614.26,53051.4,38166.3,21765.1,10629.7,6407.63,9.84788
1.83821e+06,1.31715e+06,837359,503146,327411,248726,789811,392966,768228,12657.8,3556.45,22450.6,42231.1,36079.9,7510.17,8798.83,9.84933
1.3447e+06,1.03053e+06,782920,508057,403091,302727,798920,408850,745590,5439.34,-86.8314,60057,45967.5,22479.8,5815.02,3229.07,9.85855
1.8705e+06,1.33324e+06,841784,647407,345493,244454,847994,494413,785667,12622.8,2049,36482,115920,36270.1,8513,8433.79,9.86461
1.78062e+06,1.12902e+06,946280,709009,580970,397374,877213,519756,818471,26681,5070.91,96998.3,47044.9,29455.3,11911.4,7690.79,9.86474
1.54988e+06,1.18238e+06,786492,540350,338993,234933,865761,409366,791981,12734.7,2526.89,58967.8,29586.5,18852.6,10367.2,7644.44,9.86553
1.67884e+06,1.17545e+06,856953,463870,272133,184847,883323,350546,793967,10480.8,2086.18,129942,39447.2,19159.6,8421.49,4434.94,9.86659
1.48667e+06,976344,913615,572718,457493,332788,824836,448188,766711,6788.03,518.732,43780.3,24906.7,12413.9,5364.52,4452.54,9.87054
1.6103e+06,1.12667e+06,857553,451858,277552,201659,825806,355454,762728,6532.57,565.259,60088.2,20479.5,15641.3,6700.11,3607.85,9.87265
1.87514e+06,1.09118e+06,1.03107e+06,813590,437559,260850,1.00646e+06,514773,948290,23380.2,3395.9,57194.3,77771,41407.6,14146.5,9225.06,9.8737
2.32706e+06,1.56638e+06,891379,753824,629114,420930,896749,552199,819079,28172.6,3766.19,26579.5,51525,38262.4,13734.1,10859.5,9.8737
1.32394e+06,984358,806985,511235,296212,224228,792618,408659,750604,5692.24,792.299,57903.4,28180.8,11988.3,5361.32,3027.65,9.87581
2.10946e+06,1.69736e+06,745673,264794,165584,125796,789774,217036,732029,7222.25,477.497,28535.8,21790.1,9625.78,5308.67,3563.41,9.87858
1.96039e+06,1.48649e+06,791284,505705,310331,230134,809087,392079,773883,5558.34,2540.12,442158,26849.1,17251.5,11383.5,5974.38,9.8791
1.76983e+06,1.05882e+06,1.00291e+06,893412,648348,410480,947693,618154,867174,14862.6,2274.09,178613,58871.3,45427.1,13109.5,6257.02,9.88108
1.79686e+06,1.324e+06,814290,470150,317306,226271,841396,358713,786394,10442.5,3275.29,63153.7,33318.1,38775.5,8234.11,3275.64,9.88688
1.91722e+06,1.38383e+06,831268,486595,383713,284488,809270,400091,729727,8399.23,948.612,75223.4,51660.6,16726.9,4628.34,5082.17,9.89215
1.77386e+06,1.10428e+06,963811,539926,471977,334649,846219,397822,814322,11247.3,2127.09,47369.8,35821.2,20171.5,6296.9,4570,9.89847
1.69069e+06,1.35169e+06,750480,323554,223546,165629,809809,270851,716750,3091.25,2986.9,1.32249e+06,18890.5,2371.44,2155.23,1573.41,9.89926
1.66064e+06,1.09762e+06,907769,627427,454141,327136,832939,494933,760620,13266.1,4575.36,30043.2,42684.9,32745.4,9328.02,4396.71,9.9011
1.61329e+06,1.0914e+06,886911,711484,576150,404393,854837,533473,800210,8417.4,695.274,138978,48239.3,31114.1,6448.66,5966.22,9.90137
1.54587e+06,1.12448e+06,824848,506065,281616,193187,874643,383548,791659,6722.5,2149.93,101939,47864.6,16165.1,5176.32,5506.34,9.90229
2.03941e+06,1.56425e+06,782259,502180,333152,241240,828599,394584,763610,10072.9,3084.64,60753.7,37369.4,25289.3,8983.66,5400.58,9.90308
1.87442e+06,1.47078e+06,764663,415817,321945,250154,772192,343869,725538,6018.33,1774.53,114059,36084.3,12418.5,5120.61,3465.69,9.90321
1.6094e+06,1.18356e+06,815877,529116,336490,228901,882015,398924,795815,12288.6,983.262,58246.4,60024,28757.8,7165.08,4940.26,9.91033
1.2011e+06,910856,791191,468017,364506,278392,785595,369033,760935,7422.73,327.363,220466,39116.3,14823.3,6115.43,3676.75,9.91151
1.39861e+06,910901,921250,848421,690060,430755,961186,592382,859332,14113.5,4595.05,97584.5,31074.7,40712,9574.65,7647.22,9.91178
1.6474e+06,1.19521e+06,827000,550520,486519,361834,806755,421031,784531,11755.9,2413.53,151589,47281.3,24754.7,7622.97,5827.78,9.9123
1.56012e+06,1.0093e+06,927444,621653,468336,331405,847909,460607,809783,13190.3,2891.55,72208.6,40187,16762.2,7312.89,9892.15,9.91599
987698,537021,1.10353e+06,648002,350351,208209,1.00961e+06,418691,928611,8486,1383.19,61322.4,34420.3,33777.1,6940.32,2144.11,9.91797
1.87931e+06,1.40511e+06,802486,879872,627054,442342,850547,652446,809145,11345.5,4057.9,75818.7,95877.6,26202.9,4568.15,11350.3,9.91928
1.32016e+06,944905,838281,589383,285859,205787,833462,474358,745491,5333.97,1528.58,41362.5,34889.6,14627.9,6161.32,3667.96,9.92126
1.75442e+06,1.06122e+06,991933,1.03315e+06,802927,467134,1.0313e+06,685095,904821,20323.2,4487.55,27777.5,49266.7,36040.9,13898.7,8782.11,9.92442
1.72192e+06,1.26336e+06,817778,383986,312540,236225,793837,322483,714430,5542.92,-310.229,63984.3,45799.2,33966.3,5322.45,4625.03,9.92838
1.99607e+06,1.63244e+06,733652,365586,290885,241798,721805,313872,698856,7713.05,3017.25,115962,28161.7,9966.43,3662.67,3103.53,9.92982
1.65092e+06,1.12145e+06,883281,650005,566756,413100,823174,512443,761066,7134.42,1264.39,39748.8,27205.3,17555.3,5517.78,4368.13,9.9318
1.3696e+06,972413,845073,459302,294286,212769,829875,337876,815629,10579.3,2805.72,25778.4,35076.6,25406.1,8005.92,6877.26,9.93997
1.44724e+06,1.08549e+06,799955,505607,395222,276247,858410,382437,793240,8522.9,820.783,105097,43626.5,12086.6,6794.89,3966.87,9.94208
1.3943e+06,998359,837952,893948,728458,476570,917126,623768,859885,17760.1,1954.58,102467,112002,135149,14318.1,6471.79,9.94353
1.38485e+06,958057,867286,698722,581808,386189,903922,502941,833563,12438.7,1384.01,57938.7,34734.9,43824.6,9297.46,6819.64,9.94511
1.17267e+06,771335,912189,538286,384248,271532,849067,423568,762503,16239.6,1323.78,145346,27962.9,16871,7045.46,4823.49,9.9484
1.05348e+06,705203,896322,584860,373214,239568,934717,441065,795610,5865.91,363.653,234069,43483.7,17733.6,8084.56,2980.22,9.95038
1.51886e+06,1.06423e+06,856314,463357,254713,176367,866532,360486,771220,12907.6,4557.43,38363.8,29517.5,14179.9,6259.63,4257,9.95051
1.8093e+06,1.19075e+06,911676,629894,457554,288418,951856,426794,885525,10208.8,3264.7,58960.1,46374.9,25596.1,12529.8,9128.74,9.95183
1.77395e+06,1.28447e+06,828642,551635,403237,292696,826598,414313,798867,15085.9,4279.46,47771.6,46414.3,24494.2,8812.96,7007.59,9.95275
2.19388e+06,1.40915e+06,934133,720416,623071,406124,920514,514386,840321,24498.4,1611.1,75519.1,69275,23118.9,13025.2,9138.37,9.95407
2.57089e+06,1.59775e+06,965443,1.00918e+06,686037,406371,1.01292e+06,682353,887378,9335.4,2603.27,628554,166353,39212.5,10056.5,8860.18,9.95578
1.78228e+06,1.27009e+06,841958,900029,578183,388602,892713,651272,829173,13255.6,4381.16,98980.7,51876.1,23683.3,14586.1,4995.81,9.95933
1.89998e+06,1.35415e+06,841848,618280,400930,266343,903190,430059,862597,19759.2,3401.89,102021,53461,30436,8423.04,9312.72,9.96184
1.29413e+06,830111,935391,922241,570312,349614,978757,633504,873467,13401.9,2093.22,34930.3,67707.7,65459.8,10646.8,7072.12,9.9679
1.98481e+06,1.41735e+06,840219,612787,517432,354855,874891,448250,820240,11084.8,1453.29,31687.2,44735.4,30085.6,10664.1,5258.99,9.96803
1.48815e+06,1.06932e+06,835003,534373,272812,192481,850408,411158,779806,15400.3,1913.14,111289,38007.2,16141.5,9198.11,6319.01,9.97238
1.59406e+06,1.32764e+06,720403,444815,299260,240116,747788,382601,697565,4351.64,3024.34,1.10177e+06,47760.3,11582.8,4387.3,2629.08,9.97541
1.75932e+06,1.34056e+06,787422,444454,302567,237822,763344,358182,744516,17162.2,2910.26,19674,31658.8,17600.8,6077.45,4157.87,9.97672
1.46597e+06,925841,950034,744725,559417,343997,975737,505366,884181,14130.6,707.987,110501,53135.8,27311.1,9590.54,6385.09,9.97989
1.87849e+06,1.30843e+06,861410,810147,618332,437241,848500,622941,780312,9119.53,1401.33,83018.4,35320,39634,6904.81,10703.5,9.98134
2.06859e+06,1.43717e+06,863613,695886,605788,449704,808249,544549,766747,14002.7,4415.16,517664,31848.6,23256.1,7484.54,9621.99,9.98661
1.2456e+06,989680,755151,354924,258797,201367,771121,295967,719521,6749.58,421.244,43353.9,26360.9,8118.75,4146.23,3854.19,9.99122
1.46462e+06,986461,890831,657733,375515,254515,885249,498447,791739,13336.9,3303.73,84291.6,26695.8,20158.4,8829.83,5304.81,9.99201
1.86399e+06,1.31848e+06,848245,792970,419931,295259,853348,606769,784124,9000.61,2506.1,69929.7,56682.4,57256.5,7339.41,9884.27,9.99372
2.25115e+06,1.70129e+06,793922,377521,282514,215500,786581,308361,734570,8972.15,3221.36,38948.6,38882.2,25851.6,5920.26,4085.43,9.99411
2.4417e+06,1.72801e+06,847807,436225,342634,244980,839173,343081,762896,10908.9,-471.862,97974.5,85746.2,44548.7,6143.71,10247.4,9.9957
1.59062e+06,1.10715e+06,862003,613236,348903,244171,857357,461367,797503,11844.8,2863.98,60012.2,59544.9,40449.2,7739.07,4072.95,10.0089
1.63321e+06,1.07179e+06,914290,718964,634445,464965,818700,548435,786562,8471.02,-390.027,90539.1,102270,39383.1,8434.23,8180.8,10.0093
1.10626e+06,779048,852008,652188,438825,304300,865247,488824,800519,10220.5,139.355,47825.4,72504,27037.4,7194.06,4635.77,10.0101
1.52509e+06,1.07725e+06,849435,550890,438674,250527,1.0506e+06,358922,920908,16531.3,4047.84,65779.8,38244.5,17282.2,7591.57,4808.32,10.0119
1.74695e+06,1.22753e+06,853886,560124,430367,341679,755740,467286,719205,17415.1,1425.67,47707,35999.4,26139.5,11123.6,2013.84,10.0122
1.93555e+06,1.41802e+06,818977,423703,308168,223046,828980,347093,732432,12513.9,301.448,64186.3,33514.8,11701.2,5420.68,4768.73,10.0141
1.23225e+06,870345,849493,513376,257273,184627,836084,419157,734869,5543.01,1848.18,97916.7,28098.3,13307,6371.91,2400.54,10.018
1.43097e+06,1.0423e+06,823734,500899,431081,323580,799334,403332,745142,13113.9,784.813,55387.8,28952.2,18890.5,5988.99,4212.77,10.019
1.61667e+06,1.10917e+06,874529,677922,373048,254817,878392,502310,809766,6229.77,3244.98,845238,49089.3,17137.2,12205.3,4836.01,10.0214
1.7682e+06,1.31852e+06,804629,441739,321243,232365,829497,347144,763496,10415.1,716.461,150911,62528,34442.1,8100.06,4579.28,10.0259
2.08367e+06,1.31198e+06,952914,838848,758373,515868,882055,588685,854971,21025.7,5436.68,36940.6,35099,29154.8,9846.07,9502.36,10.0265
1.65636e+06,1.18158e+06,841094,653194,578911,425578,816176,498019,786950,9402.54,2875.82,83920.9,44243.1,13225.9,7586.87,9106.49,10.0272
1.17434e+06,789266,892737,483305,394007,287410,822533,398703,727316,8159,3044.9,20377.7,25072.2,9801.22,4280.6,3968.87,10.0272
1.93747e+06,1.19988e+06,968835,973966,698840,473402,885724,696841,838612,16348.5,2164.78,34992.7,37934.5,30234.5,11090.5,8686.92,10.0285
1.61301e+06,1.25106e+06,773586,366355,207837,160110,778854,301302,729544,8024.67,1656.67,28090.3,17482.9,15282.4,4819.03,3642.47,10.0352
1.29226e+06,981525,789951,531327,438361,331377,793709,425414,749379,6732.66,933.194,55898.5,33236.8,8744.79,6348.05,5706.2,10.0377
1.59241e+06,1.16045e+06,823341,560570,431083,306264,844532,429844,782474,5403.99,436.526,134322,33293.3,19815.3,7020.74,4307.76,10.043
2.63423e+06,1.8386e+06,859641,1.15554e+06,964602,634650,911937,795788,871243,10521.7,1846.31,38557.6,101721,86546.6,12776.2,13748.5,10.0438
1.29571e+06,844455,920626,702102,475197,338680,841852,532703,790799,11416.1,3811.94,44457.1,41352.1,31711.7,6641.32,6756.23,10.0448
1.14222e+06,756532,905887,516862,429704,303338,849952,391747,791627,10649.6,3517.94,32339.8,27951.4,21820.6,5546.55,4355.28,10.0459
2.16025e+06,1.47253e+06,880217,491805,338875,243273,835790,405028,728550,7307.39,1147.52,27825.8,40100.6,19830.3,6037.45,7713.85,10.0523
2.38898e+06,1.62347e+06,882915,682072,425037,295772,862225,504704,810858,12136.8,3714.83,276813,65484.5,38819.6,10686.1,6582.55,10.0538
1.63149e+06,1.22204e+06,801033,618279,418768,285169,881095,467063,794255,8651.91,662.211,107295,46635.3,24216.2,7711.64,6788.57,10.0538
1.33916e+06,924528,869088,508344,386395,289893,799733,382902,796565,11339.1,294.648,26034.3,104854,40717.9,7219.26,10227.9,10.0539
1.85528e+06,1.4106e+06,789142,425937,337242,259126,780876,347477,735480,10709,2401.29,72722,25134.6,12324.3,7958.98,4021.9,10.0671
1.5551e+06,1.19407e+06,781413,499404,299906,219244,820747,396443,755827,7270.24,638.493,107767,40458.7,13517.3,5356.92,4013.47,10.07
968324,645043,900706,942543,474801,318026,895777,684559,826117,9303.34,2520.37,517350,159104,41337.6,9937.53,4837.11,10.0733
1.93716e+06,1.40477e+06,827392,369437,192959,142177,814304,314956,703789,4989.82,-148.357,14081.6,49160.4,14379.4,5367.14,4264.64,10.0737
1.96003e+06,1.49034e+06,789095,405572,289679,219852,790564,326562,745168,8755.53,373.658,22460.5,47765.6,13592.4,11022.5,6328.65,10.0753
1.09479e+06,707958,927847,558398,389358,260298,897490,412501,812213,5322.62,779.685,107242,34214.7,30381.1,5537.45,4269.22,10.0759
1.02772e+06,755585,816097,504439,294946,218127,811306,399582,757451,10103.6,1333.86,113973,25047.7,22917.2,5697.57,3392.22,10.0774
1.28789e+06,962994,802428,778809,537952,391741,823940,603426,774387,11734.3,2630.6,80781.7,59007.9,37039.3,8618.69,4489.3,10.0775
1.39135e+06,1.00848e+06,827786,478285,370964,273548,813673,376904,761390,7316.56,410.864,57139.1,35770.6,19988.7,7976.66,4504.04,10.079
1.43041e+06,991785,865357,843107,624985,416328,900711,609786,829577,17403.3,3083.84,33330,60154.4,68866.2,11269.9,7540.98,10.0824
1.4627e+06,879135,998275,791138,369794,225781,982706,548274,865777,12877.1,3260.54,101456,79610.5,42904.7,8786.53,7059.17,10.0836
1.98228e+06,1.39804e+06,850742,450588,363069,263758,825914,360321,750311,9986.62,1532.33,23823.9,39650,20262.4,5529.61,5073.22,10.0846
1.60703e+06,1.19292e+06,808284,486450,283424,215375,789572,394922,739058,4028.52,497.499,149089,20079.1,22959.9,7423.88,5227.46,10.0858
1.21861e+06,705785,1.03596e+06,786492,535988,313616,1.02544e+06,489493,964048,17357.5,2816.02,25527.7,52461.2,25703.9,8182.68,6406.67,10.087
2.33376e+06,1.56133e+06,896835,450117,337164,234295,863436,345951,780660,17825,4014.05,28902.6,42035.7,14417.8,9669.34,4970.7,10.0974
2.1143e+06,1.50424e+06,843336,618418,436185,298925,875507,445906,832128,9455.54,1047.18,38807,48542.9,27435.5,9271.74,9482.21,10.101
1.54643e+06,1.04466e+06,888190,761674,537130,357996,900227,565146,808649,8006.13,1740.95,56457.3,41452.5,17207.6,7724.42,4443.1,10.1016
1.22576e+06,656459,1.12034e+06,803416,579137,340758,1.01973e+06,517953,930682,8005.44,2254.81,21037.4,53906.9,30133.6,9198.43,9242.28,10.1036
1.91857e+06,1.1727e+06,981618,858390,479868,285616,1.00807e+06,578699,889986,24591,4711.56,116041,35989.4,25838.7,13318.5,8654.6,10.1046
1.64457e+06,1.20605e+06,818160,524536,441075,322346,820997,404028,778960,10984.3,3253.9,52919.5,30358.9,15111.5,8800.5,6726.71,10.1072
1.80133e+06,1.19773e+06,902373,701092,565222,379635,893313,491110,856540,22097,4298.17,110433,48895.4,17709.8,12073.6,7708.44,10.1074
1.27952e+06,931096,824524,783958,707034,506355,837793,568545,827331,10902.7,1092.02,194657,43100.4,48663.1,10389.8,7086.25,10.109
2.44569e+06,1.79612e+06,816992,381582,276997,202719,819845,303291,754882,17463.2,-104.688,18473.1,32337.4,15050.8,10469.9,4260.49,10.1103
1.86914e+06,1.35864e+06,825446,499002,288488,200061,865200,385892,775868,12002.2,401.737,293984,23443.5,20792.4,7157.91,4287.85,10.111
1.74973e+06,1.23366e+06,850994,510039,449604,319898,843276,387638,789456,14517.6,5331.37,17024.1,56012.8,22717.7,13694,4243.72,10.1116
2.0763e+06,1.36362e+06,913579,772523,605711,410840,884594,558124,830486,13788.2,4338.92,67603.6,60632.2,35740.1,11160.4,11011,10.1128
1.26281e+06,920482,823138,555214,298970,221454,810019,456569,729634,6102.71,1089.15,193020,33547.8,11008.1,6534.55,3780.42,10.1136
2.09818e+06,1.3757e+06,915102,688901,559394,396971,845493,536177,770904,9913.27,1273.86,98487.1,155170,40493.7,9412.87,6803.27,10.1148
2.23702e+06,1.51837e+06,883982,443655,363788,261533,834590,344858,771891,20182.4,1644.86,23174.2,57953.3,31630,9208.35,8809.87,10.1156
1.55042e+06,1.09284e+06,851223,560171,487647,364210,803350,439554,764644,8369.9,1171.51,62324.2,26568.2,16099.3,5943.9,5702.09,10.1161
1.88322e+06,1.42382e+06,793593,428567,314009,243233,774589,335945,765423,7541.49,3630.74,26633.9,45589.2,34094.4,6603.17,6582.25,10.1182
2.00994e+06,1.36512e+06,883409,781936,689920,469380,881912,573221,818466,12491.2,1231.21,489590,40310.7,32227.1,12155.7,7547.78,10.127
1.31738e+06,929574,850315,617096,355255,264478,805939,472707,783271,18565.4,1680.85,253960,29393.5,25805.2,10987.1,3014.24,10.1277
1.88549e+06,1.247e+06,907212,671043,603323,416417,869305,482515,834431,13801.7,2569.42,24354.5,50129.7,32959.5,10857.1,7734.59,10.1313
1.11146e+06,762245,874884,763686,664013,477875,833707,586084,781819,12251,2338.9,122365,61999.9,33950.2,9719.6,7040.89,10.14
2.04619e+06,1.39183e+06,882086,711445,506229,324697,935448,463853,920264,15355.4,2954.62,87191.5,52774,30623.8,8119.54,5001.44,10.1435
1.49691e+06,1.16965e+06,767877,469680,279791,216462,775539,370716,760171,5388.65,-143.761,40130.1,33608,21523.3,6028.67,4652.29,10.1463
2.18185e+06,1.40862e+06,929361,703438,585665,388648,904157,500752,842858,7502.65,4368.87,44190.9,54440.4,43672.9,9101.19,9070.7,10.1479
1.53884e+06,1.06698e+06,865340,557935,317162,229376,829630,434237,770917,9609.91,2145.53,29368.2,71244.1,58129.1,9190.37,5597.44,10.1539
1.73644e+06,1.37298e+06,758832,451697,297502,226892,786722,374958,722797,3878.4,1114.4,144108,18262.9,22369.6,5909.78,3887.64,10.156
1.48513e+06,1.14560e+06,777824,321847,166483,126362,790507,284187,679510,1617.59,1149.2,1.53575e+06,10554.2,751.029,2236.09,1143.61,10.1606
1.1637e+06,858714,813101,715578,559787,410929,817348,563351,762130,3738.49,1486.84,717247,26273.5,11807.9,8652.9,4510.13,10.1642
2.76569e+06,1.74195e+06,952622,603626,475218,319647,892018,457915,790924,14175.7,730.84,63311,41741.9,19160.9,14828.7,8224.42,10.1689
1.53664e+06,1.04443e+06,882765,603160,518290,379214,820049,453604,797824,12943.9,4536.38,27897.4,43396.8,18711.8,8735.05,4712.12,10.1759
1.45495e+06,1.15337e+06,756890,649322,474085,383141,742418,555086,701861,6912,2617.36,496179,24818.1,18137.1,6060.55,4049.26,10.177
1.56996e+06,1.18003e+06,798262,438496,251124,180009,837039,342233,768768,5927.14,1367.92,94646.5,26344.6,13353.9,5153.91,3919.51,10.1811
1.53388e+06,1.09957e+06,836986,501539,270610,195528,830398,400460,751445,12306.3,554.301,50218.1,36437.6,17603.4,5695.28,4563.53,10.1855
1.67984e+06,1.24801e+06,807610,637075,525483,371908,847762,502380,760868,16142.1,1419.94,119610,52871.1,28272.3,7737.81,5920.65,10.1908
1.92957e+06,1.42221e+06,814044,502675,386721,271365,855056,389200,774935,17546.9,1547.1,65285.8,31960.4,18568.4,8687.59,3945.21,10.1927
1.33888e+06,940217,854408,643721,538126,395926,815495,515938,748603,11421.9,1169.86,28110.8,28226.8,17649.2,7372.55,4703.5,10.1937
2.12309e+06,1.64235e+06,775627,424684,294994,226412,781746,330913,770022,8886.26,422.187,141110,85269.9,19068.8,5805.55,6838.97,10.1938
2.16331e+06,1.56691e+06,828373,486994,271543,198465,820929,377262,774519,9389.3,3011.99,125817,27090.8,10568.5,6198.37,6606.32,10.1979
1.54641e+06,988234,938894,658070,498871,347618,861067,515885,765368,6972.61,2375.64,33918.3,45015.9,16026.8,5334.29,4005.7,10.1983
1.25768e+06,827607,911792,808611,437253,306899,854846,623678,777912,9056.6,2275.49,60162.7,34351.7,27607.3,8509.81,7496.21,10.1991
1.1394e+06,803792,850522,568332,300007,217918,826017,449918,757914,5994.34,954.922,91648.7,23751.1,22375.3,5630.43,3439.33,10.2035
1.71075e+06,1.28238e+06,800429,413772,276908,206657,803966,327063,759068,9252.04,1650.95,27998.3,45577.4,17559,8373.17,5855.53,10.2045
1.64251e+06,1.11102e+06,887034,812947,435135,302064,864324,620123,786567,6240.84,486.394,61008.6,68642,45192.7,8208.94,5450.47,10.205
1.36865e+06,1.04209e+06,788024,354588,227000,171194,795588,278715,763334,12734.9,1378.23,25924.6,28852.9,13005.5,5804.57,4285.53,10.2054
2.61444e+06,1.76985e+06,886323,456610,382618,275827,832301,345725,792438,10555.2,3192.57,27003.7,48816.5,33571.8,7978.66,7798.74,10.2128
1.71402e+06,1.24838e+06,823796,724357,566072,413875,820642,550156,789983,12376.9,3432.05,846488,47911.3,25346.4,12277.5,6036.31,10.2156
1.90725e+06,1.4378e+06,795906,446848,349109,260435,804291,353465,758515,14667.2,1003.87,123792,45764.2,31659.5,7915.48,4503.35,10.2168
1.88125e+06,1.35837e+06,830960,374057,315491,233765,809765,301952,743278,15151.7,2018.67,22488.7,28570.6,9954.71,4703.58,4037.32,10.2214
1.55795e+06,1.24147e+06,752955,429560,321958,251944,766738,350503,735332,4439.66,1582.04,249507,36254,10578.3,5455.16,4312.23,10.2294
2.1661e+06,1.62818e+06,798231,533060,317294,232067,820352,415466,769825,4881.96,-209.055,58325.1,69870.6,30443.8,8085.73,5921.74,10.2298
1.51842e+06,1.03017e+06,884374,538553,418881,280847,894895,391519,825328,7895.32,558.29,406086,38637,13544.3,8827.09,8568.25,10.2316
1.79485e+06,1.34569e+06,800268,504870,305826,217498,843667,393472,769870,10159.2,2884.76,59328.3,54151.6,20621.6,6134.57,8091.97,10.2331
2.44427e+06,1.74775e+06,839116,494034,385272,282904,817109,392026,756124,19382.8,1751.18,49524.2,30145.1,18138.4,6519.3,4023.43,10.241
1.90807e+06,1.22042e+06,938073,887979,693554,453070,918472,616405,864346,15133.8,4947.03,121505,61147.1,22364.8,11141.3,9714.85,10.2417
1.78488e+06,1.34762e+06,794679,460642,282697,192102,882958,326054,847666,16817.2,-60.6577,88524.9,69496.1,21832.8,8387.79,5761.08,10.2472
1.83562e+06,1.38466e+06,795408,446585,364706,280748,779431,368874,726402,7649.88,1424.18,15643.9,45067.7,23181.8,6425.6,6987.34,10.2533
1.52964e+06,1.21693e+06,754180,345754,235372,181996,775969,275824,752119,12158.6,2133.65,54165.6,30779.9,11870.2,6298.14,5593.68,10.2544
1.8158e+06,1.44422e+06,754370,373815,236866,173432,819454,288892,776376,24543.4,1957.7,55167.2,26325.5,22314.1,8136.83,4652.65,10.2554
1.71682e+06,1.26177e+06,816385,558453,475370,355482,802352,449746,745024,3607.4,1003.01,23472,31011,33312,4912.08,7714.3,10.256
1.8714e+06,1.31426e+06,854352,587662,509778,359056,851865,450649,782421,12715.7,622.732,115707,41533.6,24681.1,8877.54,5421.46,10.2593
1.41167e+06,1.01704e+06,832813,353062,307124,221824,830723,276756,765430,13320.8,457.348,24888.2,45304.1,23714.6,6577.05,2597.78,10.2612
1.50322e+06,1.03929e+06,867832,777809,661460,464950,853589,581700,802278,8248.5,3704.98,56381.2,44254.6,19244.4,11043.3,9185.63,10.2614
1.83145e+06,1.37549e+06,798892,457282,346640,253979,818903,369805,741929,6345.26,1054.85,47032.1,28824.8,11130.4,7217.42,3991.37,10.2616
2.52722e+06,1.88424e+06,804742,468862,366626,270172,814207,375898,748387,7591.4,-130.559,126271,42950.1,32009.4,5971.07,5883.74,10.2618
1.41007e+06,1.05574e+06,801376,549150,450211,340101,794255,451266,730146,6394.18,917.652,22576.1,34264.5,21766.2,4563.78,3180.86,10.265
2.13796e+06,1.68121e+06,763008,341602,217170,178480,730066,289984,706802,8966.6,1373.18,86080.4,26215,15601.6,4662.08,3408.16,10.2659
1.57706e+06,908020,1.04209e+06,590860,509124,334318,913724,404828,875719,19794.7,4039.34,12805.3,38783.3,21501.6,10496.6,6708.12,10.2666
1.51077e+06,1.01159e+06,896076,668922,557657,358965,932108,461168,870298,13091.8,4428.14,52142.8,76149.8,46925.3,11880,9240.7,10.2673
2.12798e+06,1.43697e+06,888526,540221,411162,284602,866814,406087,798186,16529.1,4980.2,61273.2,91173,23978.8,9612.38,6079.29,10.2673
1.87537e+06,1.3762e+06,817629,440052,387803,296621,784441,365302,722776,9392.74,1686.57,52259.7,24695.6,7705.23,5780.96,4599.28,10.2696
1.25059e+06,757956,989967,551787,441367,269656,982066,373926,885394,11588.8,1850.46,42084.7,63078.8,52922.3,8253.38,5024.31,10.2704
1.537e+06,1.03785e+06,888563,620764,374861,270743,830738,501228,743092,10070.8,2189.28,104800,30043.3,19531.1,8383.75,5931.94,10.2713
1.8214e+06,1.14155e+06,957329,660874,544325,366176,891907,497935,796337,11227,-228.226,109893,43570.8,23308.9,6535.22,4997.59,10.2759
1.72689e+06,1.22569e+06,845346,430712,388083,282994,822808,338588,763249,6852.18,1143.43,62247.8,24862.3,18355.4,6027.3,5125.76,10.2774
2.07025e+06,1.58739e+06,782511,424313,329310,255287,773977,351256,724792,11967.1,3293.94,27439.3,33568.3,25241.6,7636.93,5871.92,10.2817
2.05318e+06,1.4303e+06,861296,790092,491581,347898,847802,600450,789500,10445.2,3636,60286.7,68169.3,49098.2,10017.9,12621.7,10.2887
1.58586e+06,1.27072e+06,748795,447949,323032,235034,824643,345381,778183,5144.58,1063.94,91279.1,33810.9,14403.3,6019.73,6463.9,10.2953
1.65284e+06,1.06969e+06,927098,736669,472209,328631,862138,564852,782508,5296.43,-232.718,134406,94793,54958.8,8431.6,2796.31,10.2996
1.6328e+06,1.18677e+06,825504,660323,446469,326571,820286,530197,747258,5254.94,1383.69,50860,32259.9,15339.1,5756.56,3902.35,10.3015
1.41852e+06,991327,858559,564478,374512,266807,842208,434892,778784,10259.5,2688.73,26762.9,31863.9,22683,6864.94,3900.83,10.3034
2.10244e+06,1.44189e+06,874869,869613,715376,493855,869132,650507,802094,20128.4,3975.88,51637.9,42320,23468.3,9600.82,6151.22,10.3082
1.63455e+06,989514,991125,957073,573892,363970,946053,644214,891386,18145.1,2103.59,132707,43836.5,29035.2,14075.4,7851.29,10.3116
1.31564e+06,981045,804634,543175,386426,305244,759575,447118,728902,5869.92,566.008,119773,30072.6,12940.8,6340.02,6085.26,10.3131
1.31921e+06,960218,824317,539222,459996,349007,790808,433071,747067,8260.97,661.857,54947.8,25428.7,13917.7,7286.25,3959.78,10.3173
1.42356e+06,852384,1.00205e+06,437443,388570,246592,945457,287265,913671,7144.91,-82.383,59573.6,49162.8,22490.6,5518.19,3218.31,10.3189
2.12079e+06,1.5806e+06,805055,454711,380035,301536,756199,383113,712131,8619.86,875.965,23349.8,70155.9,30171.8,6994.4,5911.22,10.3223
1.48465e+06,1.12968e+06,788532,448955,248891,188995,790152,371966,724187,5858.93,-643.724,245088,20656.1,19517.3,4644.22,3572.61,10.3229
1.58097e+06,1.12482e+06,843321,653662,422553,291273,870426,486385,806351,11745.3,2962.45,52861,51443.8,21161.3,9847.97,6476.26,10.3245
1.58095e+06,1.13884e+06,832926,509750,468408,350034,802907,397465,769501,13885.5,2603.45,28899.2,34407.1,17582.6,7885.59,5002.55,10.3286
1.81497e+06,1.39531e+06,780459,390130,248812,196812,758528,324286,721826,13565.6,3002.18,26905,31054,17219.6,7404.97,4529.81,10.3293
1.52855e+06,951734,963642,873773,434581,289691,900092,633335,827783,8392.14,681.924,95946.1,55920,72617.5,8312.32,5150.22,10.3297
1.97539e+06,1.25980e+06,940806,599649,537513,345923,932311,405555,887154,18979.2,3925.99,60033.2,68531.7,19146.3,14095.2,9992.44,10.3307
1.40069e+06,1.06206e+06,791305,534515,500918,391074,768526,433267,740211,10919.5,-528.004,235494,28954.4,12516.9,5908.43,3346.61,10.3318
1.89945e+06,1.41846e+06,803451,552861,393080,289327,815161,434136,764085,9772.33,3127.34,448972,37044.8,16073.5,12135.9,7950.96,10.3341
1.04792e+06,728917,862586,550289,463071,331925,837065,427112,773037,9837.9,1128.05,62527.9,41266.5,26467.6,6867.17,5140.07,10.3344
2.17834e+06,1.46795e+06,890360,829941,578650,393543,882216,623276,798947,17270.5,3362.99,100999,83809,54662.2,9037.29,8625.44,10.3364
1.83407e+06,1.41931e+06,775334,494203,415451,326646,763121,406277,729852,4151.39,413.554,806998,15985.9,6378.03,6990.44,4434.67,10.3386
1.93554e+06,1.56747e+06,740892,325238,218211,163315,801681,256128,761895,13548.6,1292.24,52208.6,25154.2,11971.4,6957.37,3022.67,10.3388
1.62327e+06,1.23078e+06,791342,550086,370612,269733,824398,420111,785629,15365.2,3707.68,27247.5,25861.4,11822.1,12609.2,5639.79,10.3395
1.33514e+06,907477,882762,541581,486875,353048,827436,422679,768783,5726.21,1871.51,215145,25308.3,7631.97,6819.29,5909.91,10.3406
1.55796e+06,1.1571e+06,807861,446735,402122,322279,748648,369963,724508,13991.5,2914.59,23685.1,22646.3,18258.6,5903.78,4212.28,10.3424
1.67271e+06,1.05348e+06,952672,844956,691742,423401,980265,563114,900303,12735,2954.7,34519.5,79419.2,33016.4,13849.3,7382.58,10.3427
2.13876e+06,1.74117e+06,737008,438110,250068,190563,787356,359050,732115,6295.38,471.321,31460.4,62478.4,31300.2,6312.64,8631.36,10.343
2.94024e+06,1.9832e+06,889545,841589,561146,377178,892649,590279,855449,13742.2,1587.05,191951,121258,115377,13823.6,9610.27,10.3435
1.46317e+06,1.18140e+06,743099,429539,280097,222229,756240,353178,729726,3658.9,1476.22,117935,24698.4,8699.02,5925.75,4348.08,10.3446
1.73661e+06,1.23026e+06,846951,509179,287567,211200,816952,401939,760085,10325.6,2615.92,61856.6,37001.5,19701.1,6978.33,3687.94,10.3457
1.54936e+06,1.15112e+06,807574,639508,386709,276887,837978,482362,795470,10501.1,3834.48,32131.6,42000.7,24567.8,8585.24,5819.69,10.3465
2.33127e+06,1.57782e+06,886514,633170,436797,307194,853135,498591,761952,8129.01,3007.91,90054.1,44541.7,46842.5,7997.71,7569.68,10.3469
2.04237e+06,1.44679e+06,846994,684572,425383,288730,883973,513266,800255,15686.7,3926.93,58110.7,48849.9,24867.6,11612.3,9084.77,10.351
1.02566e+06,724611,849278,433506,370634,275554,807031,343079,758146,3622.37,-69.6547,102566,21533,10479.8,4516.32,2984.09,10.3528
1.75079e+06,1.23053e+06,853676,777427,640540,462694,830622,613765,759992,4507.8,497.504,28984.9,60980.2,54968.8,8366.57,5562,10.3535
1.32518e+06,956175,831549,684099,509938,366004,835955,522362,785775,10605.6,2455.94,27742.3,35484.6,24009,8315.88,3887.12,10.3546
1.26483e+06,915605,828849,651468,463779,317331,876900,487123,802428,6954.99,1383.56,54521.2,30058.6,22069,7474.03,6735.09,10.3555
2.07174e+06,1.6735e+06,742780,343456,251079,197138,764172,273599,753196,7726.78,906.075,131367,31992.1,6812.37,6408.95,4184.39,10.3557
1.74536e+06,1.2621e+06,829744,624070,570008,423503,807562,481452,777734,11565.2,3818.24,89405.8,60103.5,33071.6,9450.85,6329.48,10.3572
1.91349e+06,1.34138e+06,855904,604162,556756,395464,844713,452139,801739,13459.3,3542.92,87656.9,56462.1,35104.9,7660.98,4865.84,10.3575
1.35531e+06,975910,833257,442570,231566,163134,851691,349133,760576,12958.9,1956.46,106006,44196.6,10978.3,6836.46,3135.02,10.3608
1.39867e+06,1.0533e+06,796741,396308,236427,178746,793620,325464,730602,6241.67,3595.74,26216.4,22655.8,10394,5247.35,2769.06,10.3668
965236,614921,941814,531408,415832,298681,835336,413284,771491,10044.2,1968.19,50410.6,41861.7,20502.6,8629.56,5828.11,10.3671
1.46039e+06,1.10589e+06,792334,654526,443447,340139,782234,542854,723428,5991.29,848.696,106966,30490.4,27685.9,5877.31,5288.9,10.3675
2.40955e+06,1.72304e+06,839061,465486,322436,231495,835705,347192,804430,7410.16,3209.16,112630,40080.4,32873,8606.93,6849.34,10.3747
2.41197e+06,1.71388e+06,844392,522030,390931,291441,804824,427124,733318,5386.91,38.4254,100263,51341.7,36058.6,7346.49,8913.75,10.376
1.47281e+06,999109,884476,768229,534641,358155,895659,542510,849639,11395.7,1366.1,84849.3,51779.2,33611,11533.4,8196.91,10.3779
2.44786e+06,1.73193e+06,848024,539389,374011,260228,862346,388089,833916,20148.7,2845.95,48765.3,46539.5,41419.2,11596,7489.25,10.3832
1.52691e+06,1.11381e+06,822537,581145,376745,278244,812405,445266,783098,8688.18,161.353,478481,45830.2,33168.9,9107.49,5147.16,10.3834
1.49743e+06,1.10104e+06,816007,845602,727747,573511,761360,700103,724695,13699.6,2381.73,636461,41244.1,25458.1,8390.23,8538.99,10.3858
1.46446e+06,1.06096e+06,828184,476436,291156,211907,824387,385332,741858,4355.73,2706.79,128341,27916,13379.3,4800.01,4433.26,10.3926
957918,591648,971440,765654,499588,318121,942261,528628,869028,9429.34,1805.63,23786.1,39188.9,29278.2,6620.41,7013.09,10.3928
1.65291e+06,1.2299e+06,806362,449409,384794,289260,798162,363911,740966,11112.4,1568.05,93320.9,26247.8,21732.9,6420.3,4773.54,10.3943
1.38866e+06,963248,864984,682288,526597,353529,893727,493917,828830,10464.5,3137.82,199654,42565.9,32448.4,7733.58,7309.18,10.3945
2.02285e+06,1.43052e+06,848438,620564,405375,276545,879513,449793,827799,13856.5,3747.45,47222.2,55452.7,37159.1,11603,8665.31,10.3991
2.6509e+06,1.76304e+06,902159,496820,399177,282352,848254,381645,781072,9456.42,708.549,58989.8,66049.4,37596.5,11079.5,6938.57,10.4032
1.5949e+06,1.13096e+06,846134,511414,296563,221084,804842,415356,738759,10122.2,4800.57,36340.9,51692.1,36165,7301.66,4623.93,10.4042
1.99942e+06,1.24751e+06,961637,858728,452049,285317,950625,597172,862794,26590.6,2106.82,33665.8,46983.4,34511.3,16876.9,8010.93,10.4073
1.59014e+06,1.26054e+06,756885,494746,314122,231068,815662,400133,741872,10751.3,1753.41,120248,29324,16933.5,5426.45,3815.27,10.4087
1.50993e+06,1.15038e+06,787529,386576,238705,172531,830129,297474,779717,5492.7,-456.064,12260.7,39850.1,51411.3,6932.1,4641.15,10.4098
1.71972e+06,1.16853e+06,883021,603036,508507,360776,845688,459957,786643,13103.3,3691.15,27578.3,24816.7,19420.1,10281.5,6445,10.4107
2.39622e+06,1.71258e+06,839512,641856,372694,271123,824778,503770,764463,9643.08,3486.32,32153.2,74643.7,46926.1,8742.91,7201.34,10.4152
1.19929e+06,902571,797247,534744,380580,282573,808102,425368,754279,9457.42,726.77,52236.2,38298,21039.4,7336.16,4812.31,10.4156
1.42192e+06,928840,918512,650449,516670,351389,882219,487525,800511,10456.7,2135.23,59665.4,38054.9,16223.9,7354.58,6141.76,10.4177
1.42739e+06,1.01226e+06,846062,639827,555876,429150,777177,504508,760932,9139.08,1303.64,67530.8,36584.1,22487.6,8147.81,6147.28,10.4206
2.00689e+06,1.56267e+06,770560,341316,208646,150325,832780,264455,774384,17236.1,1868.65,27946.1,25332.4,11480.3,5474.73,4433.68,10.4225
1.47711e+06,1.01151e+06,876178,477125,379096,258267,880708,356200,803692,6368.11,780.131,38883,39754.5,8165.59,7147.69,5123.52,10.4257
2.00469e+06,1.29348e+06,929908,780189,401525,261313,921941,560066,835818,9109.21,1598.33,110823,30394.8,26706.3,9098.91,5329.95,10.4279
1.34628e+06,1.00286e+06,805467,425155,200884,143512,839862,341868,746174,5880,2296.8,65811.7,15350.3,17666.1,5591.17,2811.07,10.4285
1.13974e+06,731877,934370,564458,464394,299660,929842,407069,831983,13640.8,2416.58,101751,63753.5,22983.9,7097.41,5769.31,10.4289
825112,534015,927066,561587,265074,182489,871527,433866,776628,6043.53,483.191,38416.5,17909.9,19344.3,3986.12,2938.09,10.442
1.33405e+06,951215,841482,460673,222881,156790,852916,361317,764990,12223.3,2096.84,114712,27581.9,15565.4,5565.95,2856.67,10.4434
2.33981e+06,1.6526e+06,849499,376909,272244,207648,786650,316339,714884,11570.3,3153.55,31384.2,27070.8,9815.24,5176.73,3475.11,10.4448
1.81924e+06,1.36742e+06,798250,510288,425652,317916,803330,410423,745993,4596.17,5227.48,246987,35872.9,14894.8,8079.94,3368.04,10.4478
1.41982e+06,930038,915972,674901,326873,215266,911076,493711,820198,12597.6,2352.49,56133.9,46672.4,37271.3,6938.72,5401.94,10.4482
1.33668e+06,736912,1.08834e+06,580339,502060,291971,1.03173e+06,374336,930190,8757.74,1998.54,17844.5,17262.3,4070.44,847.284,2078.35,10.4486
1.09028e+06,745257,877774,684268,349228,235290,890547,521285,787594,6072.47,3504.23,243175,32022.3,29336.2,7240.13,4452.19,10.4518
1.84061e+06,1.36995e+06,806139,385513,316754,231659,820398,312792,739493,12525.3,2270.54,36186,51574,12260.5,8166.23,3799.35,10.4519
2.60972e+06,1.80575e+06,867137,577470,372684,267029,837402,428370,808838,10610.2,2008.4,276610,75859.6,35152,10675.4,7540.11,10.4577
1.69958e+06,1.11044e+06,918333,801171,440134,284226,929120,582922,824643,12292.3,2510.2,78644.8,44670.2,33702.9,9495.53,7268.26,10.459
2.26446e+06,1.7084e+06,795290,404807,259996,188687,826752,309362,785112,9342.76,3109.39,272379,32959.6,10371.5,5690.74,7001.03,10.4684
1.6849e+06,1.12334e+06,899937,630914,574694,389096,886198,460983,821177,20832.3,997.292,93328.2,71588.5,35833.5,10337.9,11365,10.4684
1.84373e+06,1.28264e+06,862472,538037,426192,287065,890792,398933,809215,11238.3,2319.16,62517.5,47208.9,40976.7,8301.81,7270.79,10.4727
1.78314e+06,1.38584e+06,772008,449885,283134,214646,791444,354796,760806,11020.9,3895.2,87210.4,48556.8,18477.9,7092.33,5755.19,10.4742
1.59824e+06,1.08669e+06,882447,475108,226887,162574,837354,384877,740665,4522.66,2963.65,31087,45471.5,38843,6431.09,4922.68,10.4764
1.13061e+06,739495,917336,649204,539920,373452,867453,495603,785957,5398.81,1284.7,194980,24606.7,17750.2,8616.62,5603.54,10.4813
2.40555e+06,1.39292e+06,1.03619e+06,1.08686e+06,665030,421142,947467,751194,868107,12625.6,4068.15,103070,79872.6,71371.8,15004.1,11346.9,10.49
1.38751e+06,989424,841407,703079,560313,409808,820354,540527,780437,8019.2,4076.86,177644,37861.9,25130.2,7909.97,5035.72,10.4905
1.8709e+06,1.17834e+06,952643,1.1378e+06,1.0049e+06,670611,899088,822655,829849,17939.2,3576.66,171087,105756,32657.2,12103.4,8537.46,10.4905
1.49147e+06,1.10366e+06,810832,527037,397343,300640,792995,415387,761272,12539.9,1399.11,49731.5,38553.3,26426.5,5630.27,5164.47,10.4914
1.6024e+06,1.14214e+06,841792,569999,404576,286140,848346,453362,754362,12508.9,169.418,82854.3,58502.8,42891.7,6155.56,3763.63,10.4928
2.09746e+06,1.49456e+06,842034,465539,382653,272971,841084,359294,777423,25336.2,3256.23,74168.6,38393.4,13554.3,8875.64,5341.06,10.4961
1.7752e+06,1.30456e+06,816460,494884,409968,284504,864595,363670,816482,16828,1889.56,107070,35503.8,20837.8,8203.8,6644.19,10.5004
1.66939e+06,1.20362e+06,832184,466735,361830,261869,829033,359498,778977,10391.1,3279.45,61559.3,40402.6,10702.3,8106.43,3885.31,10.5059
975093,621587,941230,839437,649451,420055,927666,590016,853642,11472.6,2104.79,93981,34730.6,25496.1,8760.83,6917.11,10.5063
1.53379e+06,1.1525e+06,798506,576547,364745,257046,851393,431243,802165,10236.5,2293,96710.8,24137.4,13747.1,9781.19,7469.73,10.5099
1.89486e+06,1.34605e+06,844634,585144,468970,360635,780240,469884,747177,9502.08,2944.82,66611.5,40141.9,9220.04,5690.53,6625.52,10.5184
1.1946e+06,857680,835697,446083,219879,158040,834771,360615,742203,7035.48,343.052,59017.1,22646.3,15817,7174.49,5094.76,10.5207
1.42666e+06,933086,917383,828628,652595,450443,869270,636569,781026,5325.92,2117.34,83728.8,69230.8,41904.9,7755.28,5659.99,10.5217
1.99446e+06,1.49988e+06,797844,443975,388416,300782,774813,371321,717398,8211.65,28.8253,71299.2,61019,19687.4,6171.45,8359.76,10.5273
1.55017e+06,1.17386e+06,792348,475630,260895,182008,860056,368288,774878,11090.1,2679.46,17601,29413,15167.1,5931.64,4946.04,10.5274
1.83348e+06,1.28266e+06,857667,610712,348784,246589,848660,461497,793997,14091.3,4079.89,107654,42641.4,16567.2,8592.76,5244.09,10.5287
1.58434e+06,1.15031e+06,826393,574638,496726,364139,818466,452382,762150,8366.7,2510.31,58302.8,31496.7,12964.5,8905.29,4901.79,10.5352
1.24849e+06,861568,869457,662198,539896,373403,867529,509274,780167,11156.8,1217.84,122857,28228,17710.7,9153.07,5843.54,10.5361
1.85429e+06,1.44076e+06,772216,371405,234980,171907,820143,286076,778964,17185.1,2189.16,187294,28235.7,12681.5,8190.49,5652.73,10.5368
1.97329e+06,1.52547e+06,776134,463834,334551,274715,730687,389279,714913,14986,170.89,38058.5,59507.6,24769.4,6516.81,4175.94,10.5372
2.26286e+06,1.45429e+06,933596,731482,477432,297432,963108,476893,920309,13127,1436.03,52697.4,33401.2,23413.6,7896.33,4960.24,10.5405
2.11102e+06,1.61543e+06,784071,376607,283662,214368,793949,294042,768475,15295.3,2533.56,57349.6,29072.5,13178.4,7717.82,4462.21,10.5408
2.15608e+06,1.59592e+06,810599,414237,317516,225494,844854,332935,746520,7465.94,228.897,129013,40926.5,16191.1,6404.35,3917.91,10.541
2.25245e+06,1.60044e+06,844439,560831,504894,390827,775117,454991,739572,6980.6,-127.368,54920,37724.1,16426.5,6652.28,4520.52,10.5414
2.19499e+06,1.4256e+06,923817,883525,453822,286819,949355,628087,844015,12521.1,4211.61,72060.4,77873.6,21501.4,10445.5,7709.61,10.5419
2.10712e+06,1.51102e+06,836698,613384,433489,298286,871959,458729,802283,18871.1,2623.14,235310,73747,24327.1,9600.02,6727.92,10.5419
1.44583e+06,1.13314e+06,765567,374293,249161,190021,786737,297152,755760,8850.36,784.574,53940.8,38119.6,18110.7,6193.06,8499.14,10.5453
1.20537e+06,811097,891662,540564,302636,213234,851562,432152,750520,7787.46,1218.69,26394.8,29704.7,21866.6,7189.68,3072.69,10.5455
1.89189e+06,1.28192e+06,885492,514804,359509,257848,836561,411992,749729,8176.67,372.102,54166.1,37075.1,40624,6549.09,4876.1,10.547
1.4342e+06,1.05927e+06,812370,663257,548049,403117,815717,524515,758709,7588.53,803.798,74506.9,40018.8,22836.7,6420.35,5432.36,10.5472
2.04093e+06,1.57604e+06,776986,355531,265564,203884,781516,273640,779558,7664.37,-59.7949,87962,23440,11012.9,6554.54,3289.38,10.5473
1.53066e+06,1.19953e+06,765627,463163,358304,272224,789725,380909,729564,5872.72,2489.4,109918,27218.4,9479.52,5056.31,3372.39,10.5478
1.04436e+06,725533,863661,658365,347967,238858,874078,513454,769337,9290.23,2834.85,54219.7,28856.8,14981.3,6638.32,4614.47,10.5491
1.37465e+06,975647,845374,486515,268768,194197,830397,400154,729492,6653.77,-73.7263,13970.2,27167.1,31177.7,5058.25,5541.26,10.5491
1.99666e+06,1.46192e+06,819469,378598,276254,202961,816671,282251,804812,15630.3,2557.47,30219.6,40781.3,19902.8,7312.06,3781.08,10.5494
2.26137e+06,1.7292e+06,784650,488433,347694,266429,783009,384830,761531,10498.4,3067.64,35022.4,42522.6,19735.3,5625.35,8927.39,10.5495
2.15152e+06,1.26149e+06,1.02332e+06,1.0868e+06,881698,532348,993746,704562,925514,19519,3368.79,83953.3,61093.5,20655.8,14390.7,8393.95,10.5559
2.11686e+06,1.42826e+06,889270,440348,360694,269178,803989,346839,761761,6182.11,1679.35,31536.8,37276.2,24188.3,9731.43,6724.38,10.558
2.21123e+06,1.74005e+06,762471,333923,210332,157323,802166,269748,742745,10288.4,851.679,60266.8,28678,16482.7,7885.37,3607.01,10.5585
1.24237e+06,933550,798481,435807,345669,260521,796103,336719,776565,7926.42,94.8835,53954.4,24983.5,13469.4,5967.82,4468.15,10.5602
1.60079e+06,1.07787e+06,891089,233533,121988,82314,889192,175632,797802,23097.2,1255.87,69405.1,27201,16150.3,10442.2,1590.52,10.5614
1.99097e+06,1.43857e+06,830398,623240,527620,401253,788958,505495,739758,9444.65,496.331,53222.9,58162.9,48694.1,6894.14,4859.74,10.5617
2.21665e+06,1.67899e+06,792136,475714,384182,281754,818122,363113,786060,26321.8,861.235,32071.9,29160,20115.1,8717.9,7493.09,10.5623
2.63621e+06,1.9521e+06,810272,461650,285724,201194,852085,344325,804444,12886.2,1210.15,224163,28842.8,14177.2,7692.44,4955.57,10.5635
1.33996e+06,911135,882389,593417,515760,372678,830357,447269,796054,11909.7,2916.9,19666.2,30640.7,15060.6,6722.16,5518.14,10.5635
1.84095e+06,1.0693e+06,1.03298e+06,846732,703021,460142,916700,606636,837469,22228.1,3025.24,79503,93063.2,89065.5,13733.5,8260.96,10.566
1.73528e+06,1.22694e+06,848585,625843,482717,328993,880353,473293,793390,19658.3,2072.15,70726.8,61760.5,30010.3,8297.76,4460.35,10.5681
1.81469e+06,1.39417e+06,780974,330836,208481,158670,788356,262043,757515,9249.06,803.153,107637,23878,13953.1,7012.22,3768.8,10.5698
1.16875e+06,823109,851949,578827,300786,205065,880069,438061,792804,3535.04,1922.77,35312.1,15569,15353.8,4126.85,6655,10.5698
2.24238e+06,1.66996e+06,805662,434201,282714,214768,789823,346641,751557,6047.59,2238.36,63835.5,39179.6,28670.6,4731.27,4762.35,10.5711
2.02417e+06,1.50871e+06,804992,379693,299481,214427,837995,286254,795852,29182.8,3425.76,15466.7,43318.8,26934.8,8652.04,7456.92,10.5719
2.32975e+06,1.6719e+06,836083,489814,367546,257277,857159,374008,785781,8019.07,2369.79,30222.1,38475.2,31532.6,7128.07,6542.14,10.5722
1.86684e+06,1.21845e+06,919281,722132,593466,413720,860677,506368,855661,15624.8,5270.35,66034.9,65951.9,31794.8,9103.76,7461.43,10.5769
1.34324e+06,722549,1.11542e+06,1.29752e+06,871717,520894,1.0041e+06,852955,912726,7550.53,3167.63,65697.6,112089,109034,20256.1,9541.66,10.5771
1.39094e+06,978594,852818,453826,378416,280589,809190,372365,731259,9657.88,-107.043,59230.5,31072.2,19012.2,7107.15,3755.89,10.5808
952255,623259,916718,460113,291305,197451,885198,345269,799572,8616.36,797.931,95076.4,37470.9,15060.2,6844.15,4029.36,10.5826
1.89147e+06,1.33693e+06,848875,498073,448134,318630,843865,382504,781282,14986.8,3650.35,21482.2,63238.7,23185.4,8191.44,5092.37,10.5918
2.16749e+06,1.38155e+06,941332,598810,494046,351928,842296,472888,759770,4203.43,4460.75,508159,21532.7,29148.5,8628.94,7151.65,10.5946
1.75013e+06,1.02403e+06,1.02544e+06,890298,480934,284132,1.01558e+06,605046,882873,10052.8,2543.86,59937.3,42924.5,20287.8,6529.5,4877.58,10.5982
1.10263e+06,729870,906434,751625,594369,392361,908912,563847,799818,11558.5,274.431,100945,42152.9,42711.2,7838.58,5644.38,10.5984
2.02738e+06,1.42272e+06,855004,659982,542564,389574,835627,518425,763831,7889.25,880.377,122157,33716.7,31282.8,6716.39,5371.27,10.5999
921977,633067,873819,752074,674942,479653,844288,569866,791843,13511.3,3326.88,39306.9,42355.8,28421.4,9340.62,5551.86,10.6007
1.99376e+06,1.23784e+06,966401,609562,520629,342417,912272,439709,831770,9994.14,447.957,267551,33019.8,34826.9,7947.84,8525.94,10.6059
1.53784e+06,1.194e+06,772785,555247,337255,246336,821450,427367,779537,6062.14,1779.43,156753,27752.2,13242.5,7603.49,4983.68,10.6076
1.46884e+06,1.11078e+06,793410,442709,397499,304713,782701,359922,738008,7761.68,-222.41,115917,27987.1,13943.8,5116.78,4880.64,10.6078
2.09235e+06,1.78442e+06,703540,244940,161088,131416,735470,205792,714137,3082.33,741.518,93482.9,17684.5,11387,3641.54,3117.15,10.6086
1.2316e+06,940775,785482,572975,406473,305713,797754,467152,735917,7019.74,168.217,27914.4,33825,21835.4,4494.61,3596.98,10.6092
1.87425e+06,1.44757e+06,776857,379925,201805,147073,823284,298094,764708,11238.5,1347.41,48603.6,23189.3,18209.2,8919.01,3774.15,10.6101
1.42433e+06,1.01121e+06,845124,490994,374406,249383,900797,343438,857786,12897.8,1131.24,61296.6,27115.5,26770.2,8420.22,5737.85,10.6134
1.38787e+06,1.0041e+06,829319,568145,458244,346414,793692,459789,741399,6049.88,-51.0674,103484,29672,12957.7,6721.11,6578.84,10.6173
2.58373e+06,1.79465e+06,863811,875387,728795,514006,850723,667651,786687,17111.7,2420.66,65241.2,66553,34056.9,8075.42,12983.9,10.6183
1.99195e+06,1.51391e+06,789459,531861,331776,227053,876735,390051,818141,9692.19,1861.8,406000,29414.2,28859.3,8913.51,5515.53,10.6266
1.84219e+06,1.27432e+06,867376,807189,642600,449805,857171,620878,780046,11147.9,5458.79,240368,51879.7,24317.2,15457.5,4725.42,10.629
1.30279e+06,821740,951245,1.0724e+06,599701,367266,979727,718398,895660,14158.9,3609.23,90077,57414.4,47300.2,11112.7,8569.1,10.6312
1.94475e+06,1.4209e+06,821208,387846,354017,264231,803881,307183,757553,15315.3,992.211,23123,37770.4,13949.2,8847.58,4347.55,10.6316
1.15356e+06,706640,979476,1.04252e+06,913310,592504,924864,718957,870029,11374.6,2740.95,116544,78696.6,49531.3,12307.1,7923.49,10.6385
1.89833e+06,1.43345e+06,794584,481962,391205,299332,784156,396279,729732,6093.15,3475.15,92567.4,39238.4,8828.52,6365.54,3702.7,10.6428
2.20145e+06,1.59425e+06,828522,566568,502223,363164,829746,445749,762628,7743.35,4054.89,113126,69282.1,15831.2,6056.48,5338.96,10.6472
1.4108e+06,1.01727e+06,832111,527045,402375,285638,845212,412377,766840,9108.24,2523.19,42113.8,42500.7,15266.8,7653.8,5254.12,10.6487
1.9476e+06,1.46880e+06,795587,476279,356673,267072,801297,385081,742096,8168.09,1821.21,50165.5,51504.5,21069,6277.02,5923.05,10.649
1.52808e+06,986633,929268,716467,586002,394699,890809,530111,810925,10096.5,1385.99,99205.7,45028.1,24662.4,7027.88,7614.6,10.6519
1.90156e+06,1.4928e+06,764292,414713,312665,246996,759522,340671,730404,3698.13,1205.14,211239,23037.6,18932.3,4644.52,5082.83,10.6526
888567,594263,897145,651777,396720,286912,829634,494514,790809,9844.18,401.212,10080.1,44727.6,43711,5464.81,4578.09,10.656
2.05386e+06,1.26808e+06,971797,934554,710277,457469,931574,680394,824129,29048.6,4386.07,102048,43628,24101.4,11643.4,10261.6,10.6574
1.80662e+06,1.30761e+06,828973,599603,415903,284531,877028,442121,813718,24712.2,3133.05,161427,31524.2,19046.1,7405.8,8238.39,10.6582
1.27144e+06,918381,830664,557363,329221,222852,886385,405226,825263,15410.6,587.421,248416,29411.9,12470,7008.89,3730.42,10.6611
2.37743e+06,1.58799e+06,898280,822535,673513,454661,888812,584180,844810,14332.8,2342.76,57596.9,140895,55951.1,15268,10470.1,10.6622
1.30964e+06,950001,827138,603790,432114,292958,885002,437109,828796,7102.14,839.222,409265,44238.7,23022.4,9729.16,7734.1,10.6628
1.69184e+06,1.26924e+06,799774,478336,423915,326122,779920,378332,758597,13742,1659.39,28876.4,44399.7,18534.6,6950.61,5999.48,10.6665
2.15993e+06,1.42046e+06,912348,572888,331844,194389,1.02427e+06,369563,930106,11935.3,2366.3,40247.6,36356.6,24700.1,9921.18,7851.71,10.6711
1.17529e+06,859879,820087,585541,479045,362424,793068,460044,763676,8623.49,3133.33,111858,44917.9,36563.4,6378.91,5241.69,10.6715
1.69867e+06,1.12477e+06,906140,600246,443347,310632,856344,454282,792785,9838.55,2724.66,43147.3,47404.6,41293,9976.1,4673.64,10.6718
1.73928e+06,1.31869e+06,791368,408396,268734,197849,814967,327302,748658,14278.8,4358.03,23354.7,31711.7,16023.5,7967.52,4474.52,10.675
1.07048e+06,629998,1.0195e+06,893085,568114,246659,1.38194e+06,465165,1.15196e+06,9375.54,1860.32,108714,49883,37215.8,6275.57,5029.39,10.6773
1.17354e+06,831627,846686,492880,404822,287659,844379,382064,774027,8299.19,71.7999,119361,28200.7,21911.3,4896.99,3298.42,10.6784
1.69041e+06,1.21068e+06,837746,470347,347429,250502,832159,358729,786689,13281.1,1473.81,30387.6,40747.9,17022.3,6950.5,9701.74,10.681
1.47306e+06,1.10718e+06,798272,378711,320272,243013,790753,305349,744154,14865.2,-250.659,59035.8,50970.3,23070.6,8593.17,3041.34,10.6821
2.03511e+06,1.43689e+06,849795,588657,485873,350622,831447,458586,770181,9102.66,3064.18,33532.5,32409.5,14998.4,6780.49,7697.44,10.6856
1.63727e+06,1.16853e+06,840679,484934,404490,310674,781185,391314,743548,8347.18,-254.173,33308.3,64810.6,23146.5,5815.38,4758.26,10.6859
1.32962e+06,997325,799913,505897,358078,255192,841904,372436,815007,8700.46,1653.4,105458,39226.9,17683.3,8261.46,8581.1,10.6888
2.43562e+06,1.67168e+06,874196,561203,363391,249808,872809,419410,802846,11353.8,-381.005,126804,64930,39885,7511.54,4775.8,10.6889
1.71964e+06,1.10887e+06,930481,1.03791e+06,614426,397716,926932,725590,858264,13181,2983.96,102561,33483.6,35825.3,10671.3,6239.74,10.6904
2.18276e+06,1.70004e+06,770368,411996,364694,271705,805346,323943,763090,5950.43,1747.44,56500.7,39144.7,15326.3,4363.73,4538.16,10.6905
1.75866e+06,1.338e+06,788637,441000,367255,272910,807420,346729,763132,15133.9,-480.02,106697,43218.1,22702.9,7382.6,6750.63,10.6934
1.6663e+06,1.21402e+06,823525,631482,348607,247193,846157,490930,771778,10168.9,3561.32,24265.2,42035.4,36440.4,9126.56,4645.85,10.6938
1.61133e+06,1.09008e+06,886904,730300,543968,366491,890557,556986,786699,10136.8,2010.62,10392.8,42715.4,60750.7,7183.38,5728.43,10.6958
1.69754e+06,1.24199e+06,820074,581436,500801,387901,774632,488724,713822,5474.63,279.428,102611,24825.2,14901.6,5056.62,5810.84,10.6971
2.29459e+06,1.60064e+06,860129,508050,429918,323878,796445,405551,751644,6989.84,118.539,52953,31549.7,15409.2,6621.02,5235.77,10.6975
1.96551e+06,1.43882e+06,819634,458495,313307,248419,756721,370444,742614,7859.14,911.618,58277.6,29775.1,16926.6,7543.19,7339.26,10.7016
1.74788e+06,1.07939e+06,971592,867678,515500,303199,1.02012e+06,568240,916175,18987.6,4229.13,238767,37603.6,16628,13228.4,5964.21,10.7017
2.06782e+06,1.60421e+06,773398,366277,302676,234748,773618,312246,703823,4124.45,-548.517,61833.3,31148.8,39588.6,7013.98,7897.34,10.7033
1.63264e+06,1.13003e+06,866864,565266,384377,255187,903753,439625,771475,5124.68,1094.28,107987,42368.6,35580.5,7627.41,4025.91,10.7054
1.48339e+06,1.0066e+06,884197,763211,531009,379651,839206,599265,764147,6340.06,2674.67,32222.4,31766.7,6544.7,5748.47,3445.74,10.7084
1.34255e+06,951830,846294,523162,433289,335117,775769,409278,766954,8552.74,1461,51454.9,35006.6,7985.7,6448.5,4710.54,10.7087
1.61942e+06,1.16369e+06,834973,530861,451803,317455,853921,406310,783924,12486.6,4075.68,52059.1,39287.1,24721.7,7684.44,4763.73,10.7089
1.14446e+06,753564,911237,631025,459486,323232,852921,460949,821382,12221.2,654.515,52496.8,35959,22912.6,9277.68,6184.22,10.7162
1.41566e+06,950832,893320,553447,402216,293344,822685,408706,812487,10264.2,461.465,51034,30143.2,25951.4,6157.19,6277.08,10.7191
1.30289e+06,868842,899744,647599,395261,276336,858219,497446,781108,13982.8,2908.74,70775.5,36755.5,17706.4,9225.15,4747.79,10.72
1.73485e+06,1.2713e+06,818775,494453,465905,350589,797352,383417,773758,10871.4,4627.97,22389.6,52557.1,34644.1,7568.54,5044.42,10.7212
1.52801e+06,1.16683e+06,785725,411744,237754,192951,739320,375519,657881,3877.71,2037.56,1.90178e+06,24839.3,3671.92,4327.13,1442.82,10.7215
1.727e+06,1.33655e+06,775282,520306,356758,265907,804998,406725,767554,12225.1,2092,167953,29938.3,19332.2,6661.77,5079.08,10.7232
1.61913e+06,1.19991e+06,809630,637919,487831,348974,838740,485611,788185,8352.22,3743.06,82882.1,41481.5,18371.2,7587.76,9025.27,10.7236
1.99245e+06,1.40709e+06,849606,541558,430325,306666,841942,435005,746967,6945.28,3025.38,24106.1,28349.1,25399.4,5002.85,9741.5,10.7254
1.64794e+06,1.21104e+06,816463,516667,326014,239935,815256,412855,750869,7359.77,1304.15,45771.4,30145.7,13507.9,6818.6,4021.12,10.7267
1.87531e+06,1.45777e+06,771855,426485,259898,199604,781241,346373,738772,6037.47,2766.56,100312,34437.9,17481.6,5502.79,4738.47,10.7271
1.66297e+06,1.14985e+06,867747,629324,345244,252894,819103,505311,747252,6717.76,521.171,70897.6,74511,67341.2,7121.83,6537.18,10.7287
1.47187e+06,1.01598e+06,869234,519420,356250,234858,910123,371436,839047,8103.22,3284.62,27108.6,34156.7,31080.1,7819.65,6261.86,10.7361
1.37415e+06,982238,839400,517644,275003,197036,837419,392790,790719,7546.92,1603.09,54085.3,27351.8,19378.9,5606.33,3754.01,10.7369
917575,586309,939001,723891,494935,339133,875647,510888,850156,8842.62,2813.52,106847,52343.5,17663.1,8758.84,6648.71,10.7371
1.66729e+06,1.30449e+06,766870,409499,319000,243815,785022,334565,734384,6322.85,15.854,59072.2,20983.5,8149.63,5870.63,3845.36,10.7407
1.89401e+06,1.36949e+06,829802,487274,377906,270082,839537,381565,766225,6535.45,3133,158488,43270.5,13007.9,7770.7,4641.88,10.7447
1.53928e+06,1.14869e+06,804021,646268,548546,393025,837421,511103,758674,7059.04,641.826,191013,47744.3,21521.6,10398.6,5441.14,10.7474
1.60147e+06,1.17709e+06,816323,795636,799800,578966,828857,573646,832188,11898.8,1724.14,418306,36861.8,18268.9,11078.5,4629.35,10.7493
1.09533e+06,731468,898461,730924,437160,300742,872164,568758,771074,6253.61,1902.03,128428,46015.5,20934.6,7533.27,6520.13,10.7506
1.13774e+06,684813,996833,837632,687038,449062,917964,592890,847677,11867.2,759.232,57390.5,52263.6,41986.4,9279.12,7953.25,10.7532
1.41869e+06,986353,862989,597966,406555,284740,856688,473477,757754,3419.1,1436.4,247632,32722.9,21375,8698.19,4074.04,10.7533
1.97436e+06,1.23938e+06,955817,849800,715418,462066,928982,600352,849302,8475.57,-269.288,108788,89910.2,47532.1,7782.97,7142.88,10.762
1.08626e+06,751390,867404,597867,318394,231049,826822,471387,760988,7148.43,2093.47,22660.8,21104.3,12101.8,4798.13,4167.8,10.763
1.73757e+06,1.10002e+06,947744,813404,694584,477064,873573,595477,819583,9756.82,2011.87,99318.7,59858.7,19972.7,14797.1,11253,10.763
2.00296e+06,1.4299e+06,840460,494100,311954,224044,835428,389708,760723,7871.48,2666.73,24369.7,41372.3,32103.6,7341.86,6239.55,10.7648
2.12728e+06,1.45928e+06,874659,684252,407369,278348,878115,488489,840452,9723.95,799.116,108027,39084.1,46317.6,8905.92,7861.19,10.7698
1.69811e+06,1.23314e+06,826239,400101,324778,242242,804429,309162,776488,9228.1,2873.47,417386,19989.4,11383.3,7087.43,4697.8,10.775
1.25853e+06,906507,832995,801474,414499,300836,826695,634423,757987,6471.19,2626.13,217334,31279.6,23615.4,7147.61,4634.7,10.776
1.26815e+06,860881,883851,678149,360210,241251,895854,515679,789036,6514.81,2675.23,138552,23029.4,16056.2,7034.69,4697.21,10.7767
1.8515e+06,1.46748e+06,757010,349498,233309,184470,758852,282193,743104,9102.46,413.486,55392.9,32520,24805.8,4967.08,4935.97,10.7794
2.0623e+06,1.42538e+06,868101,535028,449260,327763,822411,416336,771053,10061,3038.22,40371.1,60537.8,15555.4,7510,4797.31,10.7817
1.7668e+06,1.2337e+06,859271,739448,474996,322233,884445,562026,789410,10917.2,2658.73,55294.8,30631.8,19404.1,7013.6,3180.19,10.7823
2.01081e+06,1.38437e+06,871508,615423,386545,270429,857627,471608,782968,19491.7,3842.91,68240.1,38146.8,26994,9927.59,7162.16,10.7826
1.51329e+06,1.12941e+06,803939,511868,411161,314081,785456,440612,697033,6027.68,75.5389,114331,17818.7,11709.9,5048.91,4363.6,10.785
1.66826e+06,1.20904e+06,827890,476054,446904,327775,818068,362793,787316,10903.8,1429.3,113640,28472.5,8765.49,11342.9,4182.62,10.7872
1.75019e+06,1.34673e+06,779754,662830,439783,340135,775780,527207,754349,9083.68,288.766,226129,55731.1,22567.6,7596.56,4375.49,10.7905
1.34223e+06,896395,898418,787351,581407,404893,861572,585899,806300,13276.3,2852.82,58322.8,27904.2,33100.4,7014.5,6001.54,10.7918
1.37408e+06,1.04731e+06,787208,385334,187718,140048,804228,315343,733171,8401.34,2437.37,29671.6,20694.5,8136.69,4529.63,2705.35,10.7943
1.9385e+06,1.36856e+06,849867,486806,407656,272053,899066,362489,805772,17703.1,1474.17,88454.4,30365.4,27919.1,7237.78,6049.12,10.7955
1.17384e+06,875838,804151,559204,375388,267088,843290,433630,773752,7902.81,1011.8,46366.2,32798.5,16725.4,6804.67,4903.97,10.7958
2.4615e+06,1.60875e+06,918041,974473,813635,586705,832072,758063,771286,9572.14,-445.454,109987,110672,49343,10037.1,8147.54,10.7968
1.2913e+06,681010,1.13769e+06,586861,351534,244239,863583,438667,802697,7050.01,2357.65,18749,15458.1,8261.08,1719.46,1496.25,10.7985
2.48717e+06,1.73548e+06,859880,844369,653085,457907,855744,597569,847804,8322.02,2494.97,55256.9,60747.1,32350.1,9534.25,13409.7,10.7999
1.7955e+06,1.29118e+06,834351,569283,408100,281218,870712,451722,756150,19246.7,-761.925,341280,61906.5,23073.2,8150.17,5538.71,10.8
1.8474e+06,1.29972e+06,852829,519251,433136,317031,819735,415928,749049,22659.9,2887.57,53526.1,26742.3,15605.3,9965.15,10701.7,10.8021
1.50677e+06,1.09658e+06,824438,576333,474393,331780,857906,436841,791592,8512.19,2412.23,407015,34755.7,32905.8,9084.57,6667.44,10.8053
1.34332e+06,1.02639e+06,785270,360140,256072,203683,754324,298570,723731,12493.8,253.153,85303.5,26989.8,8627.54,7085.23,6064.73,10.8093
1.82488e+06,1.23287e+06,888109,655574,510768,364210,841440,511875,768439,6941.55,2849.1,49634.8,25720.3,9938.77,5476.21,5015.41,10.81
2.24561e+06,1.48182e+06,909263,672848,392119,275979,852498,496340,813372,13594.2,4362.96,30109.9,97044.8,30240.4,10207.3,6421.74,10.8105
1.71506e+06,1.15611e+06,890084,719878,569113,398081,857784,555541,777489,14874.1,3717.6,33125.2,31488.6,12344.6,8441.61,7683.48,10.811
1.62727e+06,1.24628e+06,783424,467535,377234,289765,781116,377315,743466,7667.36,1870.66,68749.9,39325.9,13773,6163.05,3692.77,10.8151
1.41851e+06,978808,869535,620791,421795,284723,888853,446844,833568,10898.9,3243.64,66180.7,32012.7,19638.5,8408.09,5622.65,10.8171
1.28036e+06,792728,969083,795184,408274,271120,903528,576674,827349,7063.87,1242.45,38544.9,58540.9,60581.7,7867.42,6869.42,10.8175
1.50187e+06,1.05035e+06,857927,456352,245411,174926,841766,351428,779138,12116.3,532.286,41847.8,83643.7,38743.2,6601.24,3835.3,10.8195
1.05419e+06,718639,880151,735885,482119,341870,846144,570647,773738,9241.6,2272.09,98816.7,35669.9,30865.6,6973.52,3876.01,10.8215
2.103e+06,1.33802e+06,943035,689772,395148,267436,886525,508735,813514,17956.1,3113.19,60702.4,61923.2,63586.9,11273.1,9032.2,10.8216
1.03701e+06,733573,848186,707181,437183,320696,817938,541126,784122,8341.6,1734.7,208316,29974.2,21625.5,8693.74,6518.03,10.8245
1.79093e+06,1.34078e+06,801444,410006,285876,211335,811629,340971,721480,10747.5,144.148,131575,28063.6,11533.4,8469.13,3175.47,10.8255
2.08036e+06,1.44151e+06,865907,471651,358712,248672,865505,364691,775974,19663.2,3310.6,46461.5,43596.1,18104.8,7413.17,3677.93,10.8299
1.90701e+06,1.51363e+06,755936,305952,192404,144872,796856,244064,752144,14184.7,1765.97,72916.3,24647.2,15078.5,5345.25,2980.32,10.8299
1.40767e+06,914858,923209,600205,303711,202287,900831,456726,788488,12985.9,1245.21,62293.4,36882.3,40970.1,8474.11,5874.92,10.8299
2.24113e+06,1.68634e+06,797397,322121,248354,186837,797553,274476,704151,9067.51,1613.08,12195.7,20461,6982.08,6577.26,2095.3,10.8344
2.08571e+06,1.37324e+06,911297,823074,717595,478643,899537,574637,859402,16590.6,3393.73,46408.3,76193.3,24840.6,11098.7,8144.89,10.8375
1.55513e+06,1.1763e+06,793232,493282,427073,309955,826712,390103,758694,5466.6,596.913,111284,51475.3,19851.8,4215.85,4484.71,10.8381
1.73341e+06,1.26449e+06,822502,653857,487741,352718,829684,490356,800059,13031.4,2192.46,24326.3,59042.1,25104.7,7900.06,6266.52,10.841
1.39188e+06,1.04357e+06,800261,446029,242682,177156,821926,370059,723176,9075.03,2138.53,80958.3,38863.8,14273,5570.28,3291.97,10.8411
2.03057e+06,1.50344e+06,810372,445037,418144,313537,800181,351651,759339,10084.8,1987.41,63143.7,27463.7,18551.4,7562.28,4962.9,10.8425
2.47119e+06,1.57878e+06,939153,696076,570423,373908,915342,509760,819299,9309.58,3874.63,59835.1,46787.9,50165.8,9368.97,7826.19,10.8499
1.82665e+06,1.33e+06,824050,512158,416758,298650,837283,375778,817756,12628.1,2143.35,207822,36314.5,17821.5,10021,7547.54,10.8527
1.79927e+06,1.35082e+06,799191,420899,346391,258134,805143,331364,762121,12218.5,2098.24,24212,47705.1,30664.3,8264.57,3861.86,10.8569
1.87472e+06,1.17662e+06,955986,645349,333723,210034,953339,442322,875401,17054.2,4732.12,144280,32929.4,33962.8,10585.2,5880.57,10.8603
1.30239e+06,935218,835565,431324,371246,268456,829735,340743,759500,9453.13,1174.07,52170.7,28458.4,18654.9,7715.65,4999.29,10.8605
1.26902e+06,874492,870690,575521,559676,462645,725839,491837,702088,9192.7,-15.4771,51040.5,23579.1,12150.8,5627.03,2855.22,10.8636
1.76414e+06,1.37139e+06,771832,596598,388006,296424,785373,474780,753947,4372.87,72.7401,109024,78881.6,50074.8,8770.88,11598.5,10.8653
1.3859e+06,1.00362e+06,828542,470914,327273,247668,792852,372520,758478,10299.6,123.859,66273.3,49747.2,30326.9,7572.9,3354.87,10.8715
1.40623e+06,1.04437e+06,807893,538205,340337,260044,785260,436858,739194,10352.8,4090.52,23187.7,26801.5,17817.6,6408.09,4823.39,10.8745
1.53289e+06,1.1211e+06,820387,398935,327364,243608,806290,316639,755944,8554.85,1709.79,51652.2,19665.8,10262.3,6845.09,3757,10.8767
1.14195e+06,799758,856724,628241,518016,361233,860412,479772,785674,12072,3741.66,24151.2,44100.5,26688.1,6471.8,6477.05,10.8788
1.78578e+06,1.26579e+06,846480,658030,529259,387548,819396,506880,778918,12816.8,3354.01,190906,35324,27774.8,9827.33,7163.94,10.8806
1.94133e+06,1.37628e+06,846338,537095,481078,349519,825840,411998,782181,10937.2,2134.82,62365.4,49616.6,26504.2,8976.29,8043.88,10.886
1.72108e+06,1.25031e+06,825910,518174,460918,320849,861934,391025,795101,13481.4,4239.77,59722.9,32812.5,13919.3,8251.02,5387.85,10.8905
1.80016e+06,1.35352e+06,797990,498911,440338,320144,825263,388238,771039,12860.4,1248.34,112351,28070.9,15452.7,8819.79,5142.95,10.8952
1.60309e+06,1.17981e+06,815262,669244,370727,240694,924144,475853,843845,17391.1,3324.71,51607.5,35400.1,28827.2,11669.3,7311.96,10.8964
1.48905e+06,1.12395e+06,794898,455091,414428,313548,793043,371519,734968,5616.64,976.216,46796.8,23418.1,10374.2,4696.59,3003.04,10.8967
1.56403e+06,1.04913e+06,894475,559817,339309,228523,890875,404436,830515,12130.1,2860.88,65491.1,43282.9,21837.5,7981.18,5232.78,10.8988
1.59402e+06,1.17362e+06,814929,427269,226262,172317,787836,359673,712763,7840.77,205.063,101084,41265.1,12431.7,5748.59,2214.86,10.9021
2.50186e+06,1.6607e+06,903907,679631,582279,409077,854039,509938,799663,19592.1,1931.92,27541.9,101587,39285.3,10984.3,9747.46,10.9023
1.54061e+06,1.0247e+06,902084,758164,416870,271743,920437,555316,819171,4350.3,850.462,56310.8,27581.9,11094.6,4807.09,3973.1,10.9029
965079,705776,820440,541792,235518,165451,854095,436116,745387,11148.5,2530.8,33510.9,25430.7,29309.7,6809.36,4410.18,10.9031
1.0607e+06,729262,872690,580946,354857,228940,930000,403095,864729,17349.2,1888.61,102767,52312.2,27121.6,8465.65,4279.69,10.906
1.68031e+06,1.28052e+06,787322,466675,354479,267017,796531,381298,734346,5845.06,716.691,59127.7,63497.9,13102.6,4114.97,4011.68,10.9076
2.02948e+06,1.45647e+06,836054,471303,367586,261703,842756,359238,787172,15839.4,3281.67,24914.3,31346.7,17334.1,9025.1,7361.32,10.9085
1.50438e+06,961866,938413,726391,555710,384130,868004,540504,806348,14496.2,4380.27,27799.7,63135.3,44710.7,11006.9,6041.75,10.9096
1.62809e+06,1.03185e+06,946697,725734,388882,288850,807787,569021,765245,7262.01,2190.95,56194.5,56097.2,30246.1,6652.17,7219.31,10.91
1.62067e+06,1.14499e+06,849268,600371,338894,245422,828518,480669,749419,14419.4,2762.4,29539.7,26118.7,18958.4,6697.31,8219.96,10.9126
1.59848e+06,1.16662e+06,822107,664050,421766,298761,847029,504389,789926,8493.35,988.475,483121,43325.5,27928.2,10573.3,5017.88,10.9131
1.0581e+06,740439,857414,511225,341002,240885,849372,417690,734360,6885.56,816.217,22418.2,25854,15776.2,5587.85,3776.52,10.9147
1.40299e+06,1.01395e+06,830210,629397,378388,271096,837463,493978,764484,9989.44,799.782,113612,30154,23734.2,5096.68,3322.48,10.9154
2.17213e+06,1.48328e+06,878647,760150,424983,275959,924013,549565,829911,12047.8,1350.32,139610,155541,38867.6,8088.48,5792.01,10.9155
2.04215e+06,1.18693e+06,1.03231e+06,1.1747e+06,620345,400554,929231,830804,848360,9670.95,3427.53,236885,62504.2,31813.3,9350.76,3663.19,10.9159
2.29565e+06,1.73134e+06,795560,414565,289827,222263,782391,328445,757324,14214.7,1249.49,56681.1,55356.8,39306.1,6128.17,6669.98,10.9262
1.41677e+06,1.09615e+06,775500,499957,313576,236707,794846,412963,726395,4741.1,1684.79,125239,17666.3,10197,6203.66,3633.11,10.9274
1.92413e+06,1.47965e+06,780236,370570,247783,188846,787253,297632,747036,9346.23,2002.17,31224.8,51367.6,18366.4,8997.46,3858.86,10.9297
1.99305e+06,1.34066e+06,891973,518919,441237,327382,808665,419990,741331,16026.3,4741.91,30898.9,35425.3,18866.2,7585.86,5902.42,10.9308
2.453e+06,1.63024e+06,902811,811269,476756,332156,861202,610014,797951,11571.5,3460.89,38249.5,66234.9,38809.1,11050.4,9159.75,10.9326
1.64158e+06,1.18309e+06,832523,653150,386721,280087,828430,509863,768618,17362,1998.48,262546,26036,23649.7,7969.56,4743.44,10.934
1.8954e+06,1.21176e+06,938501,643876,527376,369264,856909,477063,809800,19583.4,2627.86,35228.7,49047.8,17218.2,9478.47,10159.5,10.934
1.4471e+06,1.06695e+06,813775,505443,395197,288001,823325,402516,753425,11283.8,296.536,43152.7,26525.7,9892.32,4484.65,7943.77,10.9341
2.11063e+06,1.48923e+06,850356,541460,409625,296766,828178,436031,745075,7855.88,2561.06,52840.8,35608.5,12273,6794.45,5581.36,10.9441
1.44372e+06,1.00267e+06,863920,593423,369213,248444,891661,447029,796490,10243.2,4276.36,62118.1,41126.1,17663.1,9046.92,5568.19,10.9531
1.72528e+06,976500,1.06008e+06,720867,365034,220164,994806,452109,956672,9751.04,1963.32,255153,47121.6,27881.3,8036.5,5374.51,10.9537
1.76485e+06,1.15474e+06,917018,661588,548832,363104,906901,478142,830199,16931.5,4339.85,49806.7,41863.4,23588.4,11220.8,7986.86,10.9543
1.70602e+06,1.16527e+06,878433,512436,434429,316182,824390,410298,749362,7101.92,1912.38,26361.9,45360.4,35840.8,5656.9,3792.79,10.9564
1.66827e+06,1.26073e+06,793954,581808,491140,369903,796653,468155,745661,5674.44,2181.78,67172.9,33815.8,11506,6057.26,5290.05,10.9573
2.08528e+06,1.587e+06,788386,460516,356118,270656,789456,382205,722936,7370.7,1894.67,52337.9,83896.4,37217.1,5662.54,4866.38,10.9583
1.87857e+06,1.22126e+06,922929,706401,374992,242700,927052,501041,845919,12504.6,5167.83,47756.2,44124.4,48927.9,9329.68,6145.3,10.9599
1.66368e+06,1.16200e+06,859041,738242,597522,380762,941568,515755,858829,10883.8,1409.56,203377,47068.3,35830.7,10459.9,6160.02,10.9629
1.69872e+06,1.27138e+06,801671,522437,395353,300191,790202,420207,745971,9791.89,1255.7,74813.3,31993.6,12760.2,5736.01,4525.27,10.9697
1.13413e+06,731549,930185,577261,470547,335810,840738,448311,772580,6214.11,1446.52,47099.8,40136.8,13269.9,5463.55,7566.16,10.978
1.46994e+06,965101,913860,760692,370897,253842,876680,580394,786389,6289.8,325.35,33616.9,44120.7,27428.6,7253.37,4866.85,10.9807
1.80627e+06,1.25029e+06,866808,497619,278072,202026,825849,402131,742473,4648.37,2055.97,110328,26102.8,9038.27,8757.79,4402.58,10.9821
1.64433e+06,1.28734e+06,766388,421245,301302,226013,799870,333369,758160,6284.98,1165.5,56283.5,37523.1,8569.85,5617.29,4870.51,10.9828
1.63384e+06,1.11441e+06,879665,827941,540637,382860,847260,619958,801288,9128.05,3479.41,56690.3,38713.5,25937.8,8214.98,6118.34,10.9831
892744,605852,884121,603240,509793,367558,832184,476631,759380,3971.54,1143.1,247306,23791.1,13018.4,6727.54,4732.47,10.9868
1.34352e+06,967128,833509,558202,468254,346863,809980,426168,785889,12999.5,1490.4,53980.1,40471.8,41508.9,7560.67,5367.52,10.9936
2.33836e+06,1.54252e+06,909565,582867,459137,329756,835413,452225,773332,6520.81,373.615,126235,60859,34209.4,10005,5645.72,10.9939
1.24168e+06,937530,794647,585060,357214,266051,805591,469183,748186,6819.23,2585.61,22233.1,45514.2,21900.1,5188.09,3949.84,10.9942
1.83489e+06,1.31823e+06,835161,563107,413796,295137,841228,417393,809464,14115.8,2816.28,135821,36317.3,26774.3,13076.5,3760.42,10.9959
982317,627566,939169,771696,408102,281035,871283,586013,790114,7605.51,3495.09,107454,47309.8,35453,8195.21,3525.27,10.9964
1.0338e+06,742571,835314,648571,363803,252620,864073,498358,780849,10985.7,3267.24,27174.2,29966.9,17878.7,6713.47,3609.58,10.999
1.37607e+06,922952,894566,625679,522058,369369,848027,476948,787104,9243.62,1351.27,56492.8,23289.7,13541.6,6564.06,4716.34,11.0097
1.30254e+06,797610,979835,849980,563138,368803,916160,593208,859712,10357.9,421.417,84743.8,75970.7,50510.5,6335.91,6943.64,11.0101
1.62084e+06,1.24597e+06,780518,580090,373719,254350,881585,431522,806573,18097.3,407.811,102112,56135.5,27918.3,8212.26,3959.58,11.0105
1.17353e+06,785990,895839,445015,299019,208524,860388,332190,803784,6892.13,797.55,97919.8,31300.7,10652,6806.99,4903.92,11.0116
1.4825e+06,1.04544e+06,850836,641967,532816,382767,835206,499536,771076,8264.94,911.629,40353.9,38039.8,14427.1,5613.49,9290.91,11.0147
1.56159e+06,1.02809e+06,911352,824631,571342,383984,892760,620112,797886,7269.02,479.747,109267,23104.9,25376.7,6433.15,5792.76,11.0166
2.26259e+06,1.54637e+06,877895,598910,392171,235951,997253,393897,912284,18736.9,2751.24,177541,82104.1,26981.4,14592,7952.79,11.0175
2.18842e+06,1.75847e+06,746700,313868,220010,166838,791222,252335,746313,10498.3,553.869,63235.4,25344.3,10566.4,5490.83,3280.79,11.0233
1.63363e+06,1.11628e+06,878077,510065,271798,189511,860525,381391,802429,12715.8,5382.05,30337.7,26782.7,43750.9,7682.17,6773.25,11.025
1.5448e+06,1.08783e+06,852047,630020,529954,401048,792853,514890,734160,8920.21,401.301,60876.2,24087,12857,7660.47,5467.33,11.0267
1.31223e+06,773879,1.01739e+06,978583,522627,333603,939968,675733,868908,14947.1,2004.82,57254.3,79833.6,28724.6,10207.9,7935.63,11.0299
1.79837e+06,1.28898e+06,837111,589350,504848,358527,844870,442549,799030,8318.94,1933,39152.6,32208.9,19916.9,6050.89,5598.48,11.0313
2.12253e+06,1.53876e+06,827626,380452,282438,194174,872735,294262,775741,19459.3,1228.77,61270.7,45064.8,18868.2,5880.51,3912.54,11.033
1.81395e+06,1.38948e+06,783296,409681,320545,238425,806657,332374,739554,19491.2,1695.38,127635,27249.9,12640.8,8546.33,3295.56,11.0336
1.71484e+06,1.21924e+06,843886,527492,421877,305651,828155,409398,773074,12142.1,3252.56,132950,47056.3,15186.8,8420.44,6905.06,11.0336
1.26092e+06,812939,930641,657698,327569,222828,882033,496977,794038,9129.27,1237.62,27874.2,20250.4,21995.2,5872.77,3871.2,11.0357
1.30867e+06,929163,845065,428504,206576,143410,864274,331730,775036,13753.4,2560.59,41796.3,28070.2,22638,7669.83,3070.73,11.0373
2.078e+06,1.56997e+06,794154,430126,327371,247606,793286,341347,756051,8252.01,1680,30363.9,64067.8,26703.3,6298.31,8271.85,11.0394
1.96669e+06,1.42523e+06,827945,478762,401845,268438,898186,352227,815545,27967.5,4163.58,30466.6,49989.9,29880.1,7173,5019.53,11.0399
1.46829e+06,1.15841e+06,760500,443859,382871,301445,762071,369442,720859,6806.88,240.748,48948.7,24207.6,11255.7,5619.48,3150.01,11.0416
1.34356e+06,976569,825478,655353,447790,323561,830366,486831,807697,10035.9,1817.64,109064,33860.2,23800.7,6762.99,5282.58,11.0475
1.32801e+06,1.13204e+06,703872,355279,235669,200413,705549,316725,673037,2383.95,1187.99,1.0629e+06,15161.6,1967.63,2028.75,1355.39,11.0478
2.09237e+06,1.56865e+06,800321,603568,349890,245193,856199,459211,788616,13170,2640.58,123783,31386.7,16900.8,9771.62,6647.74,11.0507
1.55003e+06,942900,986338,745242,361246,230103,941958,539405,828960,9159.23,1067.75,103111,76211.9,63058.8,7606.09,6756.74,11.0541
1.66639e+06,1.28126e+06,780350,532111,437513,346937,756644,436259,731828,9669.03,3074.22,82858,47128.6,13096.7,6217.18,5133.67,11.0553
1.52167e+06,1.19055e+06,766875,448438,272074,202768,805079,349843,769096,12480.5,584.504,97620.4,42248.1,30421.9,8150.45,3964.58,11.0569
1.36937e+06,990585,829431,564359,479275,346287,830424,429476,788439,8296.06,1898.2,67704.7,38470.2,11911.6,5656.86,5315.68,11.0569
1.19177e+06,792670,902089,673172,454046,317990,856718,519923,776852,6420.94,725.031,57451.2,32560.9,22538.5,5739.17,8342.88,11.0582
1.99788e+06,1.3341e+06,898533,750329,424588,298217,854254,570802,788710,5851.44,3557.17,596662,98507.4,56529,8995.58,6952.87,11.06
1.78575e+06,1.15055e+06,931244,549077,395929,271570,874755,421768,781107,10854.5,3374.74,16960.6,35125.7,25676.8,9039.02,5081.03,11.0604
1.87844e+06,1.14244e+06,986542,979278,579210,385482,901536,687165,855059,21713.5,3444.26,199096,48917.5,32360.8,12244.3,6675.96,11.061
1.00374e+06,636567,946086,727643,403839,285679,848166,527078,828313,12609.3,521.71,99590.8,43961.4,28347.5,8368.32,4807.21,11.0624
2.03646e+06,1.51149e+06,808390,469362,403430,314374,769968,375872,749237,10483.1,909.427,103799,79947.2,28334.6,5640.9,8662.08,11.0636
1.46777e+06,1.10174e+06,799338,421058,208488,154647,808891,346762,728555,16179.9,945.756,253159,47754.6,17910.4,5553.95,2802.85,11.0711
1.75921e+06,1.26857e+06,832064,556808,488113,353184,829221,433275,771068,8782,1658.19,30862.8,26737.2,13404.6,5925.91,6157.59,11.0715
1.67924e+06,1.06665e+06,944590,724564,371713,238300,935912,507005,857463,22558.5,4879.17,32096.2,45448.3,33969.3,11268.8,8106.38,11.0716
1.5449e+06,1.04117e+06,890289,648256,520914,363358,860166,502402,774188,7211.25,1567.77,26090.9,44419.1,13117.4,6624.07,5276.06,11.0732
1.84880e+06,1.26308e+06,878233,1.02644e+06,638485,429924,891066,776305,793330,14147,4027.58,413304,81155.2,27761.6,11428.8,6153.43,11.0762
1.47665e+06,1.13353e+06,781618,412892,324876,263546,739627,342283,723774,7296.51,1016.21,53978.5,24937.6,7358.54,5978.16,3582.6,11.0774
2.02339e+06,1.38293e+06,877873,604766,404764,285371,851027,451560,803569,7424.31,1526.36,262064,71641.2,45529.2,9823.66,7640.54,11.0778
2.06775e+06,1.45475e+06,852825,861939,600579,396031,909898,571334,905186,19493.7,4018.94,46865.8,61352.7,29523.9,16023.2,8545.11,11.0799
1.26375e+06,874327,867235,522201,413989,298072,833333,410243,763743,8932.47,1299.51,38754.6,33518.1,21359.7,7405.22,3550.65,11.0896
2.2195e+06,1.4429e+06,922934,833681,718583,469423,918468,584179,856259,23673.4,5050.4,32463.2,64242.4,40739.5,10473.8,9446.98,11.0922
2.21314e+06,1.53171e+06,866927,515153,424841,308065,827438,401990,768904,12767.6,2401.36,52231.6,64918.5,29703.2,7240.73,5268.21,11.0951
1.47733e+06,1.06433e+06,832821,532324,366360,281869,779852,449397,710718,6486.41,605.651,14778.3,25778.9,17000.4,4795.65,4998.3,11.0961
1.8474e+06,1.31324e+06,844052,481929,416485,297828,839045,365350,791453,8332.58,-441.56,59368.9,35287.5,28405.7,6878.78,4493.07,11.0967
2.17255e+06,1.60313e+06,813114,454298,306782,209278,879543,341375,798472,21946.6,4082.26,71435.9,24209.5,11885.6,7700.4,4283.8,11.1046
1.66916e+06,1.44958e+06,690885,324328,189913,158156,720476,282904,687854,2667.89,2347.95,1.64247e+06,18596.4,2072.35,1836.46,1995.08,11.1085
1.7886e+06,1.25162e+06,857420,549446,495425,340243,873654,403200,817628,17463,2421,31995.6,40197.4,24056.1,7568.14,5079.8,11.1112
1.87753e+06,1.17485e+06,958864,708243,593397,406455,875959,517937,820458,11498.3,2569.04,50895.7,40272.7,25286.5,9527.33,7718.09,11.1117
1.16681e+06,804519,870193,621105,441297,307066,862285,484870,768584,12979.5,3366.19,54715.9,51820.2,29496.4,7096.97,5167.57,11.1175
1.82326e+06,1.43198e+06,763943,441835,359155,270057,797953,357239,742084,7693.27,2251.79,30735.9,25674.4,12778.3,9000.89,5181.87,11.1283
1.09176e+06,708457,924620,566765,493037,344839,857856,412704,823977,7748.6,1735.63,27891,36508.5,52118.1,6205.23,4410.15,11.1295
1.5386e+06,1.14013e+06,809695,536570,383950,281310,818918,414509,776683,14677.5,1361.64,46647.1,32767.4,16683.9,8606.54,5383.58,11.1317
1.88195e+06,1.21401e+06,930117,711827,606046,412407,881720,527460,809722,16363.8,2523.09,47164.9,41536.5,13175.2,13498.6,5351.62,11.134
1.67502e+06,1.17332e+06,856549,530848,371346,264394,842711,422569,753743,7076.59,4187.96,16749.4,30439.8,31489.2,7302.35,4874.91,11.1361
2.05297e+06,1.57827e+06,780464,387242,309670,232704,798447,303562,765395,13299.7,2929.45,28236.7,33885.8,22692.7,6632.12,5988.17,11.1388
1.42356e+06,933571,914915,680886,395674,264021,899187,501386,814805,14283.9,3106.2,32517.2,40194.6,26506.9,7699.77,4243.39,11.1412
2.11443e+06,1.51073e+06,839764,514570,460946,351905,785915,415524,743019,5613.53,1351.16,214598,73332.9,40207.4,6409.75,7128.36,11.1437
1.48749e+06,1.06302e+06,839582,588108,454231,339562,802618,477390,739154,10839.3,3408.73,56422.1,29565.5,16013.9,6722.5,3665.55,11.1467
1.66509e+06,1.2864e+06,776624,418157,310577,231647,804442,322882,777046,12406.5,1260.96,85612.3,49292.2,19349.8,8721.46,3898.65,11.1469
1.84703e+06,1.45341e+06,762496,434727,260333,183595,850783,328818,793255,16086.4,856.484,227007,26398,15502.8,7801.54,7247.12,11.1486
1.77604e+06,1.33193e+06,800057,564540,435158,325002,803363,457192,740879,11277.8,1977.68,73393.4,63118.4,20645.6,7157.32,3747.76,11.1521
1.27391e+06,902008,847385,573261,479384,362848,792702,459809,748042,6508.24,952.257,223999,28744.9,8355.93,8193.53,4504.82,11.1523
1.70083e+06,1.37175e+06,743938,397474,241930,193168,751460,338618,704287,5867.73,910.973,63075.6,20190.7,7135.85,4163.74,3023.04,11.1527
1.8656e+06,1.41276e+06,792320,486457,328248,240658,818376,379141,769831,13329.5,2015.41,27912.7,43520.1,143378,7994.81,4107.57,11.1554
1.36026e+06,1.03121e+06,791456,559129,357988,251000,855748,430277,779678,12908.6,1315.41,32495.1,55088.4,54056.9,7524.48,5743.72,11.1556
967586,661655,877423,488660,364075,270652,807106,367357,798124,5169.02,1918.83,46261.6,29850.8,21711.7,6916.68,6210.84,11.1603
2.01168e+06,1.39162e+06,867338,480536,230189,165720,833413,384496,749869,4825.42,1301.21,28292.5,48137,19253.6,7128.61,2896.71,11.1624
1.99921e+06,1.40441e+06,854111,484951,351769,253612,832221,362355,802999,9450.61,3237.96,52824.6,96073.1,35087.7,15808.7,6145.37,11.1645
2.19852e+06,1.63319e+06,807690,489659,381680,281887,812411,377378,778518,10909.2,1549.18,16292.9,35935.7,26962.9,10083.2,5131.39,11.1666
1.90059e+06,1.41123e+06,808056,521632,391671,294887,796925,407320,768387,11884.9,2929.51,90190,64085.1,15016.7,8150.85,5392.9,11.1673
1.67858e+06,1.04182e+06,966716,816247,429195,279357,921820,566130,865081,13354.7,1386.74,140066,80020.8,36851.2,7991.45,9051.99,11.1686
1.57028e+06,1.15517e+06,815612,545321,442255,325826,814401,445592,734288,10355.4,327.047,168154,42798.1,15442.5,6439.48,4634.24,11.1751
1.36835e+06,932756,880196,684908,628670,460342,819395,526930,779885,8718.06,2602.04,113784,51543.8,26314.9,7312.88,5187.95,11.1758
1.24802e+06,956041,783246,525235,351891,268713,785726,414081,761062,10643.7,557.938,57897.1,31733.2,19627.5,6259.85,3286.78,11.1768
1.60582e+06,1.19551e+06,805928,519237,354956,255351,834044,385748,807631,13092.9,3133.92,22382,67812.9,32526.1,8224.65,7155.46,11.1769
939203,684400,823381,714932,398972,296189,808212,562095,763143,11469.3,1769.6,63224.1,42645.2,40411,5945.85,4558.59,11.177
1.63564e+06,1.28107e+06,766068,356123,225155,172209,784471,300407,711281,4875.51,-497.493,61990.4,39168.7,17415.4,3641.99,4730.89,11.1773
1.49367e+06,959452,934077,742921,413689,285395,869719,542495,821671,10320.5,3424.14,33836.9,54514.2,55447.5,10110,5017.64,11.1812
1.78952e+06,1.22699e+06,875078,519521,444840,324399,822765,411918,756735,11700.7,292.168,48153,46546.8,31901,7672.79,7072.95,11.1853
1.8864e+06,1.52382e+06,742765,333965,207453,155317,801403,259258,772895,9987.11,-190.802,53536,49100.7,15407.6,5792.69,3816.37,11.1882
1.93779e+06,1.51812e+06,765868,357126,317392,248121,767510,290662,737198,6207.71,490.906,46541.9,27636.3,6626.23,4793.26,3437.67,11.1889
1.44761e+06,993976,873828,724169,418478,310306,809158,565707,768068,6818.8,377.987,123028,28946.9,18083.1,4204.54,2780.71,11.1898
2.46597e+06,1.70319e+06,868711,576425,436342,296728,882307,435725,793746,12544.9,-38.98,21445.9,46693.8,31243.9,4464.58,8877.67,11.1899
1.19955e+06,830541,866579,607144,334735,251356,799029,497503,732230,5979.42,2294.57,59667.2,43352.1,22750.7,5898.33,4224.72,11.1909
1.97579e+06,1.36560e+06,868093,468477,399005,294013,814261,369046,761656,17440.8,1647.24,68517.5,40978.3,17077.1,9453.17,11602.8,11.1911
2.30545e+06,1.52734e+06,905674,655830,509851,326940,935677,472829,832221,12832.6,2298.09,54470.9,68142.9,31948.6,10178.5,7213.86,11.1923
1.88592e+06,1.22308e+06,925164,819948,678018,434564,936135,570596,862202,13511.3,4302.68,110221,36993.9,33494.4,11977.7,5898.27,11.1932
2.03823e+06,1.54187e+06,793150,452658,342013,244107,840648,346209,784482,13756.4,1658.44,31290.3,36547.1,14200.8,8505.85,4157.84,11.1934
1.49208e+06,1.10128e+06,812920,593561,385815,271875,851453,452545,786964,11895.8,2241.95,58821.1,43002.2,28216.7,7859.02,4924.61,11.1955
2.20362e+06,1.58106e+06,836256,445292,393322,299369,788302,355422,751713,8296.37,-830.711,24557.4,62430.9,23804.3,8867.04,4017.18,11.1985
2.52178e+06,1.78789e+06,846287,464583,403402,305666,791849,373245,746829,8541.43,-389.21,109719,59452.5,24321,6902.66,6248.45,11.1994
1.97898e+06,1.46024e+06,813148,492865,334497,242830,826498,391168,755990,8225.7,2456.17,34898.2,37294,24190.1,6622.21,6262.56,11.206
966716,605786,957482,794265,493878,344681,859714,601132,792770,8349.2,2117.95,57358.9,36594.8,27117.9,7993.61,4896.02,11.2081
1.58409e+06,1.11625e+06,851468,608980,467645,333071,842423,484280,754498,7305.08,478.703,47781.9,41075.7,39224.3,6050.45,7647.6,11.2126
1.43072e+06,1.13112e+06,758924,451198,349361,288325,727015,392387,689929,7795.55,1087.13,109019,30306.8,15696.5,4506.11,2896.3,11.215
1.50052e+06,1.09269e+06,823945,431155,342565,260018,790479,357009,724612,8943.71,1703.01,61377.2,27941.6,12059.2,5551.79,4452.9,11.2185
1.65076e+06,1.13285e+06,874306,695461,660719,463583,855146,511357,816018,18119.8,5451.5,130085,52728.4,24685.1,10751.8,6690.28,11.2209
1.4258e+06,1.05776e+06,808771,459945,302719,228256,795737,372553,740746,10074.8,1213.54,58479.2,34519.5,15048.8,7123.95,2604.96,11.2222
2.04503e+06,1.61167e+06,761331,460452,298689,223043,803491,369269,748157,10542.6,1364.58,225312,25872.1,13683.7,7154.2,5085.97,11.2238
1.51588e+06,890976,1.02082e+06,852520,475960,305312,935358,600653,851593,14220.5,3290.99,56869.9,43100.8,20512.1,13382.3,7512.69,11.2262
2.10467e+06,1.23912e+06,1.01911e+06,1.30311e+06,648705,379511,1.02559e+06,835099,936258,16675.6,3825.08,47555,27573.8,31681.8,11288.2,6638.72,11.2285
2.42274e+06,1.62129e+06,896596,570574,417511,303887,824342,455605,751406,9219.96,927.699,39762.4,65012.7,56416.7,7293.69,6708.13,11.2318
1.99016e+06,1.38912e+06,859606,423273,208002,144417,864172,332497,763808,7172.68,677.332,68561.1,56658.5,28369.4,8418.5,3073.55,11.2324
1.34619e+06,819077,986125,856399,665873,424489,941187,602230,853228,16775.1,4355.24,30071.9,47909.8,37789.1,9668.52,7641.02,11.2333
1.22049e+06,840454,871305,741571,557194,395595,845097,561282,792725,10355.4,3226.19,59361.7,49651.6,25549.6,8101.61,5461.44,11.2358
2.52154e+06,1.78977e+06,845315,617793,422090,292648,865387,441355,839859,19846,2877.37,186339,56184.7,22339.9,12704.3,6998.6,11.2363
1.93183e+06,1.29427e+06,895563,444283,334117,246803,812268,364764,730802,11022.5,3565.45,2785.67,41318.1,13501.2,7576.62,3548.54,11.2393
766563,652242,705164,384690,296973,254868,699123,350906,657765,3998.84,1099.09,17537.8,8356.04,3220.3,759.322,922.739,11.2413
1.36671e+06,978057,838421,591000,494677,392355,756474,491983,720756,6606.75,1902.83,44768.2,31676.1,14144.9,7096.26,4831.2,11.2415
1.43119e+06,979896,876333,922747,506066,351050,864947,681839,811993,6983.13,178.718,161176,38772.5,77033.6,8065.28,5091.36,11.2428
1.4859e+06,1.07731e+06,827562,646906,372911,263690,848521,502203,772881,7627.58,1855.04,951570,36989.6,40441.6,10723.9,4527.03,11.2444
1.64796e+06,1.18678e+06,833157,730834,567794,384940,885012,529124,828729,12511.2,2954.52,43935,85995.8,86112.9,7930.53,6172.48,11.2482
1.17418e+06,848094,830697,421933,333190,247659,807215,324108,781097,8684.41,363.119,30101.2,28864.4,19739.6,4877.75,5134.09,11.252
960344,631091,913033,590885,289719,210104,827360,473764,748329,3362.89,496.065,11872.9,22954.7,31053.9,4597.54,4790.97,11.2527
2.21427e+06,1.57358e+06,844291,628779,382946,290279,791540,517508,729008,8020.67,3071.74,64735,38660.8,29835.6,7135.16,6061.72,11.2537
1.04449e+06,776577,806997,512855,302588,237346,764929,421588,729890,6396.07,263.332,73556.5,34590.9,22659,4293.11,4772.77,11.2541
1.83628e+06,1.31881e+06,835428,471529,258157,186574,830202,368725,767285,9665.46,2495.58,53765.1,51484.6,21802,7152.9,4986.15,11.2559
1.88026e+06,1.31078e+06,860671,631367,512191,375042,819414,494288,766396,4753.64,933.389,49271.4,46176.4,32513.1,6416.58,7698.75,11.2575
1.58539e+06,1.18571e+06,802248,420833,301203,220424,819882,330949,762956,20072,1345.09,100165,28545.5,26971.8,7929.37,3449.98,11.262
2.01531e+06,1.51143e+06,800028,476976,311407,230480,810675,374370,764446,13434.9,3352.62,28267.9,37326.6,20655.6,6667.96,6637.27,11.2629
1.89951e+06,1.43711e+06,793053,550214,391971,281002,836943,405676,813773,15081.9,2870.86,121735,47731.2,19166,8512.43,6896.56,11.2636
1.5733e+06,1.15387e+06,818099,630650,427027,304680,840935,486312,778080,7169.68,2299.81,59896.8,31412.3,16208,5178.74,6311.66,11.264
2.15246e+06,1.55316e+06,831512,455420,357733,260235,824792,369280,739958,13220.9,1447.23,19849.3,40701,15114.1,5517.12,4049.62,11.2652
1.57189e+06,1.10469e+06,853757,631432,334664,243236,825529,489981,773212,7294.69,2366.79,101480,23569.1,39282.3,6418.38,5924.34,11.2679
1.78306e+06,1.27984e+06,835910,534658,476997,331589,863111,392303,817721,11101.9,1103.19,43220.2,57737.2,33979.3,11167.5,6063.36,11.2745
1.06132e+06,757773,840344,461897,230896,173429,798815,376304,736474,6269.47,1644.11,71276.3,20369,16052.9,4387.12,2582.76,11.2747
1.79913e+06,1.25022e+06,863432,655504,464721,329276,846804,479200,820748,9123.83,500.308,47273.5,86894,39088.9,8422.7,6416.18,11.2832
1.96265e+06,1.49728e+06,786485,313613,199194,153699,777601,251415,748435,10122,672.996,51082.4,33094.7,14475.8,7389.48,3263,11.2837
1.44127e+06,1.056e+06,818904,698998,483523,341949,848413,510897,820907,7312.61,651.991,446733,35747.4,18849.2,10363.8,3713.09,11.2841
1.4453e+06,1.01958e+06,850522,645089,544362,400990,814527,503961,768022,7731.19,1760.73,100543,38660,12617.3,7626.18,8955.61,11.286
1.08748e+06,725196,899737,548001,273619,190339,862522,416710,789040,3678.19,862.901,66816.9,32743.3,37772.3,5218.87,4073.11,11.2874
2.51643e+06,1.62307e+06,930249,776212,546585,335361,977904,520649,894513,12314.2,1364.68,227131,56017,24148.2,10185.2,6749.56,11.2882
1.21658e+06,802984,909042,739604,579371,352738,985498,471579,941014,6471.75,901.484,24753.8,45748.2,29643.1,6089.51,3431,11.2895
2.04429e+06,1.43218e+06,856438,694877,599208,396318,907162,513356,812158,15095.4,3275.29,53957.4,34240.8,25517.6,7883.77,7251.21,11.2898
1.4756e+06,1.06039e+06,834937,290733,228149,170745,801719,241170,723305,8264.36,2431.42,11037.3,28107,7522.48,9873.08,3997.57,11.2901
861446,619604,834190,497270,260283,186234,838569,393148,758905,3991.6,331.736,38021.2,26467.7,9586.46,3958.68,2879.07,11.294
1.87607e+06,1.11683e+06,1.00789e+06,1.25049e+06,1.03023e+06,722936,855036,938291,799638,5877.77,2088.61,395660,76794.1,16181.1,9848.33,6917.72,11.3006
2.26454e+06,1.61971e+06,838868,485947,392450,298944,787672,397827,732902,5557.71,784.469,119895,86391.2,49727,5875.4,9159.8,11.3032
1.47446e+06,954648,926701,602681,461514,322275,859230,479001,754922,4728.05,609.22,90322.4,28816,32487.5,6696,4012.71,11.3042
2.27324e+06,1.58217e+06,862069,605207,415258,281196,886054,457629,793490,12668,2876.76,53977.4,51792.8,35384.1,8403.61,6879.17,11.3046
1.31836e+06,1.0896e+06,725966,286268,130494,107766,726541,261971,655648,2210.36,1826.97,1.33596e+06,14265.6,2269.66,2292.84,1215.27,11.306
958471,729340,788497,548311,305005,231475,790594,443347,742052,6647.59,-215.4,50442.8,21430.1,28601.5,3734.92,3675.01,11.3061
1.73917e+06,1.31804e+06,791708,481406,327500,252928,776900,392241,736393,7343.2,1058.78,71118.5,41694,17208.2,7824.72,6395.94,11.3082
1.34676e+06,955486,845702,719252,403356,282650,856231,539327,800166,16714.1,3457.17,108083,62170.5,24622,9108.37,9330.1,11.3111
1.37154e+06,997805,824737,608016,398573,322605,741290,509224,716403,2637.63,649.45,272945,36563.8,19408.4,8969.14,2572.51,11.3146
1.70555e+06,1.23679e+06,827409,345953,280363,200734,838013,277898,746936,11438.7,-481.647,56226.9,22573.9,8884.61,7240.08,4367.06,11.3159
1.61048e+06,989424,976616,735596,481305,325730,886572,545133,809632,16847.9,2238.03,31368.2,48886.3,32581.6,8861,6685.52,11.3205
2.97231e+06,1.94471e+06,917046,464574,376570,247682,912227,335464,830922,14129.5,1311.96,46780,99630.9,42372.9,6601.88,9259.45,11.3217
2.30327e+06,1.53891e+06,898017,616640,469006,327433,859424,491737,752402,8311.81,2575.16,32590,57384.4,32134.2,7349.36,10851,11.3229
1.62945e+06,1.26216e+06,774600,489900,333965,244156,820701,390236,753237,7153.82,1213.52,206948,39532.3,14538.8,8288.87,2841.25,11.3231
1.33161e+06,927165,861728,526712,339766,244096,835161,427158,739837,6357.03,-167.695,74611.6,26555.2,18219.5,4479.33,3225.71,11.325
1.93891e+06,1.2968e+06,897095,649492,337601,227250,891356,483346,806245,16529,1796.1,60872.4,41986.9,60845.8,9508.22,6002.36,11.3251
1.59146e+06,1.09699e+06,870448,670049,465993,311898,896434,516225,778787,11596,1488.67,106186,35213.7,13729.8,10186.3,2938.34,11.3259
1.72799e+06,1.18815e+06,872616,577662,297339,196421,908271,431081,804019,21964.2,4383.9,98730.8,29249.6,18960.3,9356.2,4001.52,11.3276
1.62145e+06,1.14386e+06,850512,476990,413988,291159,853118,362267,790009,10331.3,1690.28,36889.5,33390.3,16091.7,5397.99,3754.31,11.3279
2.15911e+06,1.4514e+06,892561,863525,531233,328117,971421,576077,899385,17005.3,4866.51,186677,48508.1,30067.6,12747.5,11064.1,11.3288
2.08859e+06,1.57454e+06,795884,347938,316024,239842,790581,285779,730504,10916.1,512.828,57173.8,49010.8,20849,6295.69,4286.66,11.3317
1.31220e+06,877869,896857,815390,497766,320032,933218,553464,883949,12898,2083.64,227026,64121.7,33367.6,11163.7,6968.91,11.3356
1.83256e+06,1.66192e+06,661608,203379,95057.1,88299,645922,193604,630294,2175.96,-621.517,1.05815e+06,40273.3,2581.75,1930.22,687.523,11.3392
1.58653e+06,1.23875e+06,768450,402130,273555,202166,811873,326244,739563,6009.52,845.367,136317,30231.3,12228.5,6083.46,4400.59,11.3401
1.91302e+06,1.38617e+06,828044,541768,335283,238609,843095,397723,817304,13890,287.121,133538,72084.2,49286.7,7996.25,6414.63,11.3404
1.72102e+06,1.169e+06,883330,799113,624158,414301,903919,590076,812553,15081.5,2887.89,93898.9,33349.3,13502.4,10486.6,5428.58,11.3416
2.024e+06,1.59544e+06,761172,379564,282918,223262,760322,313383,726709,9321.54,1729.75,28930.3,47482,21145.4,5655.51,4357.43,11.3432
1.60115e+06,1.13015e+06,850055,539668,270790,186514,871110,410344,789096,13871.3,2402.28,144921,28142.9,19177.9,6697.04,2844.59,11.347
1.98096e+06,1.28543e+06,924651,584902,481053,322708,894405,420579,834423,18162.4,3919.17,96805.8,57572.2,21379.6,16286.4,6511.98,11.3471
1.64199e+06,1.31083e+06,751579,520152,383258,270749,849328,383729,813312,5807.22,950.081,903507,46056.3,12485.3,7234.63,3710.61,11.3567
1.90586e+06,1.40877e+06,811715,538642,391162,270435,867852,401749,804446,12331.7,43.2888,113999,73307.9,42494,8538.54,9502.3,11.367
1.9424e+06,1.52732e+06,763066,381723,235613,179256,788635,308014,743582,8096.39,1054.62,93019.1,24375.1,14095.9,6092.64,3827.32,11.3683
1.32952e+06,851785,936518,671267,416326,272756,915821,509404,790650,6634.19,265.327,100691,32749.6,19711.9,7788.22,2849.42,11.375
1.8605e+06,1.22488e+06,911357,554007,458330,343336,800959,443573,749379,6982.42,1979.04,28530.7,93078.2,24495.4,8591.85,10241.2,11.3764
1.70198e+06,1.19727e+06,852932,630255,515678,371277,833359,501721,753712,9569.52,2357.49,118972,49346.5,22659.9,7139.12,6564.51,11.3795
2.42877e+06,1.62144e+06,898749,662873,389649,253074,923798,439668,904600,8623.79,1770.86,59511.8,48698.4,47256,8423.99,9282.49,11.3823
1.84142e+06,1.39746e+06,790617,530790,436389,337582,775614,450784,706489,8885.44,982.045,60708.9,28355.5,14053.2,6094.07,4205.11,11.3837
1.86007e+06,1.25127e+06,891926,709365,470360,304309,927400,501551,848606,13353.9,736.822,64680.7,84259.3,27220.6,8076.65,7385.89,11.386
943781,685187,826444,442127,202229,154087,787459,364700,727383,7842.06,638.135,216646,20367.2,13160.3,5504.38,2199.48,11.3865
1.71582e+06,1.32903e+06,774622,357495,285577,216813,790295,292752,732691,6209.6,767.181,74260.5,33090.1,12101.6,6079.21,3101.09,11.3932
2.02482e+06,1.60176e+06,758472,404891,281372,202963,831794,312829,776574,11091.8,-564.265,159394,57516.7,18185.4,7762.6,4996.91,11.3941
2.01976e+06,1.28294e+06,944591,633424,315173,210930,896525,469040,810281,10124.2,4144.38,29758.9,79017.6,65578.3,11533.9,7337.03,11.3974
927935,625441,890189,728764,396212,279798,849639,575637,759608,3497.2,1261.92,68676.8,23822.8,24908.9,5133.05,4373.97,11.3977
1.51249e+06,1.07422e+06,844797,741613,467719,300966,932435,514435,864964,16007.4,3308.56,117948,33981.8,35634.7,9237.52,4061.24,11.4032
1.32e+06,990016,799988,551690,328961,245375,804389,440467,751506,8934.75,820.654,49478.9,44513.2,26311.4,6498.98,4378.34,11.4036
1.14688e+06,772196,891130,671852,419692,286242,879728,498944,807928,14792.6,4190.36,52713.1,23682.5,19992.7,7351.63,5155.51,11.4042
1.42532e+06,932450,917142,552352,266106,176680,903689,398288,832090,7718.81,1337.98,43335.8,28584.3,25575.5,5715.61,4014.51,11.4068
1.15426e+06,612548,1.13061e+06,931641,564394,352521,960614,607200,920594,12120.2,140.469,106678,141610,60457.7,16247.3,9878.71,11.41
1.85447e+06,1.35523e+06,821030,463723,261251,198617,789210,387919,717247,4434.87,-61.4556,159779,20384.4,13836.3,8693.11,4296.25,11.4111
1.59966e+06,1.2184e+06,787753,535554,342177,259983,789690,439837,730572,6011.91,1243,66507.6,44622.5,28230.8,5728.04,4474.49,11.4134
2.14731e+06,1.59171e+06,809435,501273,355893,254696,838395,378515,794588,10632.9,2714.98,31744.5,38761.1,12661.4,8242.8,3395.97,11.4134
1.94302e+06,1.53281e+06,760571,288189,218916,162449,808559,235508,734214,7181.23,-579.813,63004,32076.3,10507.7,3877.05,4208.51,11.4146
1.23787e+06,881166,842883,480728,260393,188944,826889,391887,736021,5599.59,1375.69,59179.7,44012.7,18107.1,5025.62,2819.91,11.4159
2.12364e+06,1.45979e+06,872853,769298,692066,486684,853202,572112,806798,11487.4,3755.17,65213.1,35843.9,24752.9,9447.87,11195.1,11.4177
2.81371e+06,1.84716e+06,913960,484115,372231,240837,927343,362298,801741,15050,2299.68,52703.2,31350.5,15323.1,8092.13,6231.25,11.4202
2.19818e+06,1.52909e+06,862542,687480,473646,327902,866685,487075,846868,11904.2,3343.89,27306.3,63444.3,47386.6,11713.6,11432.6,11.424
1.44553e+06,1.07488e+06,806901,582995,369731,260028,853133,439839,795284,17712.3,2057.57,50556.1,39304.3,15598.5,8240,4842.23,11.4259
1.50387e+06,1.01731e+06,886966,350011,216393,149437,868831,269234,780015,21644.6,800.099,63680.4,29460.2,14871.5,9421.77,2146.75,11.4267
1.97268e+06,1.44602e+06,818528,632349,357747,262482,817763,522439,726227,7319.84,2052.27,10855.3,33445,45891.2,5989.41,4738.57,11.4292
1.38624e+06,912613,911390,1.06566e+06,621053,414112,899834,776525,823408,8696.94,4161.88,224015,33690.4,36833.7,12889.2,5569.85,11.4318
2.21519e+06,1.52218e+06,873168,836663,598837,376658,953921,558182,899344,32950.8,3705.81,44363.7,75010.9,57099.5,13355.6,12429.4,11.4383
1.24219e+06,846919,880032,959868,474917,308331,924170,693170,830851,11268.8,2541.81,102750,30964.2,30533.9,12752.3,7174.64,11.4387
2.02736e+06,1.3847e+06,878469,728616,399484,282662,847976,568437,769073,8872.77,1776.68,45718.1,62793.3,72165.6,7810.88,5265.31,11.4396
1.39873e+06,997271,841534,440514,228437,175913,779147,377497,700160,13182.5,2597.74,52577.9,23331.2,14563.8,4975.06,3152.7,11.44
1.11303e+06,808717,825777,441518,323805,243911,796532,376396,703808,4792,-228.779,65190.4,18453.2,12045.8,4700.44,3680.42,11.4408
2.08856e+06,1.33896e+06,935904,987174,617735,443536,835651,722640,819640,6749.5,1188,121062,22429.9,12809.5,7040.78,2418.76,11.441
1.71164e+06,1.18405e+06,867346,637277,542374,395031,823795,481573,793994,13761.3,2870.88,30910.9,56599.3,25255.9,8097.15,9206.02,11.4466
1.17583e+06,854475,825652,468006,246176,182085,811192,385804,727841,6739.66,390.795,46180.7,22404,15655.1,4975.28,2449.64,11.4497
2.58001e+06,1.83024e+06,845792,538754,389301,267232,874074,394263,819891,15729.8,2795.63,78855.4,100849,31414.3,13285.6,8680.91,11.45
2.18411e+06,1.5509e+06,844970,467105,355366,261394,815702,374413,748540,14664.1,2031.55,21450.8,53400.8,48956.1,7607.5,5371.63,11.45
1.18584e+06,858675,828605,583023,490934,356311,826694,451863,774159,6037.28,185.773,240307,36553.1,17286.2,5320.93,5834.96,11.4515
1.39799e+06,968294,866260,634874,396269,293773,809336,518059,735292,4595.88,1372.3,79449.5,34867.4,16633.1,7215.18,4730.71,11.4518
969941,694442,838032,425701,367481,268028,822632,321387,794745,6788.72,108.631,85030.9,28834.9,19237.7,4786.95,3760.13,11.4521
1.0381e+06,685979,907984,466615,370898,261231,851886,366445,764014,5896.65,-57.8537,15549.2,31306.8,17040.9,4488.82,4600.08,11.4529
2.3231e+06,1.8202e+06,765772,336928,212584,160329,795553,267200,756575,6521.28,-46.3301,109707,115091,17380.9,10540.2,7872.61,11.4554
1.09549e+06,658642,997957,853740,702417,488721,862354,629253,814051,12324.8,3175.26,60427,81006.8,50638.2,7404.34,4704.06,11.4567
2.01451e+06,1.41038e+06,857012,496050,371404,241701,921975,345439,861599,9203.14,639.426,32337.9,37333.1,43818.7,9086.19,4276.34,11.4652
1.80397e+06,1.28768e+06,840569,623871,573000,424005,810840,485376,771201,12812.7,2167.32,127730,35673.1,17829.5,9756.61,6399.23,11.4682
1.66122e+06,1.12886e+06,882950,780781,576520,400447,863815,624714,749893,9641.67,479.86,82318.5,40328.9,24907.4,6497.47,4045.42,11.4702
1.71977e+06,1.31568e+06,784277,576168,349141,273796,765113,471702,732879,7603.79,325.438,145194,40658.8,40035.2,6777.65,4678.68,11.4717
2.09604e+06,1.49178e+06,843032,552089,452186,312407,868455,406424,815044,10890,4251.53,54965.5,50050.4,34968.4,8288.13,6162.58,11.4756
1.75676e+06,1.34825e+06,781798,523230,430229,339216,760982,439938,713596,4571.95,2653.2,1.00139e+06,29492.9,10298.4,6802.38,2875.79,11.4757
2.03447e+06,1.30653e+06,934291,648386,529366,314768,1.00906e+06,429455,905873,25811,1435.94,94149.9,43893.8,21008.5,14467.5,3498.07,11.4786
1.60093e+06,1.19731e+06,802264,565324,381907,267164,857691,432807,783708,19973.5,1041.31,197725,44193.1,33886.8,8655.96,5490.38,11.4787
2.0578e+06,1.47624e+06,836368,578800,387355,258425,899345,414842,837139,16785,3193.3,53622.3,34690.6,22239.9,7759.22,7037.6,11.4814
1.87592e+06,1.35706e+06,829401,445603,302821,215026,844981,347559,769256,3915.75,2492.86,157281,17535.9,14347.4,6484.9,3321.35,11.4833
1.52983e+06,1.17576e+06,780686,525378,313454,232497,808923,402420,783328,6423.26,640.743,28213.2,59527.4,45484.2,6976.47,6204.03,11.485
1.25467e+06,950370,792113,551062,300366,225303,799898,435146,759831,5404.41,2245.28,244153,30037.5,25453.4,6120.34,2955.94,11.4898
1.76871e+06,1.07642e+06,985891,799587,704576,458394,922232,557632,860338,15282.9,4400.8,41114.1,59542.8,28585.9,11725.6,8330.08,11.4919
1.8794e+06,1.32223e+06,852829,612362,421879,291407,868640,463533,792646,17465.8,2145.28,111606,50299.7,28135.8,13569.7,6726.62,11.4929
1.40146e+06,1.05653e+06,795881,510856,323190,239774,808736,409849,747870,7167.99,899.539,55923.2,28848.1,18696.5,5600.14,4292.7,11.494
1.84692e+06,1.4507e+06,763874,486288,271194,209596,776335,396478,735911,6268.58,-369.377,167909,30037.6,14519.4,4897.62,3293.13,11.4958
1.58869e+06,1.11874e+06,852044,577042,405246,288704,842203,454976,760975,12622.5,2376.1,24657.5,63263.5,22050.2,5734.22,4306.15,11.4986
2.15476e+06,1.57408e+06,821344,459675,377455,272756,830313,367909,749656,6706.65,2229.23,52255.8,55562.8,62329.4,6565.49,5916.95,11.5006
2.3706e+06,1.62968e+06,872784,493171,350727,247923,848796,366823,806664,12238.6,264.302,23165.7,99073.3,19562.5,14036.8,4816.53,11.5006
1.35571e+06,1.06431e+06,764274,344764,191596,143651,800256,283826,728821,5290.34,-484.657,314555,15234.5,9850.96,6494.56,3122.3,11.5059
1.29116e+06,870527,889913,645935,297928,189292,944346,475015,815892,11667.8,3951.35,73118.2,22384.1,20558,7037.13,6857.29,11.506
1.87514e+06,1.49993e+06,750088,437674,278063,203171,821170,350326,749600,8034.23,1401.81,114296,23717.6,22741.2,6167.66,3692.25,11.507
1.29019e+06,914562,846429,418199,210767,155477,813369,347401,722276,8878.84,1379.66,22816.3,20695.1,10108.3,4913.17,2933.41,11.5109
1.48104e+06,1.01521e+06,875314,516751,512410,379030,811139,401001,773191,16532.8,892.695,3204.7,38605.2,36920.3,8780.2,5433.54,11.5124
991605,586973,1.01361e+06,980113,713387,410781,1.042e+06,646497,909622,5555.46,3603.17,216359,82731,22985.1,11157.6,5133.6,11.5144
1.39708e+06,1.00444e+06,834546,645093,464100,325772,854770,484870,798268,18383,2295.56,81864.5,37785.6,22619.3,9487.67,5751.83,11.5207
1.94718e+06,1.4975e+06,780172,370993,260140,196673,793621,289529,768821,17456.6,2789.3,56881.3,32439.2,15606.5,8376.32,4003.14,11.5271
1.60932e+06,1.00412e+06,961626,706533,413062,268343,923583,514102,824583,11016,1097.31,48885.6,37403.9,22445.5,6399.71,8168.01,11.531
2.16331e+06,1.47424e+06,880443,528876,404865,299891,810025,430863,736489,12563.7,220.501,57473.1,34218.1,32460.8,6892.41,9185.69,11.5322
1.83162e+06,1.34889e+06,814723,552944,466944,335321,835518,415233,798989,13319.5,2058.1,52834.2,43567.8,33994.7,9427.5,8743.21,11.5347
2.32429e+06,1.73742e+06,802668,481548,311808,228392,819140,380699,758943,6905.6,1471.16,254813,45094.6,41639.1,6789.86,4317.83,11.5363
1.87255e+06,1.40216e+06,801284,523672,342377,248698,826006,404556,776661,13802.7,1989.15,131850,53043.5,26604.9,6831.52,4379.21,11.5366
2.07252e+06,1.55545e+06,799456,468472,400986,297785,807936,369949,759790,4797.98,1658.27,274579,29493.7,24911.6,5351.78,5343.8,11.5372
1.30343e+06,973493,803351,391606,356659,282537,757408,328492,715279,5588.85,1031.26,18682.4,28592.5,10935.2,4976.66,5026.07,11.538
1.89731e+06,1.29283e+06,880543,817098,556171,366355,910872,570869,858794,31989.8,3905.72,135422,55978.4,25967.7,17010.2,9948.85,11.54
1.98636e+06,1.15437e+06,1.03244e+06,1.10937e+06,880069,527891,1.00028e+06,741155,898087,18040.2,4988.51,178368,90226.1,24411.7,17339.3,9961.4,11.5401
1.37499e+06,1.11565e+06,739472,396882,267113,203101,789104,317207,750706,9466.91,-517.214,222376,18948.6,11166.9,6741.98,3455.46,11.5431
1.85728e+06,1.30524e+06,853767,750356,479328,325482,883603,576731,780631,19801.7,2187.22,137569,30623.3,31483.1,6449.14,7662.32,11.5431
2.14807e+06,1.37323e+06,938550,616537,379053,238989,951641,432673,854970,5696.53,1618.04,236544,42614.1,34370.6,6774.72,3665.86,11.5489
1.49759e+06,1.03451e+06,868582,608171,318971,226923,843382,464940,784838,9580.19,3760.06,72207.6,39418.1,27829.1,8822.87,5269.28,11.5529
2.10632e+06,1.48844e+06,849073,541029,454487,333615,817386,427411,759496,7612.46,1545.71,28665.2,49243.7,49151.3,7039.95,7472.52,11.5549
1.3038e+06,893850,875178,763624,624541,431959,867500,585649,782337,8048.42,1329.75,105217,34924.9,22939.3,7811.62,5647.74,11.5567
1.86783e+06,1.25092e+06,895896,484083,310368,200918,926850,340436,853171,7287.53,856.907,67208.1,24525.6,12543,5330.96,3114.1,11.5587
2.18352e+06,1.39966e+06,936025,996624,618426,410886,903062,711343,840627,11060.4,2841.91,134239,105165,39586.7,11049,7575.83,11.5603
1.14373e+06,862700,795457,380628,208415,158818,787373,312303,731266,3333.73,1249.2,52411.3,16068.9,9208.17,4481.76,2536.15,11.5612
1.18257e+06,861941,823192,476189,249879,181561,825770,383784,744464,7995.13,1225.98,49594.7,34284.9,16676,5441.18,2934.4,11.5615
1.24958e+06,920585,814423,379791,226957,172684,788576,318721,714966,5879.27,1232.35,20869.8,23142.8,8340.38,4666.86,3361.72,11.5619
1.56336e+06,1.08308e+06,866066,619212,364257,252912,864152,454529,817389,14846.5,3598.95,30225.5,36059.2,27408.5,7798.31,5871.13,11.5659
2.10231e+06,1.49892e+06,841531,413245,362293,260761,833620,317986,779741,12417.8,1292.13,37819.5,26536.7,11946.6,5614.76,7142.62,11.5675
2.55538e+06,1.70644e+06,898497,689435,525612,360273,875356,527912,783579,18970.2,2394.32,55170,46811.8,12841.5,40522.5,6113.62,11.5678
949865,549460,1.03723e+06,859305,693429,398311,1.04455e+06,553059,932239,8570.69,2985.88,36032.4,45266.6,36264.7,11918,6098.15,11.5682
2.22295e+06,1.53957e+06,866328,698979,456455,311574,878998,525701,797768,9446.11,1625.14,99019.5,50958.9,48709.6,9898.36,8263.68,11.5695
2.1715e+06,1.56365e+06,833241,415552,333398,247343,808752,332175,750601,8973.89,1506.93,45446.6,148306,33733.4,7947.67,4393.15,11.5699
1.13175e+06,771021,880714,640157,349256,238813,877480,477016,805202,8949.17,-63.3981,125732,61773.1,29536.7,5174.37,4803.47,11.5705
1.31045e+06,932372,843300,635625,365394,261094,839684,505496,754456,7187.24,1826.92,156516,23679.7,12681.2,6963.43,4223.56,11.5732
1.74318e+06,1.25072e+06,836241,510966,409774,284515,864153,392295,781503,10050.8,1290.04,105170,26173.8,21063.7,7151.83,6943.88,11.575
2.03408e+06,1.46609e+06,832450,609574,428405,287002,895614,451419,810211,9847.54,2084.62,95426.3,46868.5,42647.7,7600.53,9194.59,11.5771
1.31601e+06,863498,914429,783283,646410,409715,946623,542717,865958,5648.9,1910.76,72725.4,45176.4,27829.3,8665.89,10408,11.5803
2.20081e+06,1.37195e+06,962488,612876,316422,218877,867397,458426,802148,9658.85,4535.14,74143.7,34731.4,44290.2,8929.02,10948.3,11.5827
2.17378e+06,1.37042e+06,951732,1.06485e+06,664956,418211,954001,739715,863726,3967.2,2055.07,597547,67795.7,24563.7,20329.2,4792.61,11.5842
1.58166e+06,1.14698e+06,827387,376263,180444,134831,802977,307128,735060,7959.54,952.653,25831.1,32902.8,20043.2,6090.82,5601.47,11.5852
2.03746e+06,1.61552e+06,756706,365462,251294,200164,753265,297793,736340,3687.78,25.6541,51501.2,33493.6,38195.8,5827.52,5457.37,11.5864
1.73799e+06,1.14079e+06,914096,885597,757461,530364,856914,661374,803416,7853.53,2853.19,382518,48443.2,18815,10496.2,10869.4,11.587
1.90692e+06,1.32976e+06,860420,559729,455622,337020,811148,451367,744045,6629.32,407.846,100192,25633.8,24363.2,7681.63,5929.08,11.5902
2.46781e+06,1.92583e+06,768856,440401,296655,229165,776703,356412,741391,7535.46,1753.43,69483.9,81142.3,28335.8,4802.35,6776.96,11.5902
1.31786e+06,987533,800697,591634,480428,351348,820431,472759,750870,7635.68,1747.74,78188.6,31943.2,16135.8,6399.46,5570.4,11.5912
1.94818e+06,1.32318e+06,883413,830207,562200,371909,906997,612907,812724,9066.59,3139.49,70145.2,57705.2,26669.2,8759.98,9860.41,11.5958
1.68987e+06,1.1088e+06,914428,832548,603310,439227,824143,663343,753048,7282.66,802.218,111338,32694.5,19479.3,4860.16,3097.02,11.5969
2.38335e+06,1.60315e+06,892001,838017,709460,495340,859361,625618,803702,12043.3,2106.57,23730.1,46033.5,13647.2,10194.8,6481.32,11.5979
1.1907e+06,822242,868866,587984,418034,300052,835923,457097,771806,11167.8,3588.37,28381.2,39713.5,19876.9,7181.37,3776.59,11.5979
1.67873e+06,1.21797e+06,826980,603360,378078,288334,786750,471565,767691,15827.6,4308.02,51236.8,37452.1,15005.4,9281.4,4132.2,11.5993
1.47983e+06,1.03921e+06,854402,712684,549087,397718,828356,573563,745534,9896.04,276.186,51030.1,34017.6,38305.2,7950,4622.08,11.5997
2.78265e+06,1.76485e+06,946024,1.03933e+06,671617,485403,830176,815765,764432,11491.1,1827.45,42161.5,22853.9,8908.58,1676.14,3240.8,11.6016
1.42882e+06,1.03153e+06,831092,476989,262759,189616,831446,384260,744792,8673.3,-153.97,84572.1,25614.7,17637.7,6258,2915.55,11.6026
1.98815e+06,1.42902e+06,834760,514886,362441,270824,802973,394502,783092,8893.8,3523.94,60119.9,66710.9,45797.9,7720.86,5389.34,11.6028
1.60075e+06,1.18582e+06,809942,526573,498361,372807,802068,413091,764828,8856.95,2369.16,34833.5,31078.6,5018.05,6720.7,6309.23,11.6048
1.48413e+06,1.01197e+06,879941,450395,293302,202651,868394,326783,826962,12827,4650.47,31563,82775.1,48458.6,8637.51,4636.1,11.6055
1.7204e+06,1.1435e+06,902698,451513,419047,333254,754464,373863,724618,4608.46,847.129,170903,13355.2,12990,4892.77,6780.56,11.6077
1.8666e+06,1.33308e+06,840131,571098,421392,297335,850338,442077,775111,9953.75,1993.65,24233.3,35435.7,28445.4,7106.25,5239.37,11.6078
2.28731e+06,1.46312e+06,937988,1.09663e+06,616056,357895,1.0328e+06,728201,903569,38537.4,1470.81,42464.6,62705.9,44335.3,15950.6,6567.69,11.6103
1.65565e+06,1.11721e+06,889169,832257,459770,305942,901680,602585,828687,24445.9,5029.51,172367,39841.9,30467,10558.6,8782.78,11.6123
1.63605e+06,1.15392e+06,850689,619668,545408,384608,850853,467533,795239,13209.4,3065.35,46481.7,46495,29422.5,8197.49,5665.81,11.6126
1.32868e+06,1.01922e+06,782176,571348,356326,272917,783373,474263,722825,6079.41,1687.91,211313,22689.4,21021.8,5370.11,4866.56,11.6139
1.44253e+06,924815,935884,846290,697946,468666,893530,636203,798132,10143.5,2503.71,45392.3,59301.6,32132.1,13127.7,6353.66,11.6165
2.09249e+06,1.56224e+06,803648,464385,382854,292944,784152,381946,729504,8623.09,890.716,1.0128e+06,42739.9,16462.4,4918.78,5026.97,11.621
1.50685e+06,954451,947258,670707,520058,332934,937227,481144,836391,8386.71,1632.24,187570,41895.6,28799.6,8036.63,5588.12,11.6211
1.42163e+06,975221,874653,897421,542605,382274,851649,666746,807583,12616.1,2007.01,122657,66056.6,65472.5,9206.92,6245.75,11.6231
1.52071e+06,1.02105e+06,893613,649396,322691,228094,848837,506336,769524,7093.59,1715.22,57456.2,70862.5,83442.7,8108.61,7001.89,11.6236
1.75528e+06,1.30885e+06,804651,447991,346097,261884,792940,372666,721274,7357.26,307.944,57523.9,31591.9,12931.2,4917.73,5536.54,11.6251
2.11608e+06,1.33623e+06,950173,950776,729536,467553,936197,652478,874306,17846.7,1984.35,88616.8,43791.5,26961,12573.7,7809.35,11.6276
1.68876e+06,1.3018e+06,778351,576109,354544,248400,856387,432407,799398,13155.8,1003.77,132210,42765.3,38153.3,7089.01,6007.01,11.6293
1.02395e+06,802584,765491,667988,535673,386500,831575,489989,817963,12983.6,2131.14,83220.9,38739.9,30857.7,7549.16,5181.27,11.6296
1.31739e+06,963723,820188,493849,315748,232385,815237,375169,789803,14425,1477.46,165487,35957.4,21461.7,5142.24,4736.26,11.6304
2.13209e+06,1.47873e+06,865106,502581,386399,279565,829286,396853,759849,7935.16,342.634,55658.2,56350.8,50448.6,6899.23,8434.93,11.6321
2.76653e+06,1.85086e+06,896839,829107,548239,383318,858147,615374,808393,8928.55,1657.45,101531,161030,22438.8,8258.83,13866.5,11.6363
1.0382e+06,722055,862702,461355,328890,234776,840519,344751,802936,6662.25,859.449,48979.1,27633.2,15053.5,6587.36,7134.65,11.6367
1.45725e+06,1.0839e+06,806669,489778,306385,224290,819614,367742,799111,10332.3,2048.96,42155.4,37603.1,9635.81,6197.47,6689.94,11.6412
1.72738e+06,1.08166e+06,958185,878754,561034,372043,904790,650574,810442,16290.5,5249,54752.1,51695,43595.1,10194.5,7044.03,11.6413
1.86323e+06,1.36839e+06,816972,493492,311306,230975,808673,406817,727834,6049.7,621.181,60585.1,72089.9,30482.6,5461.14,6040.85,11.6416
1.83358e+06,1.37864e+06,797997,412450,346125,262044,792521,325007,761431,9812.5,2763.04,69746.2,33797.6,6319.81,5960.79,3656.93,11.6425
2.04414e+06,1.28212e+06,956608,769619,634115,420032,905809,564510,818004,19227.4,4926.06,23945.7,37698.1,23614.1,18109.9,5366.88,11.6455
1.81061e+06,1.3844e+06,784724,462770,354216,260096,817120,365106,760497,11084.6,1920.08,52322.4,52916.3,10777.4,6623.89,5414.8,11.6462
1.1898e+06,805469,886294,576635,409761,288497,852199,440911,784696,10709.9,1123.95,53057.5,23695.4,11911.9,7841.74,5673.3,11.6463
1.7372e+06,1.19039e+06,875612,682614,442151,310356,854795,519569,788285,15681.1,5245.54,62500.2,49306.3,16799.2,6543.37,9965.48,11.6474
1.74108e+06,1.29364e+06,807525,546191,389401,287847,811683,452904,723586,11424.7,403.662,1.0669e+06,59300.6,32745.2,7961.93,3801.31,11.6493
1.25025e+06,834255,899186,570034,375200,254803,883506,433880,788283,13748.7,131.173,104488,68520.3,16462.9,7091.46,3721.22,11.6518
1.96641e+06,1.4722e+06,801417,439751,269688,198401,815586,354426,744445,6276.97,168.536,61449.3,77180.5,22015.7,4195.33,4389.86,11.6541
1.43228e+06,832963,1.0317e+06,791310,578672,348502,996273,519964,913114,9829.61,2442.24,25378,41276.5,22632.5,9393.17,9324.17,11.6557
1.23202e+06,917241,805910,577145,477287,364863,784876,471601,734279,8366.61,1319.21,46272.5,33771,20689.2,6587.44,4508.66,11.6563
1.68417e+06,1.25617e+06,804430,713452,610228,450376,812958,541199,790968,12297.3,1636.03,142341,41838.8,15491.1,8071.49,6059.55,11.66
2.2467e+06,1.57029e+06,858456,422607,347990,263734,791685,349568,725365,10699.6,2488.98,23000.7,21284.6,23421.9,6140.98,4907.07,11.6609
1.13237e+06,741323,916500,536278,409366,280508,875625,404009,796435,6592.49,1702.41,152107,28739.2,18333.7,8052.55,3841.58,11.6618
1.37433e+06,991849,831374,748437,436990,317790,825054,584643,768097,6084.72,1924.5,59686.8,93954.3,34799.6,6937.96,5013.43,11.6618
2.14088e+06,1.53183e+06,838556,537764,347010,241156,863368,398414,809858,10767.6,4401.42,27450.2,83536,33032.2,10271,8959.5,11.663
2.34152e+06,1.64355e+06,854801,595925,347643,255395,816719,461686,774455,12093.5,1969.29,24883,78811.8,41753.3,7519.84,8787.3,11.6643
1.7634e+06,1.35567e+06,780457,500934,420550,322426,782599,397035,757012,18492.7,966.476,120140,43578.8,20785.8,9249.55,3887.88,11.6654
1.43226e+06,1.05128e+06,817438,620251,479243,321054,895630,456648,814961,7462.16,3826.97,117764,37645.1,16705.2,7585.41,5415.35,11.674
1.52519e+06,1.1886e+06,769906,483697,397329,295864,805767,375576,772728,6587.32,3607.39,128002,28177.7,9562.51,5689.56,5098.87,11.6791
2.26868e+06,1.63613e+06,831968,583892,423898,293676,866051,423141,827939,13460.7,3191.8,59527.6,55927.7,17576,11589.7,5149.39,11.6799
1.39836e+06,930222,901951,497276,276632,192894,860468,355752,838689,3545.33,108.969,11922.4,14751.4,5895.33,725.292,905.62,11.6807
1.53162e+06,960353,956912,900677,471376,302473,935044,624210,865744,13321,2443.81,89012.9,34828.5,56764.7,10342,7087.87,11.6808
2.64723e+06,1.80018e+06,882322,435196,296483,213759,832198,353306,739070,5736.72,436.289,31012,30562.6,40156.1,6121.17,3943.45,11.6841
1.56355e+06,1.13577e+06,825984,402596,252060,193445,781802,330680,730487,12271.7,3935.01,80507.9,58193.4,28695.4,12738.5,3837.31,11.687
1.17065e+06,824002,852412,737408,436600,322875,811336,597847,740064,7648.83,3121.06,92707.3,34364.2,18703.3,6016.68,6128.65,11.689
2.15076e+06,1.63175e+06,790844,470398,392662,304392,773993,381859,739117,11642.7,1162.86,246392,36855.7,21273,5015.22,5410.01,11.6937
849751,599581,850345,599649,358284,246905,870659,447934,803220,9877.89,866.442,113540,29250,38469.6,5195.38,3458.49,11.6958
2.02302e+06,1.26171e+06,962037,857428,508805,309919,985042,567712,906194,11191,3544.45,51103.9,44373.6,42097.6,12214.6,7200.27,11.6994
2.14868e+06,1.62743e+06,792176,373551,299132,227225,789874,297333,753803,7171.66,1846.85,57665.7,46287.9,145282,6034.98,5084.25,11.7002
1.3663e+06,986920,830644,814430,614380,449674,819767,646261,756131,5576.96,1548.95,27987.8,59109.5,47620.9,7758.55,5823.6,11.7004
1.66371e+06,1.20388e+06,829171,584239,328523,242601,812503,462598,757772,7958.77,1372.67,24070.7,39625.1,30953.6,6917.55,8091.32,11.7007
1.9721e+06,1.29963e+06,910458,751877,578214,414829,836316,589321,765502,5597.05,986.929,47104.6,28039.2,12789.1,5076.83,4199.35,11.7008
1.35476e+06,1.00082e+06,812191,407263,312083,227210,824127,315438,774663,13654.9,2885.3,148269,63705.9,13889.6,6745.67,3580.95,11.7014
1.39264e+06,1.01219e+06,825516,447608,231361,168877,821998,351630,763771,7810.18,728.854,386473,35316.9,6013.8,6271.01,3756.45,11.7051
1.7442e+06,1.21976e+06,857970,599440,478524,341700,840254,472464,761252,5206.46,969.043,95675.7,43678.1,34708.5,6946.7,4562.58,11.7052
882239,598116,885018,496695,327709,232680,845046,375290,794098,5443.13,2660.83,191764,28943.7,8052.29,7372.86,4758.27,11.709
1.08497e+06,689092,944694,785120,407896,274085,892925,586720,802890,10576.4,3032.04,63562.4,44667.3,26415,10023,4607.01,11.7109
2.21731e+06,1.73094e+06,768590,416612,327865,256558,766762,340577,733953,14253.1,310.088,51143.5,45177.2,24768.7,6276.45,6477.69,11.7127
1.25562e+06,850920,885362,776968,483142,337737,858316,580746,802727,16032.1,687.808,438800,33651,49366.9,6141.56,5836.91,11.7137
1.639e+06,1.121e+06,877251,807641,598867,410650,875004,597595,810891,8469.97,3466.7,89271.2,53316.1,44765,8670.85,7546.55,11.7151
1.53589e+06,1.18275e+06,779150,700663,531393,372782,855288,531812,790500,12495.8,1901.73,457409,51669.7,24504.3,9508.67,4385.58,11.7152
1.38483e+06,940740,883236,740002,603637,425324,851545,570997,777590,7334.2,1627.94,99213.7,28252,14195,8543.53,7002.15,11.7166
2.22418e+06,1.37837e+06,968179,1.193e+06,866987,546272,952259,842146,849974,15465.7,4305.23,38226.1,56020.3,50778.6,11583.5,7881.12,11.7227
2.70425e+06,1.81556e+06,893693,765198,457505,317634,864212,562841,815717,10571.8,1856.09,75039.8,96999.4,50670.8,11223.8,8529.33,11.7293
1.84989e+06,1.20041e+06,924628,528481,476495,328341,870732,378357,838068,9364.35,3443.18,65359.2,28974.3,12980.9,6728.63,4586.38,11.7301
2.05442e+06,1.48536e+06,829868,381762,303410,220692,824888,313917,729674,12361,1478.97,43403.6,37270.8,14943.5,6530.74,3235.53,11.7303
1.83572e+06,1.42898e+06,770782,434423,299765,224877,799810,332427,784094,12724.6,320.977,71530,49542.3,37302.4,5033.48,5865.44,11.7322
2.65578e+06,1.69962e+06,937546,813073,509926,321460,951768,580878,839838,6090.81,2455.07,32228.6,57061.1,50502.7,10801.5,7561.53,11.7408
2.56656e+06,1.5193e+06,1.01358e+06,471634,328290,212800,925630,329138,859761,6249.3,1224.9,48089.6,79558.2,51781.6,15434.1,2963.64,11.7425
1.40117e+06,933898,900206,787367,360413,256189,844094,624122,756936,5982.13,4791.13,50468.3,59953.8,44437.3,6428.7,6622.76,11.7451
1.20067e+06,799406,901172,623428,300575,219970,819862,490508,762590,13520.5,3186.9,13631.3,42207,24809.6,11161.2,3937.69,11.7452
1.84085e+06,1.17135e+06,942936,536957,342063,237886,862756,373087,863537,9269.36,3505.27,45119.6,61241.3,57819.3,6172.78,6688.31,11.7483
921990,619450,893041,452232,233011,160092,873289,351206,772593,3549.42,438.434,11446.3,16113.6,22095,4241.04,4188.91,11.7498
1.53786e+06,1.1959e+06,771568,560272,387032,294307,789038,427998,785432,7678.04,3499.96,111850,38604.6,17069.4,9064.4,4851.57,11.7505
1.98592e+06,1.27020e+06,938077,1.1314e+06,695366,449376,928442,821560,826282,23335.7,5576.85,109666,46461.3,23393.5,15267.1,5695.29,11.7523
1.89287e+06,1.4407e+06,788316,371576,245462,176894,832573,291798,764041,9511.33,583.029,127860,56929.1,33505.7,8707.97,4322.07,11.7525
1.44132e+06,1.21173e+06,713682,371050,220974,176197,752477,308374,721948,7211.29,4152.89,895581,23245.2,20935.4,6026.3,3033.22,11.7543
2.12525e+06,1.58741e+06,803293,500439,391701,283699,828416,378029,794287,10909.9,3692.63,49665.3,42406.5,15125.8,7461.62,10481.9,11.7547
1.31068e+06,946406,830943,601154,428106,302149,850123,445340,809926,6131.65,695.712,102817,40049.7,22309.8,7127.72,5959.74,11.7556
2.01688e+06,1.50308e+06,805100,318616,287193,217828,791064,260209,734678,6277.7,162.222,78419,24699.5,7815.75,6872.66,4237.61,11.757
1.73669e+06,1.34365e+06,775513,456475,384283,300827,766453,380277,720225,9576.32,619.261,99983.8,27430.3,16437.6,6335.74,3731.37,11.7572
1.55516e+06,1.06413e+06,876864,707404,445238,295303,904640,515624,823162,11584.9,4388.22,96984.6,59997.5,33324.6,11600.6,4439.84,11.7642
1.37012e+06,864211,951240,821073,395012,265684,892064,598388,823285,7896.54,3444.86,57654.2,34410.2,33344.1,6617.24,4703.93,11.7659
1.44316e+06,1.02371e+06,845842,570297,288690,214224,808566,449511,761224,5619.51,1198.78,60702.7,48186.5,26926,5780.99,3040.37,11.7683
1.89014e+06,1.41797e+06,799798,441438,376541,270561,835022,346598,764178,10063,2698.28,58188,41058.1,12795.9,6234.27,4623.43,11.7712
1.98978e+06,1.52946e+06,780584,470874,304569,236278,773417,396896,711835,7079.18,733.485,66854.4,42008.9,16533.8,4771.22,4878.17,11.7715
1.38723e+06,1.01208e+06,822401,575230,478006,361467,793444,473816,728422,6526.98,2654.03,46162,30596.7,23561.8,5752.39,4049.42,11.7734
1.3785e+06,907896,911009,815477,553372,360010,922261,602749,811758,23190,3425.56,77757.8,76961.4,41576.8,13814.3,5970.8,11.7751
1.10838e+06,681203,976253,831284,473172,314632,902334,604556,825020,7417.41,474.353,184168,37980.1,34841.4,9053.07,8614.65,11.7796
1.54391e+06,1.03112e+06,898383,577872,373561,258901,865724,435748,795696,13766.8,4105.79,25975.4,34833.5,13794.1,7601.52,6431.93,11.7816
2.11106e+06,1.49779e+06,845673,610052,462871,327595,847762,460460,794924,11937.6,3260.65,51600.1,71100.6,40105.5,9903.46,9782.67,11.7834
1.37145e+06,1.05102e+06,782930,465733,302749,222494,816424,362943,769928,15365.8,3235.13,61176.6,40132.3,42816.4,5769.75,4187.77,11.7849
2.43532e+06,1.57389e+06,928392,670126,528374,362220,875226,505861,794834,12544.7,3816.74,59779.5,71029.1,38583.6,10257.3,7579.07,11.7873
1.5405e+06,1.10156e+06,839089,460382,295992,216303,821049,344599,801596,17135.2,2829.09,55007.8,72749.4,22942.9,8692.6,6205.8,11.7875
954688,657774,870835,444713,253778,189447,803742,359803,741595,8164.48,893.491,23886.9,36605.6,14541.5,5612.66,2873.72,11.7881
1.78877e+06,1.24177e+06,864299,739124,628962,440763,856191,557655,795249,21930.1,848.662,160399,80370.2,26159.8,9187.66,7320.63,11.789
1.23865e+06,901592,824307,478181,248958,182742,817408,387362,740674,9342.54,844.587,55758.2,31737.4,14259.2,6626.95,3105.48,11.7912
2.37536e+06,1.72693e+06,825292,411721,227593,177010,771457,332683,742546,5918.57,519.867,34365.4,35771.7,28233.1,4474.74,11663.4,11.792
1.69326e+06,1.19979e+06,846776,441858,391329,293935,798808,348514,760700,8091.08,-61.0947,111597,39640.2,20485.4,6987.33,8172.59,11.7921
1.67592e+06,1.25142e+06,803528,506614,397704,298436,799577,408108,744824,7874.07,682.133,105789,66454.2,10286.8,6532.95,5309.56,11.7924
1.64159e+06,1.21259e+06,812275,507132,426279,318376,803350,397831,764845,8119.06,-38.603,91078.3,32577.8,26733,5104.74,4842.81,11.7928
2.31631e+06,1.67238e+06,831023,392319,332430,246522,809089,305820,769705,12264.6,2110.87,59605,58041.4,28074.6,5601.57,8585.58,11.794
1.70957e+06,1.17407e+06,873665,544459,450374,345251,782690,447763,729572,3180.55,539.344,117439,37369.5,29378.1,5248.41,4236.36,11.7961
1.19108e+06,818155,873489,605987,523803,371678,845576,467881,777104,9671.73,1289.44,74481.4,34472.6,26412.2,6140.71,6500.89,11.7974
1.03157e+06,680036,910161,932206,731444,462875,948132,642679,870300,17033.2,3940.36,113080,113881,67455.8,13974.8,8729.97,11.799
1.38077e+06,985293,840827,454827,225331,159311,848647,350321,778989,14855.7,3662.29,36737.6,31228.1,9803.06,5790.68,4535.37,11.8024
1.79421e+06,1.38232e+06,778781,407505,298388,228540,783377,317323,770517,13632.9,450.502,225917,37631.7,13065,14579.7,4171.94,11.8049
2.13193e+06,1.37988e+06,927006,991002,624818,415501,902263,712573,834442,18832.4,2027.02,48186,51053,40899.5,12529.9,6742.2,11.806
1.61616e+06,1.21372e+06,798942,431058,369764,303185,731760,372728,693896,7407.72,763.953,54695.5,29870.2,17362.9,6646.95,4318.36,11.806
1.72353e+06,1.28341e+06,805761,434335,240695,164754,876561,326643,797816,10752.2,2121.39,56454.5,31468.7,10472.8,8917.77,3392.25,11.8075
1.74754e+06,1.12813e+06,929433,814857,472469,305809,926989,570207,857432,19902.5,3373.96,127679,48100.1,27078.4,10588.3,5729.97,11.8085
1.58581e+06,1.21139e+06,785447,662925,439888,328320,803889,531120,748898,8804.35,464.658,235675,34292.8,20057.9,8017.55,4603.46,11.809
1.51233e+06,1.11261e+06,815555,617202,456467,328533,833645,486617,761012,9302.24,4834.4,33261,35060.4,16148.5,6199.08,5678.68,11.8111
1.45556e+06,1.00042e+06,872968,585662,322085,225931,855353,449401,781924,8098.06,512.963,209366,33919.6,23409.5,11146,2218.89,11.8115
1.10953e+06,780701,852715,530586,276736,199962,830367,426842,745830,4188.63,88.8147,105322,34287.6,51529.8,5462.73,3222.77,11.8131
1.19977e+06,888503,810195,318350,162073,117175,829902,258116,740017,3611.12,1512.91,59163.3,21546.9,13711,4216.29,1771.44,11.8132
1.35112e+06,945730,857192,501071,471810,364118,777456,401196,749366,8100.93,2481.08,17149.1,40406.3,12128.8,5253.83,5050.93,11.8168
1.86344e+06,1.16478e+06,959891,1.05004e+06,706588,453986,933845,743239,847671,9651.8,4009.75,123477,59013,26807.6,10815.4,8198.27,11.8189
1.45874e+06,1.02592e+06,853133,645076,424595,302844,841216,491949,786760,11665.2,3363.58,172145,33650.8,23443.8,10323.6,6369.52,11.8219
1.77098e+06,1.36006e+06,781279,429475,301150,220524,819366,341649,754239,5297.81,1148.86,31255.7,36041.2,11569.2,4976.46,3707.65,11.8227
1.27796e+06,866761,884646,674660,583255,423794,825762,526752,768476,9476.65,515.808,62622.1,31827.2,16862.5,7638.84,6809.2,11.8244
1.71523e+06,1.17440e+06,876306,389467,318128,221920,860114,298904,781790,8882.41,334.906,32134.2,36765.4,12569.6,5198.78,4419.25,11.8263
1.18198e+06,834372,849964,659419,431830,298738,867308,476605,830146,8736.38,3512.58,8325.13,48839.1,19036.8,10396.4,6748.72,11.8322
1.71164e+06,1.17127e+06,876814,810052,620374,416754,893151,592781,819917,10825.6,3670.67,131632,67404.9,36809.5,8304.81,7588.89,11.8348
944949,586903,966036,725728,533833,367028,872684,531910,818629,9860.2,36.9481,40681.7,44410.8,26873.1,7724.61,6243.62,11.8367
2.1363e+06,1.69449e+06,756440,323329,226086,167586,809446,256384,756667,7531.17,3200.15,33978.9,42128,13574.6,6761.51,4558.34,11.8369
2.28037e+06,1.59798e+06,856219,644476,392165,282075,834171,501480,771088,8568.74,2532.21,85243.1,51240.3,37800.8,10056,6261.35,11.8452
884753,579812,915558,558949,282278,185690,912096,411616,814763,10203.4,3080.64,43989.6,28576.1,9396.31,5689.18,5014.37,11.8456
1.77947e+06,1.4209e+06,751413,515226,388143,300051,776155,415191,744563,4461.93,1090.7,62395.4,37287.5,15562.2,7510.65,5284.98,11.8489
1.34015e+06,972252,827040,608947,549294,434103,759213,489082,747049,9687.3,751.921,68800.6,37756,21276.7,4927.72,4043.35,11.851
1.30811e+06,934129,840211,602663,455684,329771,829091,450858,802021,6261.4,1021.81,106764,43719.5,14794.5,6524.69,6189.54,11.8552
1.60822e+06,1.09573e+06,880634,721403,578480,376266,922454,507376,853099,22258.1,3224.07,106175,60102.5,58245.8,11696.8,5480.64,11.8572
2.43759e+06,1.54831e+06,944614,802988,647410,447290,868444,610751,788853,16613.7,1399.42,55414.4,157316,34959.7,19193,9388.5,11.8601
2.37722e+06,1.50135e+06,950034,961385,582681,382986,912849,668224,863230,10572,4498.73,73277.9,80889,55433.9,12407.2,11607.7,11.8613
2.02278e+06,1.32788e+06,913991,796572,720101,488582,884315,574682,831665,10799.7,1290.25,25604,45176.4,16121,10773.3,12399.6,11.8647
1.60437e+06,1.22109e+06,788326,513783,318503,235990,809788,390579,789264,8718.41,1437.79,22314.7,61865.5,17295.8,6822.46,3877.31,11.8658
1.14568e+06,787980,872366,545725,279262,190718,878561,411260,796175,10121.1,1461.07,162164,38340.1,17357.7,8071.39,3759.2,11.866
1.62179e+06,1.10521e+06,880439,578974,415045,277888,896143,437424,794160,6758.4,3409.34,48308.3,33246.8,12372,7407.52,3935.66,11.8666
1.26278e+06,829276,913649,807328,485356,303552,959354,569882,849995,8708.7,2840.24,54330.6,49020.9,18740,8081.21,6483.66,11.8713
1.58893e+06,1.15612e+06,824624,582672,424397,303890,837928,456102,766502,12583.2,2673,45360,56109.5,15620.9,9570.96,6077.68,11.8732
1.87431e+06,1.40947e+06,797880,544586,332331,238673,835447,426454,766206,14250.4,3619.64,62465.6,50682,44740.6,9093.96,7854.1,11.8736
2.34631e+06,1.6347e+06,861191,708042,392235,255617,920677,514269,826076,21322,2736.46,91333.7,118420,25943,11519,5097.72,11.875
1.55437e+06,843947,1.10507e+06,794473,441090,205852,1.28565e+06,463350,1.02878e+06,10893.8,4096.86,342198,55908.9,37216.6,10368.8,5424.6,11.8751
1.9268e+06,1.24613e+06,927732,625652,487272,337648,865881,480120,781870,10404.3,1785.7,70730.9,45079.3,23514.3,6717.3,8438.41,11.8762
1.11067e+06,767567,868197,788021,458998,338120,814501,628583,752188,4272.82,8.93517,192028,31950.4,23138,6952.98,2650.15,11.8776
1.9513e+06,1.51747e+06,771534,441665,369961,270016,822086,339565,780407,16955.4,-49.9689,101737,38032.4,15180.2,6369.11,3808.52,11.8803
1.58612e+06,1.12184e+06,848311,541020,315322,220003,859957,426770,760625,11875.7,3775.32,62252.2,31546.5,27144.1,7346.85,5031.98,11.8811
1.27163e+06,922622,826968,491108,297422,211963,841907,380927,773547,6036.3,588.695,137340,31234.4,32062.6,6195.42,3821.65,11.8828
1.53774e+06,1.13354e+06,813947,464395,315825,225999,838476,344883,807918,9135.73,563.62,206263,30985.5,24385.2,6290.16,9352.63,11.8844
2.06713e+06,1.40909e+06,880197,532944,422606,302875,837188,419884,761559,9805.66,1723.87,53866.2,60060.2,34254.6,7457.47,7732.3,11.8874
2.01965e+06,1.50028e+06,807709,404285,317159,244926,776951,338102,717450,18269.8,821.107,98044.9,31728.1,10659.9,4702.29,3828.85,11.8886
1.39104e+06,1.09831e+06,759915,470007,281313,217948,774441,371472,759154,7597.6,818.345,209663,39866.8,12302.2,5626.98,6028.71,11.8911
1.36464e+06,959822,853056,628294,388841,268874,867711,495628,760604,8428.04,2083.13,54485.5,32516.3,19966.8,5589.98,3897.57,11.8938
1.69962e+06,1.22763e+06,830683,533261,291221,212095,823842,431016,742332,11450.5,3331.19,55020,32250.4,22238.1,7017.09,4994.65,11.8945
1.43333e+06,1.03788e+06,828615,518806,432299,316908,818469,421585,738365,7720.98,-52.792,30370.4,35359.4,17773.7,4309.96,7365.88,11.8969
1.87898e+06,1.34588e+06,837657,480940,310932,217318,858461,383968,751532,12326.2,2202.68,62407.6,60067.5,16922.9,5395.59,4629.68,11.8979
2.01408e+06,1.37241e+06,880531,565508,468812,346527,811732,462781,733186,10544.1,1965.06,38354.3,86756.1,33337.7,7538.41,5265.06,11.8986
2.25464e+06,1.61008e+06,840194,663480,426638,308445,829914,512060,777425,14889.3,3159.2,26955.1,60591.4,37784.9,8288.13,11942.3,11.899
1.54193e+06,1.13928e+06,812056,383581,346936,278349,747843,324754,708685,4884.95,661.124,43441.7,26549.9,21278.7,6380.84,4246.86,11.8992
1.96478e+06,1.51587e+06,777683,525845,307371,230411,800407,427607,737844,17163,521.762,95019.4,55003.5,31232.7,10748.6,4024.9,11.91
1.95096e+06,1.45812e+06,802799,474361,372715,273782,816814,385303,738683,12711.2,-377.987,177195,32934.8,14550.9,8074.96,4300.49,11.9102
1.70775e+06,1.31964e+06,776458,456825,291966,224357,780807,372971,734897,9742.96,3511.51,27235.5,24654.6,10724.7,6284.79,4006.97,11.9103
1.27487e+06,926945,825210,473656,226968,173839,783375,400700,709242,3685.52,880.776,27784.9,23133.2,18431.2,4210.17,3097.42,11.9122
2.21518e+06,1.73494e+06,766084,373649,233476,179448,780648,300664,745647,8551.83,1328.08,33890.8,21576.9,22953.9,5503.17,6653.23,11.9125
1.18116e+06,817955,866427,558057,355632,250665,851253,422500,792507,12916.4,1996.64,115064,34752.7,24097.5,8654.86,6831.74,11.9132
1.44963e+06,1.04045e+06,835964,653870,400008,300860,797729,558378,702610,8610.35,1273.85,248407,65523.6,12957.6,12676.3,4262.08,11.914
1.19823e+06,807831,889964,815521,486725,325173,898092,559931,873880,14774.4,2514.38,182351,66454.3,76355,9038.89,6881.29,11.9145
1.5751e+06,1.12065e+06,843314,513812,418667,311269,807020,419911,734172,6537.25,3412.25,53081.1,66253.6,21535.5,6691.17,3837.33,11.9169
1.83497e+06,1.38726e+06,793641,507511,305470,218895,837307,397890,765304,10311.8,210.587,135788,96084.5,43072.2,5635.25,5026.17,11.9179
957389,626399,917041,518423,456024,319644,855997,384842,808264,3385.5,402.238,286401,28240.5,34227.7,5450.35,4307.5,11.9194
1.33503e+06,901835,888210,680262,517914,355975,872951,517632,788508,8768.36,1179.81,265038,27965.7,15614.2,9904.44,4771.41,11.9203
1.47463e+06,1.12411e+06,787091,375793,192921,142187,814087,307287,733763,6840.33,799.211,51230.5,36645.4,17080.8,5324.18,2638.35,11.9223
1.13724e+06,769654,886561,501297,320843,231686,830891,368022,817284,4625.1,1865.03,93445,27704.9,37361.5,5049.88,9549.31,11.9224
1.98192e+06,1.47657e+06,805351,468053,358777,267174,805715,364713,770008,6710.11,2122.25,49490.7,62949.4,35687.2,7291.24,4917.62,11.9266
2.10056e+06,1.37711e+06,915201,785329,664882,427572,933011,536639,878053,20502.8,3833.92,70085.3,49561.5,18613.9,11472.3,8143.64,11.9273
1.50349e+06,1.16829e+06,772151,622686,416155,313023,797682,497850,750450,11776.3,593.122,237510,34167.2,17617,11949.4,5409.76,11.9277
1.48481e+06,1.1116e+06,801445,342141,185737,138683,803576,273777,749825,8751.67,416.337,203776,50543.9,29380.2,6156.56,2668.07,11.9299
1.35371e+06,1.00026e+06,812014,491731,417115,322862,775158,387817,760768,7493.48,3837.6,61947.5,32169.6,13452.8,5716.3,4128.84,11.9331
1.05021e+06,650902,968078,525188,334094,206227,972020,361582,871484,14345.9,3068.74,63203.1,34412.2,24489.6,7304.07,4810.56,11.9331
1.59079e+06,1.19706e+06,797350,438835,275168,199808,826298,341274,771523,13214.7,1966.27,56971.7,32366.1,24773.9,6291.11,5379.81,11.9343
1.38348e+06,1.06324e+06,780720,431980,246658,185048,799763,346188,748691,5794.92,1507.82,58911.1,30072.4,4736.93,6105.32,3669.02,11.9377
1.22711e+06,878693,837912,603570,320181,222329,864074,468954,772234,5861.66,1179.19,37992.5,28153.4,25012.5,7462.91,3502.78,11.9389
1.66514e+06,1.26247e+06,791375,475585,336331,251974,800871,371310,768497,8813.42,1768.04,94489.2,47831.3,34110.7,6446.79,5417.09,11.9436
1.7408e+06,1.31857e+06,792130,369107,255507,181984,842405,291636,759386,11066.5,1141.43,94530,42431.5,10263.8,7443.76,4119.32,11.9439
1.93122e+06,1.37584e+06,842198,559233,497317,349926,852723,415089,808356,9205.82,3578.99,129171,29355.6,13052.9,7987.55,7412.88,11.9456
2.35601e+06,1.67547e+06,843706,684259,413647,298763,830719,535270,767006,11742.9,654.675,55830.8,127987,61184.4,10135.2,13879.5,11.9457
1.78157e+06,1.01039e+06,1.05794e+06,746522,602181,368167,981371,494080,906560,17005.5,1790.05,244045,65813.1,36334.3,12786.9,6752.77,11.9469
1.38225e+06,1.01241e+06,819190,331814,152650,111392,822231,272041,731833,4108.37,2599.64,88219.9,17975.7,6236.5,4071.24,2074.81,11.9518
1.5084e+06,1.12512e+06,804390,560678,502678,386523,780307,451259,745485,5506.65,576.516,233449,25618.9,7998.65,5346.17,5864.51,11.9527
2.1222e+06,1.59569e+06,797976,482475,311292,233762,798998,374651,772679,12445.4,1628.04,67561.1,43440,11266.7,5283.74,8492.87,11.9547
1.63564e+06,1.25497e+06,781998,422401,308342,231032,800778,332417,762418,11915.9,712.969,127530,31300.3,14237.1,6840.73,4738.54,11.9548
1.92528e+06,1.10838e+06,1.04221e+06,1.03731e+06,818288,492020,997871,660695,942015,26455.7,2646.21,30841,53713.6,34056.9,13442.1,11909.1,11.9573
1.22749e+06,709808,1.0376e+06,238461,161645,103923,933259,154808,924220,6161.38,-43.4159,23999.9,25729.7,14221.6,6283.57,1689.73,11.9575
1.98067e+06,1.40977e+06,842974,499783,325158,247978,786742,394399,760320,5739.54,1329.1,533877,44097.9,34284.5,5280.78,6090.18,11.9583
2.63041e+06,1.74154e+06,906234,700801,381643,246180,930155,507755,828117,8442.25,1776.31,85551,50380.4,57851.4,12056.6,10386.7,11.9589
2.21247e+06,1.68552e+06,787579,553312,340886,257259,795043,426313,778740,9720.84,1573.98,53646.8,99001.6,32267,6774.45,7331.19,11.9608
1.00622e+06,647609,932247,875710,737598,497514,889541,624211,841745,9210.63,474.929,139590,40171.7,25487.3,9453.14,7421.37,11.9631
1.4784e+06,1.13015e+06,784886,415133,207417,147037,846385,325162,766018,6161.79,168.288,84387,21989.7,9093.44,4061.23,2942.69,11.9634
1.41729e+06,914471,929909,864996,683771,457033,897666,635805,816285,10604.8,1836.44,71880.5,38727.9,22428.2,8000.46,6791.88,11.9647
1.50736e+06,1.07772e+06,839197,460112,337681,248240,816181,385627,715892,10366.7,309.398,92622.2,36534.1,15473.8,8254.67,5328.06,11.9659
2.05476e+06,1.57436e+06,783082,428664,375686,285991,788177,347522,740092,16586.1,2774.6,110838,22924.8,21557.1,5281.42,4202.17,11.9691
1.56175e+06,1.13009e+06,829180,551355,308591,220273,840569,428723,771624,8527.58,1662.34,123420,28365.3,42114.2,5643.07,5014.78,11.9692
1.95858e+06,1.33584e+06,879707,594084,298056,191160,935517,435588,818320,8278.88,2525.27,105506,37681.7,23669.5,8634.18,5356.06,11.9709
1.18912e+06,819410,870715,846762,495640,342091,869313,640469,793258,3584.73,945.821,35689.2,32877.7,50063.6,5140.7,9648.43,11.9712
2.07757e+06,1.55789e+06,800149,460680,368549,266543,829621,365587,756067,10551.3,1093.88,69961.2,63495.1,16584.1,8911.89,3023.57,11.9741
1.81432e+06,1.28378e+06,847956,802763,590354,387740,913531,572481,841351,13428.4,1522.16,62599.9,46958.8,31653.8,9239.29,5777.65,11.975
1.83067e+06,1.38184e+06,794884,444582,356227,272085,785550,368617,723649,5338.08,502.636,66723.1,30716.9,10874.6,6452.62,4133.08,11.9778
1.91236e+06,1.4897e+06,770230,276178,258002,218836,707383,245909,673855,7041.91,-586.219,102254,65114.9,17863.7,3720.86,2587.16,11.978
1.4254e+06,1.1175e+06,765315,724972,859136,841212,612784,632522,687696,10973.1,3611.58,26703.3,43940.5,33587.1,8659.69,7394.01,11.9793
1.56938e+06,1.18471e+06,794818,602022,362187,256709,846531,463145,779914,8676.03,1899.28,244698,25990.3,13472.1,11104.6,4280.88,11.9795
1.51334e+06,1.06434e+06,853113,541620,427523,289204,886964,391794,829446,13534.6,3532.25,92595.5,33560.9,19929,11649.6,5377.15,11.9796
1.70819e+06,1.26057e+06,813055,466358,253082,180145,842929,362634,771618,11871.1,3164.81,37033.1,24091.3,15344.7,6832.7,3407.23,11.9799
1.22429e+06,860886,853278,622313,465324,330487,844796,485632,768870,8511.5,72.9623,48834.7,33151.4,32488.7,6481.17,5790.82,11.9812
2.37633e+06,1.59442e+06,894241,380150,343592,229943,896549,282871,806338,6067.25,312.251,24642.4,26037.3,7129.24,5504.58,4422.3,11.9815
1.57215e+06,1.17414e+06,803391,370681,220105,170794,773229,315474,704998,5980.01,813.274,27790.9,24136.6,16157.4,4569.36,4186.01,11.9851
2.14645e+06,1.47722e+06,871823,682400,572019,398692,860843,502992,814009,16576.1,2368.27,205855,40772,14998.8,9831.05,8846.73,11.9866
1.44764e+06,1.00852e+06,861246,506099,428450,317580,809464,402001,755370,6887.74,962.334,31503.6,27405.1,9807.48,4607.69,4176.18,11.9869
1.06395e+06,822593,776046,350346,229192,175430,783875,287607,730885,4134.29,-149.194,235616,17015.5,9631.32,3328.37,3605.63,11.988
1.98462e+06,1.4229e+06,836864,579420,425198,316238,806731,461954,752569,9022.55,2092.24,113445,33156.7,17100.2,6513.78,3608.17,11.9913
1.70129e+06,1.26808e+06,804974,442897,275890,199793,828527,344555,771250,10720.4,3182.94,68055.6,29880.8,20402.8,5472.16,6606.89,11.9952
1.57116e+06,1.11505e+06,845434,409943,234777,157987,891630,312062,788196,11991.9,1801.91,38180.1,19029,13489.7,5385.81,4890.99,11.998
1.35933e+06,939467,868151,682714,401664,278017,866848,510048,803117,7102.01,1578.61,108109,25154.6,15808.5,7049.43,4179.2,11.9983
2.1731e+06,1.41765e+06,919734,926712,726082,489046,890815,678218,819835,15901.8,1478.68,397341,89782.9,17623.6,13441.5,6581.29,11.9984
1.34226e+06,943198,853860,486565,357015,247695,864809,368515,792203,4942.38,-183.853,20819.6,26531.4,20254.8,4598.55,3617.09,11.9984
1.50752e+06,1.08600e+06,832878,644628,502111,382366,787902,523401,738968,4603.2,-170.835,58875.1,42531.1,40444.4,3877.85,4886.48,12.0013
2.11281e+06,1.42116e+06,892003,803176,396714,271067,878118,586906,821096,8929.27,4613.78,61722.2,84239.7,50613.5,9962.82,5929.18,12.0035
1.57725e+06,1.06599e+06,887768,712817,570947,399447,857606,545154,784531,10928.3,1700.77,46969.5,45756.4,23422.2,8771.12,7969.49,12.0044
1.97518e+06,1.38444e+06,856017,857018,618174,423866,875051,626221,821133,20370.3,981.616,81713.2,116470,122020,12084,9667.87,12.0065
1.48085e+06,1.07990e+06,822765,396571,305712,230959,794199,310942,765232,5269.13,502.317,27072.9,47565.9,31328.5,5693.17,8988.39,12.0065
1.82046e+06,1.24578e+06,876780,701281,598184,408918,877708,508695,827153,20979.5,4740.86,103915,65325.4,20501.7,15712.9,6684.51,12.0103
1.39459e+06,954426,876712,622207,563787,384235,880378,458193,814775,8867.57,159.006,419121,36152.7,27346.9,10966.8,6245.21,12.0115
2.29189e+06,1.55124e+06,886470,635350,541698,381133,852771,459550,829529,11924.2,4010.33,47306.8,77744.8,50016,9566.59,9358.63,12.0123
1.15902e+06,784716,886193,756091,421166,276193,914938,566909,800225,12008.3,2780.38,97085.9,39647.8,22274.8,8093.21,5077.03,12.0162
2.08517e+06,1.50555e+06,830995,749660,508765,334536,912485,543397,827748,21488,2374.91,50315.8,48411.5,21491.5,11781.8,7428.41,12.017
1.3042e+06,1.05693e+06,740371,468230,286585,199988,859806,331969,846277,7982.39,92.1867,87822.8,40084.5,25605.9,5734.16,5023.96,12.0174
1.62108e+06,1.15021e+06,845623,410073,319938,237018,809907,342234,718935,7107.65,780.237,43225.7,27617.4,7566.52,4819.13,4682.4,12.0202
2.00862e+06,1.37253e+06,878069,617960,406636,272177,896409,447197,829111,11009.1,2277.61,19358.4,43049.2,26853.4,9528.69,8339.76,12.0203
1.78037e+06,1.34984e+06,791369,644408,476188,335353,851976,494803,781411,15648.9,1862.38,71897.5,48359.3,27043.9,7553.17,6441.95,12.0222
2.1814e+06,1.48494e+06,881407,416152,303115,214504,847857,319421,781699,7388.38,1661.87,49323.1,35707.3,27230.6,6679.59,5246.61,12.0235
1.89074e+06,1.44714e+06,783922,390666,341571,267317,766665,322051,727834,7075.93,37.4388,117840,44653.6,8820.64,5414.26,5624.57,12.0239
1.65671e+06,1.09851e+06,904890,417294,206054,140668,878896,308792,810825,11021.9,2441.05,33980.5,29099.6,15237.6,6424.33,4174.24,12.0278
1.69758e+06,1.27755e+06,797266,505955,424189,310297,820225,408011,744032,15666.7,979.71,108464,28347.2,8992.59,6452.51,5441.65,12.0315
1.71243e+06,1.28499e+06,799586,532214,535621,395805,811947,406037,786451,14137.6,2822.38,26876,36322.7,26552.1,7802.18,4893.61,12.0336
2.15631e+06,1.52255e+06,849748,600336,411036,287663,857327,438049,822286,17004.9,3837.38,56264.6,50424.6,18425.4,10429.8,6443.79,12.0344
1.40254e+06,995238,845549,538044,287841,209529,824251,435863,740660,17558.2,1126.11,52474.6,35113.2,15814.3,7470.08,3493.17,12.0345
1.98259e+06,1.22105e+06,974208,909414,732304,478832,917612,639437,853327,23808.6,2668.53,55069.2,44133,21390.4,12105.4,7471.46,12.0364
3.03016e+06,1.96497e+06,925252,813196,622176,416448,896404,609813,800110,12980.1,1516.12,61071,171384,31901.2,7497.45,7706.81,12.0364
1.5075e+06,1.07586e+06,840719,441340,251399,178993,842711,350178,756199,12094.8,1900.69,32019.8,39841.5,18700.6,7247.8,3853.01,12.0372
1.95725e+06,1.43513e+06,818288,536906,322857,237271,816427,408275,789035,10039,1635.42,52240.2,31537.2,18801,5559.58,4304.19,12.0377
1.81803e+06,1.42752e+06,764136,429199,278704,211307,791373,338968,759717,6759.42,1059.22,67543,33302.1,15008.8,4926.69,4229.88,12.0395
1.20832e+06,683614,1.06053e+06,887781,730910,471574,929962,624744,852619,8312.02,4032.61,218556,42127.5,30875.8,11900,7910.22,12.0399
1.80378e+06,1.31791e+06,821203,517694,429048,306398,840177,401315,773997,8611.87,277.082,518675,31582.4,15452.6,8411.31,4898.74,12.0446
2.00367e+06,1.43322e+06,838808,477089,367355,275932,798794,386717,740214,6794.6,199.721,51982.2,67877,48288.9,7456.35,3386.86,12.0452
1.33873e+06,1.0271e+06,782044,495289,363667,280475,777966,402561,738208,7966.88,1184.58,279078,24107.7,16485.4,7827.15,4144.29,12.0476
1.32698e+06,918497,866841,540188,431429,317400,815556,413687,783473,11630.3,3998.38,39276.6,35255.4,14413.1,8044.96,4846.06,12.0484
2.19135e+06,1.46422e+06,897962,677434,498714,337883,885598,472090,860981,12864.9,2430.07,109240,49703.2,18812.1,9976.26,12710.5,12.0489
1.50197e+06,1.09456e+06,823326,370608,168237,125920,801636,308243,721395,5292.98,1377.33,35871.3,23936.6,18043.1,4530.46,3926.04,12.056
2.06552e+06,1.5014e+06,825441,608622,515022,373997,826245,473071,771921,5930.94,2845.39,72582,62193.1,13808.9,7887.02,4034.36,12.0563
1.06569e+06,732018,873492,528631,322407,227794,849208,404225,784659,5539.23,157.629,403410,32968.5,12545.6,8012.85,3530.48,12.0584
1.82159e+06,1.26337e+06,865112,656534,391668,260454,902273,490343,803357,15492.1,4390.1,50142.3,51030.7,19224.2,9436.53,4911.77,12.0585
1.14355e+06,921350,744701,491966,296847,236892,751853,419129,704270,2852.84,3520.91,1.6554e+06,41744.2,9725.1,3496.78,2767.35,12.0598
1.72296e+06,1.30388e+06,792846,477564,366845,274945,800548,375768,762541,10024.7,881.366,58398.7,40124.7,25614.8,7623.4,7251.41,12.0609
2.25948e+06,1.63971e+06,826787,438247,354792,286988,741757,371704,707414,5824.35,562.606,65575,92944.4,21596.4,5929.05,4678.24,12.0612
1.94179e+06,1.43111e+06,814105,472841,364056,276783,789187,385395,736141,9931.59,1264.36,60375.4,31054.2,6846.15,6147.79,4336.82,12.063
1.81039e+06,1.39375e+06,779362,462843,376908,289830,780268,375049,740452,6848.66,192.67,229011,24713.1,16337.2,6949.23,2110.03,12.0634
1.11205e+06,775259,860655,567569,288432,207345,834643,468932,726206,4755.19,358.129,31724,18431.8,14437.7,4531.86,3736.41,12.0635
1.59164e+06,1.19036e+06,802268,424232,346140,255554,812682,346382,734852,5226.2,-158.461,32243.4,25008.5,12762.4,4353.67,3987.44,12.065
1.21562e+06,867626,840652,664981,352058,252791,835610,527067,756998,6346.35,1185.57,215937,25067.8,18430.5,5300.12,8682.98,12.0673
1.74991e+06,1.33364e+06,787278,386238,296758,227006,784362,320048,724087,9610.92,56.2263,80770.9,42056.3,11082.4,6572.73,2644.09,12.0685
1.21931e+06,875208,835901,336295,176292,133109,794650,273769,737033,9334.82,1102.77,13844.8,25418,13074.5,6537.05,2994.67,12.0691
1.49319e+06,1.11314e+06,804854,425811,227120,162365,839293,334307,764227,9378.25,1953.33,51250.5,26855.7,22908.9,7229.08,2508.61,12.0698
1.33795e+06,1.04969e+06,764769,545264,417679,321024,780650,453468,721459,6499.36,482.299,3803.77,32486.3,10443.3,4098.25,4667.85,12.0731
2.04036e+06,1.51028e+06,810591,464147,269353,198075,815911,352510,790016,9646.77,618,101446,43292.7,37698.9,6280.39,6001.42,12.0734
885364,581545,913460,447813,326124,233822,836853,344556,779809,6225.92,1083,121961,30422.3,11316.4,2188.92,3831.75,12.0753
1.12754e+06,751877,899783,712499,595674,408257,875439,553847,771873,5364.76,339.338,71712.4,30890.9,16850.9,5131.09,8312.26,12.076
1.44528e+06,1.04016e+06,833693,435650,344765,270017,766096,374494,697982,13091.4,26.2414,67843.2,29722.5,17154.2,7207.75,4105.83,12.0775
1.99275e+06,1.47421e+06,811043,428441,269330,198963,812201,331091,776417,9921.6,1793.56,201232,18268.1,19386.5,7734.48,3629.91,12.0788
1.66932e+06,1.14535e+06,874485,469828,390471,291673,803238,376900,747936,6041.78,1055.63,79476.5,30796.7,18849,9036.34,3500.82,12.0843
1.20182e+06,839222,859235,702542,477187,336304,851349,537611,784071,10540.2,3880.6,67749.1,30444.7,19688.6,8166.65,6469.32,12.0878
2.03294e+06,1.4418e+06,846002,567576,351370,233474,902978,424804,801653,14914.3,2595.85,392271,46869.6,21186.1,12864.8,3765.68,12.0899
1.56693e+06,1.11572e+06,842651,534105,324438,239526,812700,435297,736194,7996.38,4650.81,226589,25156.9,19759.3,6432.16,2965.31,12.0911
1.23631e+06,864044,858503,779252,607055,434864,837579,597688,782266,12954.7,3213.99,4445.53,42093,27769.4,7362.09,4358.32,12.093
1.60711e+06,1.22042e+06,790107,389353,199682,145639,822644,310675,751950,15079.2,-730.567,75363.9,25070.9,24572.8,6382.59,3097.17,12.0975
1.82515e+06,1.22599e+06,893225,903378,751303,495624,909524,671240,807500,19540.6,2767.06,28294,43743.7,37676.2,11005.5,7059.19,12.1021
1.42085e+06,1.05806e+06,805735,488308,224486,170221,791274,409310,715802,6775.52,614.496,64616.7,39636.6,17519.4,4549.01,3492.47,12.1023
1.06568e+06,769786,830630,583135,342055,248872,824652,465722,751265,6960.14,508.63,79748.1,36769.2,12243.4,5635,3921,12.1032
1.66764e+06,1.01611e+06,984714,742883,373815,227823,984489,510457,873198,12963.6,2326.21,57023.8,34958,30554.3,7893.51,7469.76,12.1033
2.14274e+06,1.35134e+06,951388,1.1964e+06,862394,517909,999087,759886,944666,32996.6,5271.67,28717.1,73076.7,41473,27169.7,10113,12.109
1.3325e+06,960863,832065,431340,358515,267684,803593,336160,769883,5830.96,137.895,103527,37504.5,11984,4658.8,3885.99,12.1096
1.76658e+06,1.16211e+06,912090,605379,497439,342206,872174,449198,808614,11612.8,3974.04,32974.9,30461.3,20522.9,8824.79,6613.58,12.1137
2.55047e+06,1.76034e+06,869310,671516,468236,325021,864380,500284,805362,11887.2,2132.45,63471.6,101603,46539.3,9291.09,5337.78,12.1152
856132,551433,931535,470767,355740,273869,779365,364103,775771,6521.89,677.55,65154.9,36467.1,15243.8,6538.6,4384.26,12.1156
2.50195e+06,1.88373e+06,796913,457863,355913,254408,839390,351566,781411,2885.57,2281.08,56884.8,30010,33628.4,4802.47,4248.54,12.1177
1.87632e+06,1.42701e+06,788917,476882,371716,275142,810599,382212,748614,10809.1,2495.76,29296.6,41152.8,25763.7,6402.6,3866.85,12.1239
2.00435e+06,1.36844e+06,878819,856087,744010,491895,907522,589532,871288,16793.6,2271.36,103546,45791.7,18431.6,12356.9,6854.89,12.1249
1.66641e+06,1.21644e+06,821946,691012,398713,301938,792309,577410,718046,7265.51,338.885,286296,21273,33861.2,6429.03,5002.3,12.1254
1.49133e+06,1.07617e+06,831465,459809,207176,157899,787246,379412,727139,4719.48,1473.75,59344.6,28106.3,37743.1,5901.35,4129.91,12.1266
1.14151e+06,813728,841689,590908,270509,201847,804101,490531,722777,4763.87,2816.2,56749.9,26238.1,18247.8,5146.53,5162.66,12.1277
1.57351e+06,1.19408e+06,790658,436626,294599,242786,728046,365378,716999,8060.15,2275.54,46517,28773.6,14233.8,5727.65,4250.27,12.1312
1.15296e+06,831238,832227,441803,225243,171727,786979,362961,730331,6578.06,1095.62,24537,23446.3,16848.3,7117.05,5543.36,12.1353
1.19233e+06,826769,865293,423849,258303,184823,838543,309784,820925,8175.82,671.977,12110.5,31822,32826.6,5396.61,7287.49,12.1388
1.87643e+06,1.46708e+06,767417,469878,332827,256822,777566,382597,736877,6767.74,1186.31,55663.2,24204.2,14163.8,5682.83,5065.04,12.1403
2.6945e+06,1.85147e+06,873197,554017,329477,239106,826773,419321,792735,11111.3,1437.02,55919.5,100369,47941.5,8666.22,8949.01,12.1409
1.40926e+06,1.07672e+06,785305,390028,236524,180841,784748,310411,753893,8820.35,-283.499,57745.8,36997,26223.6,5840.71,3861.7,12.1448
1.80432e+06,1.44177e+06,750879,339569,255734,206788,742019,284287,716675,4938.81,1250.61,98038.8,25181.9,14343.4,5033.34,4220.14,12.1459
1.3999e+06,989079,849213,796492,496888,320832,929250,551461,866598,17118,3044.23,165363,67675.5,25234.9,12285.5,6492.93,12.1467
1.98719e+06,1.35891e+06,877406,449283,312589,220037,852372,351885,766073,19085.3,4174.93,11454.9,33271,28441.2,7549.29,3973.39,12.1506
1.65279e+06,1.14847e+06,863474,466319,255813,178495,859900,370876,754407,6784.26,717.61,37919.8,52705.2,39056.1,4013.29,3879.93,12.1515
2.19099e+06,1.58666e+06,828530,399490,299045,213206,841566,318346,752936,7137.59,-169.354,130537,23038.8,19869.4,5279.42,4286.55,12.1519
750095,490094,918307,736147,413088,273191,907252,528535,835684,5202.98,911.998,29142.4,36511,48986.9,6778.22,5132.87,12.1536
2.18387e+06,1.65236e+06,793002,649697,436758,297189,881777,472653,824745,9879.19,1903.69,80546.9,48867.5,27833.5,8715.42,13395.8,12.1557
2.66771e+06,1.77433e+06,902102,708840,576062,398702,866906,532489,798710,12292,1479.32,54861.9,60459.5,24115.7,9480.07,8578.66,12.1567
1.6842e+06,1.28121e+06,788721,476385,420008,304919,826465,357321,799928,8676.33,424.66,191087,41355.7,26597.6,7896.39,4097.62,12.1585
1.70752e+06,1.16127e+06,882236,606716,536771,388767,828421,454656,800671,23207.3,4776.3,22552,30025,13709,9014.92,7589.32,12.1604
1.50462e+06,1.10586e+06,816357,573602,353475,235684,899870,423172,813289,4931.02,1816.1,120203,26591.8,10243.5,7560.78,6111.83,12.1622
1.51652e+06,1.0643e+06,854936,620691,343859,240711,857109,461013,807818,23751.7,4525.28,58498.8,45407.2,40637.1,8726.95,4909.42,12.1626
1.19012e+06,847549,842512,450063,389178,295702,789668,355808,758943,11605.1,4459.05,24025.4,33654.6,10855.1,6374.73,4259.08,12.1672
1.52192e+06,1.05659e+06,864245,780190,529514,350234,907132,576899,811432,7766.77,1674.06,121063,38499.9,19339.4,6623.92,5259.15,12.1685
1.5395e+06,1.08362e+06,852420,548791,433233,310944,835971,437594,752466,17987.2,2729.99,42700.2,54130.5,24970.1,6253.97,4821.97,12.1712
2.8467e+06,1.97897e+06,863088,587367,351099,238661,882671,425812,827642,11227.1,2110.72,47100.8,59255.8,83901.6,10904.2,11217.2,12.1734
2.178e+06,1.63914e+06,797247,369647,317585,241447,789203,301672,735197,12618.1,3542.95,28880.2,51399.1,20983.6,5601.57,8401.23,12.1746
2.11012e+06,1.67739e+06,754783,340845,223509,170584,786156,275192,743143,11717,186.666,87522.2,33061,14953.5,5561.62,7001.36,12.1758
1.82077e+06,1.30233e+06,838853,576637,325207,230892,845088,449130,770339,16757.5,4623.16,62538,47238.9,32999.3,9027.32,6971.67,12.1771
1.68879e+06,1.18832e+06,852696,504340,419896,308928,815523,398238,759857,7368.5,2138.88,54122.7,51154,48663.4,11744.5,5876.34,12.1772
1.58367e+06,1.15932e+06,819625,623366,411350,328365,751634,509930,733473,9082.09,4338.07,64342.6,28205.3,6334.1,7812.23,3192.79,12.1792
1.67758e+06,1.14475e+06,879276,608661,463708,326772,851434,494091,739129,13189.8,1891.82,98521.1,26081,15917.3,9655.18,10155.3,12.1806
1.27115e+06,927906,821950,442497,221263,159438,832662,350063,758430,10313.7,4279.55,24307,28815.9,17247.3,7587.01,2949.63,12.1817
2.23097e+06,1.48889e+06,899045,774003,635884,440706,865725,589863,787304,7452.7,1642.03,38187.5,30537.9,12300.3,8428.74,4573.32,12.1829
1.94573e+06,1.43353e+06,814381,381929,263989,195420,810527,299170,765977,17341.3,3326.64,28407.3,47104.1,18704.5,6781.39,4144.19,12.1843
2.28047e+06,1.56207e+06,875943,693337,627908,446147,844440,513207,810593,17664.2,3882.64,113646,48283.2,20608,14269.6,5502.16,12.185
1.20762e+06,815798,888175,665111,495067,341502,869805,514996,774893,14872.9,692.039,96549.2,25172,18018.3,7103.32,5547.1,12.1863
1.87922e+06,1.31747e+06,855830,1.00629e+06,664524,461841,863315,737329,818864,17647.3,307.307,277922,113888,47386.4,7814.96,9023.92,12.1896
1.74089e+06,1.359e+06,768608,604154,440039,320532,823704,468900,773069,8818.66,395.45,119329,35699.8,21813.5,5637.27,5754.36,12.1911
1.20292e+06,844930,854217,736165,377171,258699,874772,564962,781820,10086.1,2370.93,9860.33,49057.4,64481.2,6862.39,4755.05,12.1933
1.29354e+06,926385,837798,360615,184946,133480,831342,293847,736332,12071.3,1172.51,12935.9,24087.4,17350.1,6169.55,2291.93,12.1942
1.32682e+06,926522,859227,805183,616402,398558,927948,590801,817720,10074.7,747.114,209980,29760.9,27447,7976.41,10363.2,12.1965
1.61056e+06,1.2006e+06,804879,443137,389853,290666,804744,357585,743550,9699.1,-727.893,51245.1,37961.5,47269.3,4498.17,4347.52,12.199
1.14667e+06,645698,1.06551e+06,1.00204e+06,540018,335373,966121,697555,861905,9534.2,2280.02,93299.2,57707.5,38015.9,9711.84,7361.65,12.1996
1.61917e+06,1.13264e+06,857736,771292,522567,353519,886912,595276,777413,21770.7,1727.68,52387,58515.4,45974.5,10897.3,5460.49,12.2045
1.72855e+06,1.18103e+06,878156,673862,506913,362610,838773,532435,759373,13726.8,-194.367,41928.3,37606.6,25406.9,7550.26,6075.75,12.2075
1.09771e+06,740801,889075,693011,475708,328658,868455,488624,850975,13787.7,-80.9494,254568,42084.8,30237.9,8595.54,8038.9,12.208
2.27139e+06,1.49861e+06,909401,688540,595249,388608,919048,485255,851354,14980.7,3329.29,93516.1,47253.8,16652.5,11415.2,8892.24,12.2086
1.66581e+06,1.25816e+06,794404,455855,319855,228241,840836,360348,759024,10002.2,1017.35,258638,49476.5,17661.2,5894.8,4549.01,12.2117
1.2755e+06,907042,843730,533170,400066,283850,845656,399799,800157,12650.9,1593.44,38787.6,36806.2,10673.5,7196.84,4869.01,12.2133
1.5022e+06,1.08242e+06,832692,636312,555086,418064,796653,527360,723959,6353.14,3494.83,56036.6,38129.7,24164,4784.66,3539.28,12.2154
1.44201e+06,1.0314e+06,838869,501956,279277,208191,804867,396588,759412,8128.92,1820.2,50094.1,34961.2,19109.7,5889.72,4873.98,12.2161
1.76876e+06,1.00222e+06,1.05891e+06,946451,530493,297070,1.07145e+06,604404,939555,14368.2,4936.21,72826.9,41162.8,52974,9598.89,6272.7,12.2162
2.12969e+06,1.68505e+06,758323,494993,391507,297197,790400,403942,735243,9436.42,1304.55,247078,32309.1,9748.62,7053.95,5681.81,12.2165
2.06963e+06,1.56159e+06,795202,419507,260200,198338,787140,330739,761036,12799.4,599.753,71581.4,106524,36382.7,8955.44,5775.47,12.2174
1.55112e+06,1.24050e+06,750237,346943,250014,208519,719400,294585,706641,8198.27,829.319,191954,21926.9,10932.8,6449.6,7758.97,12.2183
1.75103e+06,1.18663e+06,885378,526222,278354,195575,853956,412284,765814,12652.3,2153.24,52557,32636.1,25331.8,6798.08,3506.5,12.2198
1.75444e+06,1.24976e+06,842293,499707,402014,290112,831432,394176,760636,10605.5,562.787,91940.3,33986.1,11408.1,10685.9,7455.47,12.2274
1.83843e+06,1.39648e+06,789886,430932,312543,234607,799319,348114,742742,21337.6,1782.48,60525.1,36556.6,34080,12395.1,3177.9,12.2293
2.0039e+06,1.36517e+06,880728,773316,408363,263951,928270,569196,815166,6414.63,1423.02,41764.2,41023.3,58391.2,7179.82,10282.2,12.2304
1.81442e+06,1.35634e+06,802640,481665,323339,231925,836491,373519,773720,10808.6,3576.47,54595.8,39599.7,17256.5,8019.99,5649.13,12.2308
1.46722e+06,1.04536e+06,842136,534731,246650,179027,826635,421572,761053,8806.15,2906.54,92353.8,33656.1,34582.4,7632.54,3125.48,12.2322
1.78468e+06,1.18117e+06,906563,719119,485398,312799,931073,544329,792667,12924,3641.1,26337.2,38221.7,20123.2,8928.37,6805.21,12.2327
1.84097e+06,1.22145e+06,904318,537388,304985,213480,857182,431495,747245,11811.5,3478.36,57866.9,51345.9,38316.1,6197.48,3887.05,12.2347
1.75973e+06,1.30391e+06,809746,386417,237787,174191,819056,310450,746820,20938.5,1000.62,67217.7,26546.2,16748.4,5875.08,3490.24,12.2427
1.55888e+06,958428,975896,520287,315965,220115,861273,387191,806249,14524.3,4046.26,35848.1,72130.8,35870.8,9676.23,6384.99,12.2444
1.04634e+06,759170,826958,534219,383329,285188,806476,430048,745338,6464.48,821.784,108247,42320.5,12655.1,7040.16,4710.18,12.2474
1.04911e+06,603221,1.04351e+06,873612,710231,481802,884469,644149,813736,7969.8,2619.07,84860.3,36556.6,24908.4,12413.1,7709.28,12.2492
2.07606e+06,1.53183e+06,813172,497032,318774,222091,861197,378314,788284,17576.9,4286.11,30272.1,34692.6,17899.4,7090.73,4028.57,12.2509
1.02857e+06,706025,874107,721140,571656,416731,823057,571531,757062,12288.3,1028.82,98354.5,87116,21965.7,7866.33,4707.94,12.2513
1.5315e+06,1.18041e+06,778457,487331,341705,259507,790047,373801,782231,19671.5,1161.57,180161,48352.4,21874.7,9670.03,3886.53,12.2552
1.52566e+06,1.11446e+06,821376,784049,607182,451300,807245,588025,800016,17000.8,1785.18,211041,37873.3,30230.3,9880.96,5861.4,12.2555
1.33779e+06,900550,891314,413894,276949,188765,880298,291375,852291,10163.3,1414.65,26884.4,31495,19210.6,7465.95,5233.84,12.2619
951411,616405,926090,612057,361926,251932,861962,474573,773820,2869.01,384.082,96909.5,19695.7,23636.3,4230.09,5453.21,12.2636
1.46121e+06,992193,883625,702229,385173,278959,828451,537922,783268,9043.52,2013.78,269602,35595.8,16270.7,7907.32,5489.58,12.2664
1.26535e+06,974319,779220,480006,405226,318074,764399,400651,718840,4093.94,659.501,52162.7,36655.6,6344.27,7243.33,4592.45,12.2673
2.01655e+06,1.55714e+06,777022,445256,279417,210371,796926,355154,752220,19054.8,686.563,35445.6,30671.2,20624.2,8810.33,2817.55,12.2688
1.81293e+06,1.19609e+06,909427,637244,388106,247893,939372,434838,879285,11523.6,3479.89,30684.4,43378.6,31898,8493.94,4663.64,12.2696
2.00127e+06,1.48417e+06,809043,507684,310773,218945,851647,389299,782458,12870.1,1377.6,72308.9,47225.4,26493.6,9600.9,5709.44,12.2705
1.83451e+06,1.25633e+06,876128,757239,563113,374571,902012,575042,790105,13424.7,3024.16,87094.7,51367,16905.7,10504.9,6028.97,12.2706
1.48968e+06,1.08065e+06,827097,529031,461358,336202,823358,413580,767490,4980.69,898.163,59161.8,15984.1,6684.62,6055.17,4254.34,12.2733
2.05067e+06,1.25646e+06,979260,891723,774834,491372,946127,605662,883387,24476.2,5325.89,59044.6,69996.9,31202.4,17917.4,9077.08,12.2747
1.29602e+06,908270,856150,602444,365007,259519,843885,466342,775111,9294.7,772.214,132666,30791.5,25878.1,6947.02,4746.41,12.2771
1.62669e+06,1.20322e+06,811171,771741,462142,349183,794097,623291,742902,14771.4,2060.6,215277,33010.7,26463.7,10254.1,6799.09,12.2777
2.23836e+06,1.63985e+06,818987,501900,440848,327338,808061,401906,749279,8191.95,158.832,32535.1,44288.4,37629.4,7897.96,6763.6,12.2787
1.06578e+06,734855,870200,616657,511500,363656,843930,483063,765933,7337.05,885.818,117591,35314.6,14285.9,7395.86,6029.63,12.2793
1.37927e+06,1.05309e+06,785840,460493,273630,197323,832028,370116,746512,5937.34,949.824,57268.5,24578.8,7333.14,5506.01,5409.54,12.2841
1.29158e+06,887383,873294,607255,354595,246898,861720,460865,790585,9538.44,3160.9,55848,35106.8,16272.9,6350.8,4958.37,12.2846
2.20675e+06,1.58409e+06,835842,495956,384532,278116,829580,375736,791976,32931.1,4258.42,62813,71381.2,43411.6,9483.17,5622.79,12.2863
2.08746e+06,1.49112e+06,839958,422266,295481,215551,822490,338902,747589,10504.6,2866.31,31193,36349.2,4578.33,5564.54,10199.2,12.2871
1.79192e+06,1.26918e+06,847118,444735,355667,263275,810561,355372,750878,3138.93,167.293,152240,19126,16430.5,4549.16,3180.94,12.2874
1.41034e+06,928650,911216,686158,612002,425137,863724,515028,799364,7810.67,750.226,48220,55326.6,24589.2,7289.69,6062.01,12.2885
1.3289e+06,1.01364e+06,786613,512101,387414,300884,772551,415478,739535,6562.37,1096.46,43022.2,27036.2,17294.1,5279.58,3894.16,12.2889
1.4335e+06,963926,892288,577487,470593,303901,929104,416963,830991,8799.92,2355.71,74289.5,43485.9,13580.8,7731.19,4759.46,12.2904
2.2888e+06,1.5457e+06,888450,565556,338626,239587,848025,442516,766828,6846.44,1359.67,60652.1,30737.7,41347.4,11102.4,6128.4,12.2914
1.82855e+06,1.42834e+06,768119,343010,200002,153774,780373,284579,723194,9173.65,2361.87,25592.8,30372.7,17162.6,5958.38,4625.58,12.2925
2.03062e+06,1.44072e+06,845667,427284,346328,245297,847124,332807,770328,15089.1,3384.37,28556,38324.2,17836.2,6434.35,7255.06,12.2935
1.04432e+06,718450,872141,722700,342020,235729,870543,538481,805265,9276.81,2163.59,48936.4,29553.3,25940.2,10377.3,4518.61,12.2951
1.65439e+06,1.19674e+06,829448,593648,385155,273579,844702,455601,781800,7848.85,50.8095,63389.4,110132,45121.8,5486.25,4779.16,12.2955
2.64187e+06,1.69438e+06,935518,635297,465965,304076,919439,456842,834376,24126,3247.55,28970.9,74309.5,36621,11491.6,7200.56,12.2966
1.48405e+06,1.10274e+06,807471,451406,329054,250347,788636,378927,714765,8499.02,621.222,22811.9,22856,11221.5,6136.67,3871.27,12.2997
1.21602e+06,867086,841450,530477,265585,191828,830696,424145,750418,10817.2,1834.71,70961.2,24824.4,17894.7,6096.64,4142.54,12.3022
1.58427e+06,1.11413e+06,853187,487370,415920,300125,831494,390567,748711,6183.8,2695.57,104234,27938.6,9243.19,5169.86,5301.23,12.3038
2.49361e+06,1.66982e+06,896003,445942,374927,248036,906950,315554,847922,11568.3,1173.46,30310.7,40517.6,16973.7,5175.12,13452.3,12.3063
1.45383e+06,1.0473e+06,832904,629029,385633,276912,835572,496965,759444,8219.26,1046.05,30469.3,46413.6,34739.7,5708.82,4288.6,12.3067
1.81953e+06,1.31219e+06,831981,689027,496636,357090,834472,517654,798634,13065.9,4180.26,52012,54037.8,34208.9,9052.17,8110.07,12.3083
1.71138e+06,1.18152e+06,869075,665071,373859,255794,876937,485458,821992,14370.9,3733.28,109847,50008.6,20370.3,8042.47,3233.29,12.3086
1.46995e+06,1.10507e+06,798111,575994,364191,247833,881700,432970,798200,10733.2,1201.25,52188,43100.2,37857.9,8474.86,4714.21,12.3101
1.41052e+06,977136,866114,496073,268582,186993,861791,392960,757441,3668.17,1174.02,99410.1,26817.2,17205.2,6273.62,3593.89,12.3148
2.13032e+06,1.58416e+06,806859,522659,367888,257965,855670,400332,783339,25520.4,543.554,135402,48252.6,21474.1,16813.8,2930.68,12.319
1.85712e+06,1.21676e+06,915768,699728,552773,341657,970751,474124,885499,13524,1811.39,94020.9,59204.6,17926.6,16637.7,7785.1,12.3195
2.37606e+06,1.58186e+06,901237,675644,547895,359603,914167,491790,824308,26302,3616.1,52479.9,30893.3,15355,10771.2,6724.55,12.3267
1.23159e+06,900504,820598,616279,384616,271649,849513,464192,796583,10170.3,3004.55,43268.2,37938.4,17350.8,7227.28,5152.58,12.3285
1.44851e+06,959870,905442,663257,418663,311300,806932,523538,760125,9117.33,1324.91,29399.6,64221.8,50276.2,6177.17,10633,12.3298
1.88164e+06,1.32332e+06,853147,590870,330660,237091,836792,449224,789187,12311,1671.86,58420.2,23227.3,18670.4,5972,4143.18,12.3303
872986,593765,882153,649960,471362,303146,932941,472478,825384,8414.07,1345.92,28209.2,39745.9,34551,6248.88,6502,12.3304
1.44441e+06,1.05655e+06,820262,571799,397632,285705,835055,444332,772124,9352.29,683.519,381294,39896,14958.4,9108.29,4751.26,12.3325
1.5505e+06,1.24345e+06,748158,506881,313531,241382,779341,412615,737076,6413.5,616.292,370198,24618.7,14953.3,5773.91,5165.34,12.3336
1.73225e+06,1.1603e+06,895764,486662,412736,304744,812622,382236,763918,7468.12,2258.49,28527.5,33344.8,38069.8,9592.92,5734.33,12.3366
1.72877e+06,1.21419e+06,854279,521937,252669,177364,854748,412413,759341,8987.06,707.107,101358,21263.8,16432.6,5621.94,2039.41,12.3379
1.24593e+06,931193,802795,495934,348863,252532,828876,363847,817817,13431.5,3191.8,140122,32249,14686.9,8645.41,5634.82,12.3431
1.76777e+06,1.37686e+06,770347,426774,293843,237007,743886,344532,743224,10850.2,3297,39764.1,44499.1,14448.5,5760.18,6075.93,12.3445
1.83666e+06,1.3333e+06,826519,453347,393738,280847,841179,353970,768450,14658.1,1093.35,110602,29452.5,17353.2,9067.61,5202.95,12.3449
1.6481e+06,1.04886e+06,942792,842592,529832,356560,891572,641592,787970,7946.37,3326.79,255900,41315.4,16112.9,10531.6,5644.37,12.3513
1.72263e+06,1.10023e+06,939419,753573,614753,403180,914856,532849,848540,12273.7,3004.81,39426.6,41653.1,14709.3,9789.18,9042.51,12.3524
1.94502e+06,1.5484e+06,753688,428379,316907,253573,749859,360871,712242,7360.84,994.407,102940,35508.2,15750.9,5300.18,3922.91,12.3585
1.31422e+06,998869,789423,462285,357594,288990,742435,384222,721904,7854.18,1046.16,26193.8,22987.1,19265.3,4261.03,5809.85,12.3586
1.79551e+06,1.346e+06,800374,474396,411921,323400,764232,383272,742652,8678.46,1710.94,23081.1,36391.7,12277.6,5074.74,3628.82,12.3599
1.63664e+06,1.28602e+06,763583,458306,326962,251802,779093,375541,732234,9519.43,1132.66,93034.4,27568.1,15253.7,5656.96,3427.93,12.3631
2.28039e+06,1.59423e+06,858241,734779,541414,369547,879044,537505,820211,14686.5,3992.62,60665.2,53620.8,58281.3,10827.4,7643.89,12.3632
2.1168e+06,1.56366e+06,812247,533475,480123,372394,773573,450651,710272,8279.09,-604.254,32764.5,55450,32197,5666.32,9972.34,12.3647
1.83649e+06,1.305e+06,844366,823046,736538,517688,853647,617290,799993,17999.2,-925.263,207705,145695,114675,8524.48,7521.22,12.3665
1.49181e+06,1.07991e+06,828856,576624,508087,387718,786273,475387,727774,10235.7,989.06,48232.1,35727.7,12669.7,6318.56,6396.69,12.3675
2.40205e+06,1.67218e+06,861888,765018,650856,461128,846866,588016,780610,11825,1741.03,35828.2,71056,50687.5,9249.86,8962.94,12.3684
1.49712e+06,1.14064e+06,787513,416080,287672,215971,799196,322036,775217,12970.9,3153.3,58316.3,30061.5,15817,7895.88,4106.09,12.3696
785553,575812,818551,533869,289014,214639,807906,437276,732539,5262.97,341.684,228966,27703.9,11985.2,7033.13,3340.46,12.3705
1.8343e+06,1.16049e+06,948378,851542,523520,354105,887059,642828,794809,15486.8,2472.55,116256,57109.1,31011.9,10978.2,4713.07,12.3722
958587,689231,834484,589781,329386,236612,835256,463529,763422,7050.15,893.826,25084.2,36056.8,19179.9,4662.54,4938.04,12.373
1.2968e+06,949710,819282,924701,787453,535066,883016,674064,823098,13526.2,4183.85,571914,51389.3,20556.9,10542.4,7817.77,12.3794
1.63609e+06,1.26408e+06,776576,561702,373784,267744,837629,426445,790305,7537.06,1597.8,51044.2,26559.4,35464.1,10631.3,7703.31,12.3814
1.6113e+06,1.20092e+06,805031,436538,194101,112851,1.03199e+06,309259,846937,7986.4,1534.09,53864.8,15228.2,11705.1,4454.95,4243.92,12.3818
2.1098e+06,1.6277e+06,777712,350191,218726,161339,813414,274076,766628,22088.4,2590.1,46273.9,38216.8,18862.3,5537.42,5269.92,12.388
1.20713e+06,669135,1.08241e+06,697414,585544,350884,1.00126e+06,458525,912597,7942.89,1067.89,223390,43617.2,17417.6,16156.9,5288.84,12.3912
905076,603784,899404,462872,388143,281026,828698,368942,752756,5861.4,174.518,24267.4,30866.1,15368.7,4258.43,4381.94,12.3933
1.67882e+06,1.16294e+06,866164,638302,490418,344655,853755,502644,761934,8730.75,1516.62,27688.5,32066.8,18088.3,7364.27,5021.6,12.3962
1.67173e+06,1.3164e+06,761954,471952,336389,252449,799501,366881,771833,9613.87,2757.02,115051,27495.8,21615.2,7715.39,4937.33,12.3978
1.94568e+06,1.44771e+06,806384,709145,415754,321139,776774,572636,743032,11369.7,-28.1822,1.00301e+06,104132,15103,7865.45,8227.21,12.3996
1.41614e+06,1.03678e+06,819545,450708,241878,175677,826100,362898,745181,13320.9,4146.04,16960.3,41385.9,26834.7,8523.39,5796.68,12.3997
1.89685e+06,1.48087e+06,768541,423013,312459,243301,770548,355153,714643,10577.2,457.197,71117,53670.6,27379.5,4532.08,6817.47,12.4043
1.30528e+06,885009,884924,519341,336840,234574,861579,421930,738522,14779.8,1882.56,26376.3,27776.5,15473.2,7157.44,3888.41,12.4045
2.28677e+06,1.71494e+06,800066,512884,352551,246747,857277,380783,808151,25290.7,3240.47,65348.8,82804.5,25640,10477.8,6454.37,12.405
1.8395e+06,1.30338e+06,846800,527037,406296,280060,870448,402469,785705,14474.6,2839.52,103633,45519.4,13928.9,8700.33,6750.82,12.407
2.1245e+06,1.38458e+06,920639,490278,361180,258773,837445,394713,745268,5993.5,1473.18,41748.1,29257.1,26913.8,6999.04,6625.22,12.4078
2.60936e+06,1.81069e+06,864651,576275,477676,338026,847881,430882,802459,12921.8,912.686,57192,89125,37790.9,10526.9,6833.48,12.408
1.80316e+06,1.22508e+06,883121,781603,541352,359394,903775,541101,866681,13764.8,1728.52,182911,45022.1,19652.5,12524.7,8164.19,12.4082
1.10506e+06,696590,951832,776950,461054,295261,936908,558225,835094,12223.4,1868.34,65294.6,45029,23333.1,11440.2,6047.67,12.4087
1.79885e+06,1.26608e+06,852487,568251,493647,357270,829032,450258,757234,10102.4,1398.48,50687.6,32626.7,14677.1,6054.26,4778.04,12.4095
1.52552e+06,1.06657e+06,858182,435852,367789,270187,816744,342011,764628,10188.2,1059.74,32150.9,48863.7,18905.6,8481.89,3768.43,12.41
1.26884e+06,966519,787676,607715,455522,362031,754945,508694,716794,6730.32,3099.17,52521.1,47415.2,19294.2,6824.73,5808.95,12.4128
1.22917e+06,827919,890789,685098,355744,248774,857993,518845,792258,10700.1,2312.31,515756,41320,25837.9,6784.87,3913.73,12.4141
1.78936e+06,1.32356e+06,811156,452428,292103,215297,814047,361163,751618,5896.25,804.674,69746,70832,26113,7328.58,4263.99,12.4183
1.85231e+06,1.2747e+06,871882,473668,369893,244205,908809,353432,804118,14040.4,-194.851,112405,27250.5,16389,7015.84,4120.03,12.4207
1.93831e+06,1.33392e+06,871858,583225,438111,301141,872902,444665,786963,11808.3,2177.93,23217.7,38242.8,24727.7,10421.1,7621.19,12.4212
2.20886e+06,1.47289e+06,899807,689226,503795,337007,896946,514844,803225,15306,1389.74,253001,146353,47849,13357.9,5077.66,12.4223
1.90012e+06,1.41092e+06,808035,547840,359230,261590,823954,437144,751935,7509.46,4506.88,129985,73936.7,33068.9,7732.98,9185.56,12.4225
1.9122e+06,1.44663e+06,793098,555218,391956,294325,799026,443174,751693,9174.05,930.499,31652.1,43741.6,30633.2,7656.57,6376.02,12.4252
1.05536e+06,761573,831456,755564,447275,316736,847283,567691,798565,8225.06,1606.8,100444,32821.5,24784.3,7397.8,7467.77,12.4261
1.39745e+06,987738,848878,742467,617882,432985,856217,574140,775909,10045.5,2394.12,112002,34353,25765.1,7260.94,5849.68,12.4267
1.16154e+06,829049,840632,465356,267790,185861,864484,353398,790083,8618.67,-70.1861,61720.6,32672.1,17474.2,6311.53,4721.44,12.4287
1.56285e+06,1.16422e+06,805444,619177,427975,292403,878188,475705,780960,4634.13,2895.94,1.07681e+06,40803.9,8758.99,4228.79,2689.56,12.4308
2.05538e+06,1.52825e+06,806956,433255,269463,197094,820310,335136,775664,10309.2,2955.68,45684.7,42538.4,19497.7,7878.68,8523.77,12.4308
1.89387e+06,1.33974e+06,848163,528290,499691,339622,882789,384851,823628,9438.94,3192.81,42386,89477.7,29800.9,10099.9,4250.97,12.4368
805795,604494,799804,481537,329327,250628,788404,372418,775801,6220.84,270.522,9476.04,33647.2,32246.1,3117.06,7578.29,12.4397
1.9981e+06,1.4714e+06,814779,354900,311713,233792,799975,293769,724856,8536.84,1985.44,23381.4,26428.1,10741.2,5456.02,4138.72,12.4419
1.78198e+06,1.41715e+06,754463,326389,192622,148680,777328,266139,735832,6513,2157.82,22167.4,30484.9,13009.3,6436.12,5637.76,12.442
2.31922e+06,1.41916e+06,980529,818495,413319,247920,1.00029e+06,567627,865176,13322.5,2782.79,141706,45100.1,58162,13173.2,8485.99,12.4429
1.21728e+06,855036,854194,799473,455601,307822,888048,598805,801068,6922.21,902.148,158795,28941.7,29094.6,9926.42,4801.05,12.4435
1.39818e+06,1.02171e+06,821082,584281,524282,383169,820968,451135,777082,8886.5,1886.88,57873.5,33680.3,27110.1,6573.63,4115.03,12.4451
1.53695e+06,1.1346e+06,812772,405674,198206,147506,806230,337407,721397,7023.53,686.752,58267.7,34301.9,22815.4,4754.26,5194.98,12.4453
1.37223e+06,1.03368e+06,796511,416035,210579,149846,843184,334151,747030,8127.22,2221.72,82103.7,39502.4,9323.2,6897.61,4161.53,12.4462
2.01267e+06,1.25036e+06,965802,958680,637215,430918,887244,677221,849366,11108.5,1431.22,233178,112898,59909.3,11004.7,10896.5,12.4483
2.09125e+06,1.62324e+06,772990,560923,418558,328873,763623,459474,732476,7439.08,721.693,118076,80671.1,24241.5,4795.06,6658.87,12.4494
1.51942e+06,1.09696e+06,831068,568428,475144,331181,860817,431802,789845,12769.5,1264.88,63204.6,41084.4,25710.4,7404.54,5607.82,12.4497
1.66508e+06,1.10375e+06,905141,675045,513763,338054,911860,491271,824447,12664.5,3418.02,87761.6,36318.3,18741.2,10270.8,5250.75,12.4511
1.57797e+06,1.17892e+06,803088,499778,422883,316630,801346,398932,751674,8018.25,140.872,37779,28986,14688.4,5340.08,5237.22,12.4511
2.18673e+06,1.66342e+06,788758,479975,315644,245176,772452,405972,709372,10669.7,1920.18,70078.5,79948.9,51809.8,8924.36,4810.08,12.4514
1.66482e+06,1.22404e+06,816066,526658,460215,348841,791561,430606,733837,7031.71,808.082,95700.1,34579.2,26902.5,8371.42,5385.75,12.4545
1.63408e+06,1.31916e+06,743235,415043,256938,220488,699188,365710,680939,3500.69,1726.01,210110,36129.7,10396,5383.1,2552.98,12.4548
1.50681e+06,1.09823e+06,823219,633157,429138,293129,878393,473689,801991,12760.5,3899.27,62006.8,36847.5,15295.7,9068.35,5869.38,12.4555
1.71711e+06,1.35251e+06,761746,412779,263276,197818,798541,337437,733967,6609.68,1308.66,53643.6,51389.9,32570.8,6221.37,4253.07,12.4556
1.41328e+06,891329,951351,555211,399135,264022,907050,389319,855665,12535.1,2826.4,33395.1,53362.4,15949.3,8034.52,5208.79,12.4599
2.4903e+06,1.69948e+06,879198,749627,613083,419140,877630,561488,801043,11138.3,2029.34,115728,59427.3,55058.6,11628.4,6994.07,12.4599
839906,549464,917155,845737,577824,395963,875573,623686,813618,7392.46,2138.84,90552.8,54599.4,26962.6,7501.58,6708.61,12.4614
2.19273e+06,1.66639e+06,789513,383032,246703,185121,799596,302392,760005,7612.14,115.149,44664.9,106597,22952.4,10404.1,8981.04,12.4615
1.5305e+06,1.13987e+06,805621,516233,325360,238580,818242,416709,743300,6113.54,484.276,108275,22890.6,36722.8,4588.99,5072.8,12.4631
1.53316e+06,1.13886e+06,807738,471224,392025,283831,828716,370842,762412,9028.05,-312.494,225207,23098.4,7724.18,6994.91,3112.88,12.4671
1.813e+06,1.32507e+06,820938,416366,246527,182175,811947,336328,742786,10289.6,1788.19,81456.4,38563.8,17057.7,5486.76,3312.69,12.4678
1.05728e+06,714890,887362,568236,393643,269360,876842,440011,774848,4474.8,1225.82,68084.2,22266.1,25180.7,4625.37,5249.73,12.4702
1.6119e+06,1.09850e+06,880414,727616,445420,305711,874197,535544,815189,10009.1,1728.87,210439,57858.5,22896.2,9970.01,4902.56,12.4715
1.94605e+06,1.36266e+06,856873,527014,408343,301968,811364,422517,748392,6452.12,1173.38,63147.7,39271.7,34069.6,6602.89,5555.32,12.4719
1.55699e+06,1.11454e+06,838190,496618,324800,239703,813007,393986,756298,12879.7,2178.36,46254.8,52990.1,35324,5824.59,4073.86,12.4732
2.09918e+06,1.27738e+06,986006,885845,663073,362865,1.0964e+06,487045,1.09129e+06,20243.3,3708.1,135421,87876,44624.9,11163.9,8011.71,12.474
1.88601e+06,1.32986e+06,850925,560990,335883,223620,901216,399413,842722,21302,2720.45,109400,50014.9,31465.7,10347.8,4861.87,12.4757
785155,541084,870646,610726,337147,245439,824190,472032,776294,7164.58,1237.35,34973.7,88907.4,38056.1,6586.42,4311.04,12.4772
801986,536623,896703,668783,387682,285564,814562,531369,755163,5692.14,650.526,186607,24393,32917.2,5996.45,5086.76,12.4822
1.43705e+06,1.06572e+06,809061,518627,284859,215318,793781,428803,725686,10007.6,3152.27,58875,34355.3,10659.4,7046.26,3846.51,12.4829
2.08377e+06,1.53922e+06,812270,400973,357848,279149,769155,335648,716774,7463.76,518.584,37927.7,29424.2,10973.2,4445.8,4873.73,12.4858
929728,616643,904634,415079,182947,121523,903272,307229,810625,1939.82,1314.13,700671,37048.2,2935.28,7250.08,1787.87,12.4871
2.02381e+06,1.39185e+06,872422,651544,384054,264782,870272,484790,806383,11773.4,2304.18,63242.8,82906.7,33527.4,8145.59,5452.19,12.4947
1.36875e+06,1.05145e+06,781064,550649,373906,258823,866784,409886,806052,7029.16,-179.908,116763,26537.8,13775.6,5080.25,7937.16,12.4972
1.61533e+06,1.19078e+06,813913,555444,498008,360578,828683,432160,771164,8542.73,1283.08,99101.9,76391.1,18917.2,6429.14,5734.47,12.5001
1.93512e+06,1.22817e+06,945371,871331,678874,439139,927552,630646,828989,15518.8,1562.32,194970,41810.1,26474,22457.1,6820.35,12.5008
1.1326e+06,742401,915352,530994,427901,299188,858124,403707,789178,8984.37,2562.75,87938.3,43614.9,27886.4,8757.12,6117.1,12.5028
1.24815e+06,929588,805613,713500,430120,313397,823468,573056,747048,6099.4,2857.26,675615,22038.4,13939.7,7571.56,5361.31,12.5128
1.60371e+06,1.35623e+06,709484,318967,151637,124391,731423,273916,698682,4212.4,926.349,1.10532e+06,43005.2,8268.37,2112.11,1684.81,12.5132
1.89917e+06,1.2579e+06,905873,706783,573659,393958,873685,536032,791128,13568.8,3519.33,54091.1,62604.7,47123.1,9547.5,7486.83,12.5136
1.57956e+06,1.18688e+06,798514,492249,479577,384568,748233,412321,716309,6698.31,578.026,115578,41680.1,24431.5,6464.34,3863.73,12.5154
1.80636e+06,1.31295e+06,825481,470599,378653,272302,834338,364051,775604,9436.73,333.248,216617,35233.7,14622,8498.84,5002.91,12.5159
1.82965e+06,1.37939e+06,795852,448238,279116,211523,791732,360060,746938,11923.3,4633.22,32056.3,33466.7,24842.7,6713.1,3966.91,12.5188
1.61349e+06,1.08448e+06,892683,818418,689007,503473,821105,642072,764790,9071.45,2589.04,49262.4,33182.2,18022.8,7066,5427.54,12.5191
1.66358e+06,1.1615e+06,859365,526283,303552,207557,877498,383135,824174,12187.4,2219.36,47525.6,27350.6,12200.2,6796.58,4912.66,12.5199
1.52729e+06,1.00416e+06,912575,626748,368531,275333,803095,511301,735474,6914.69,1665.13,61906.4,80277.5,41419,6188.47,4050.09,12.5229
1.63134e+06,1.21389e+06,806336,531090,329961,230639,858383,404808,787173,14053.5,2229.05,316763,26749,21765.6,8320.46,4162.85,12.5271
2.18802e+06,1.39334e+06,942203,880838,608055,403479,904217,637094,829553,26814.2,4950.93,62831.8,40326.6,22771.5,11830.3,12591.9,12.5277
2.321e+06,1.67193e+06,832929,483727,368405,282653,782029,387888,748247,6182.84,3651.07,18323.4,26151.4,26677.6,9169.17,4235,12.5278
2.14828e+06,1.71982e+06,749480,295567,201265,152447,792138,234274,756977,18303.6,119.669,49736.5,28019.9,9602.79,7841.24,4973.31,12.5283
1.31292e+06,968715,813195,563572,345124,260698,794307,454683,743690,5223.11,1209.55,98409.8,19781.9,11321.8,5274.39,5349.13,12.5303
1.61487e+06,1.25772e+06,770378,512953,377794,293185,773151,418431,735538,5102.27,116.03,638372,36128,36539,5526.13,3686.3,12.5319
2.35573e+06,1.56134e+06,905276,629124,460784,311218,888349,496947,759586,17586.5,4003.28,54676.1,52063.1,47157.2,8154.29,5154.1,12.5332
989483,636413,932869,660234,512591,328898,935107,485826,815396,8298.15,81.6326,195659,37525,16108.3,7612.86,5362.58,12.5353
2.02465e+06,1.27794e+06,950583,1.1613e+06,779228,493837,946744,809822,860411,18129.1,2930.18,96592.9,57479.8,31934.9,15072.9,8892.05,12.5374
1.45754e+06,1.07222e+06,815625,605258,373102,274844,814502,462160,785777,7948.12,4045.38,179954,44426.3,26218.4,10923.2,5084.75,12.5379
2.46521e+06,1.72136e+06,859276,609839,477968,349395,820792,454799,804539,15163.1,3461.7,46552,96902.8,51763.5,14168.7,9454.54,12.5402
1.76284e+06,1.22042e+06,866673,658728,363826,258878,843236,514399,768347,13111.3,3718.72,50596,49244.5,19959.5,9581.5,3580.94,12.5419
1.46822e+06,942437,934738,858386,630946,439828,860717,681297,755958,12454.8,2690.95,44300.1,43770.9,36397.2,6737.14,5273.12,12.5433
2.47935e+06,1.54917e+06,960262,728809,573696,394053,873531,543418,804694,31809,1506.55,22000.4,87687,98820.4,16792,6831.88,12.5446
2.18177e+06,1.38439e+06,945588,1.06193e+06,723529,481356,901863,761824,836362,8998.88,3407.47,139933,63676.7,23868.3,11414.7,8486.5,12.5448
1.9437e+06,1.37854e+06,845982,471394,408394,296347,826857,359034,787771,27056.7,4646.12,29876.1,33932.2,18639.6,8487.95,4886.12,12.5452
1.46859e+06,993777,886672,723968,641043,452155,850650,561623,773438,13659.5,3621.66,60084.6,34983.4,16078.1,11191,5694.17,12.5458
2.06035e+06,1.49646e+06,826092,406427,330015,246186,804306,328725,741824,8715.81,1947.76,29046.5,24443.2,3631.73,5112.46,5077.39,12.5483
1.69173e+06,1.22944e+06,825611,483539,421867,308480,820540,392313,739520,4850.89,-38.3644,104034,28976.7,6666.24,5718.19,3647.64,12.5486
1.44772e+06,1.00668e+06,862864,701443,586585,390226,901916,523934,803280,12631.1,713.028,442720,29798.5,22671.6,9178.63,7789.92,12.549
1.29618e+06,888214,875584,463649,259121,182606,851410,353716,786477,12953.4,4375.14,31918,30923.2,16787.7,7724.51,5371.05,12.5515
2.34421e+06,1.5816e+06,889307,813328,640182,426968,899620,594002,821540,18865.7,2951.1,51397.2,45546.6,23101.6,12064.1,8274.42,12.5519
1.82203e+06,1.23481e+06,885330,416320,277581,193763,859547,332829,750511,17949.3,5440.6,15521.5,52341,18799.3,10201.6,5265.4,12.5527
1.5179e+06,1.03886e+06,876674,714990,527628,364181,869285,545298,786714,18378.7,2683.71,52775.1,55714.1,37417,10699.3,8734.06,12.5572
1.62472e+06,1.25044e+06,779593,464781,297094,221417,805070,354595,786443,8475.9,2869.34,40318.6,39960.3,17451.5,8015.37,5374.21,12.5606
2.04474e+06,1.57658e+06,778167,388727,311114,241451,773110,314813,740872,15048.8,3595.45,34293.4,32624.8,12225.7,5481.49,4335.47,12.5626
1.43596e+06,1.17361e+06,734125,257281,147750,125291,707552,247113,624689,1172.77,728.639,990738,11463.6,3131.54,2116.04,829.53,12.5639
1.67967e+06,1.16452e+06,865427,648771,489594,320604,916260,474444,820460,15519.1,2120.78,105854,41909.8,21691.8,8859.1,5290.97,12.5644
1.63959e+06,1.18081e+06,833117,394458,283842,203987,834882,300743,786967,9180.33,3626.85,24865.1,32850.6,17671.8,7088.26,5702.03,12.5668
1.42038e+06,998214,853752,807024,587575,419762,839869,606116,798881,11456.6,896.606,937775,105135,37760,12609.1,5928.41,12.5706
1.85227e+06,1.07409e+06,1.0347e+06,928390,524747,309121,1.01853e+06,590251,943724,16753.6,5407.47,110844,39041.2,25250.3,12117.8,8110.93,12.5714
1.71269e+06,1.27464e+06,806198,516522,303117,212068,857604,411416,753284,4178.2,3501.12,258935,32086.8,14903.3,6194.52,3748.6,12.5728
2.33585e+06,1.57808e+06,888111,598099,499017,358214,835842,471488,761121,5692.24,1660.15,92297.6,32332.9,35363.9,20918.6,6329.35,12.5728
1.49709e+06,1.03467e+06,868154,508086,368974,283279,781506,405080,752572,8228.41,-278.482,49108.8,72670.4,40971.6,5658.43,5079.57,12.5739
1.18467e+06,803154,885015,626633,467716,331157,847421,497552,755660,8634.23,156.77,91406.5,67320.8,41185,5602.52,6114.67,12.5747
1.13033e+06,825240,821817,442552,368600,256258,863037,319807,830286,7943.49,148.895,40717.7,37693.8,14460.2,6990.42,6412.66,12.5772
2.07277e+06,1.46935e+06,846404,626124,423032,284796,891231,490825,765394,8420.88,3408.56,52823.2,33732,9797.76,6000.62,4013.44,12.5797
1.87627e+06,1.43472e+06,784656,423916,221454,160197,829430,340987,745921,9313.45,207.715,67088.3,40917.7,30382.9,5413.35,3454.77,12.584
1.48977e+06,1.08068e+06,827130,508908,281263,233647,722276,430929,708573,4579.04,1508.5,315245,17711.2,19006.6,4067.21,3798.61,12.5843
1.20882e+06,894925,810453,398775,193325,145748,795861,333853,716678,8939.83,520.447,5621.09,37910.3,19751.4,3982.74,4146.97,12.5844
1.59548e+06,918427,1.04231e+06,886459,707692,453805,935677,608780,873674,11500.2,4340.61,56409.9,48947.5,18154.4,9715.03,6933.09,12.588
2.31301e+06,1.47318e+06,942047,810523,735586,473819,931477,547265,888625,14807.4,4312.96,83271,43455.7,19585,10778.5,7347.48,12.5906
2.2787e+06,1.65108e+06,828077,574906,349412,253727,826270,448646,768855,11343.3,448.458,98657.3,84076,71921.3,4798.88,6531.82,12.5919
1.7531e+06,1.29198e+06,814147,392021,270141,197548,820483,326733,719893,9433.07,897.514,46395,34771.6,17842.3,4095.56,3045.53,12.5923
1.18368e+06,829415,856275,579548,480017,365539,787905,480689,723396,11790.5,610.124,92639,52280.9,31337.4,6047.06,3898.92,12.5958
1.7586e+06,1.2551e+06,840701,462548,338443,265894,763711,385246,720393,7100.61,-278.121,28256.7,56413.4,32295,7299.93,3654.31,12.5998
1.93932e+06,1.52644e+06,762290,373520,297253,240390,741926,311261,720014,9378.17,-428.782,178096,28518.2,21599.7,6376.17,4771.18,12.6002
1.66313e+06,1.23841e+06,805770,546821,482318,351456,823406,421199,778949,6688.38,56.0784,67947,77090.1,41211.7,6582.46,10047.5,12.6034
1.94005e+06,1.52643e+06,762582,364515,216865,165112,788064,287028,761978,13188.2,2768.5,28695.7,26988.3,12071.2,7332.21,4426.69,12.6045
2.12961e+06,1.64545e+06,776546,343556,287079,232698,740219,286968,718317,7776.95,2263.09,28362.2,32177.3,12260.9,5646.68,3132.98,12.6046
1.25923e+06,974699,775147,608122,480006,370174,778023,499445,730557,7891.61,971.343,57368.2,36863.7,15227.8,6501.37,4912.19,12.6103
2.30431e+06,1.69325e+06,816530,453906,387896,307381,757163,377428,721578,4917.74,445.372,46254,51875.9,48710.4,5501.47,5274.44,12.6113
2.41003e+06,1.56986e+06,921112,986147,669349,464178,865205,733836,806295,12643,3339.97,81134,44089.3,28469.7,11991.4,7933.47,12.6129
1.61155e+06,1.15836e+06,834742,496126,458222,346667,793075,392832,757769,8780.19,3379.09,101088,37896.9,12727.8,8927.01,4779.32,12.6149
894959,652718,822676,559746,333967,235743,849994,413949,811326,7030.41,2752.1,84093.2,43452.6,15343.4,7840.33,8214.53,12.6172
1.83808e+06,1.29671e+06,850498,626776,544261,384392,849540,465518,807843,13688.1,3149.82,72886.5,45380,14239.3,6787.21,6332.4,12.6174
1.85529e+06,1.48829e+06,747953,378045,286315,226154,759610,304732,744350,9288.48,572.396,197719,47048.5,16128.3,8179.67,3512.17,12.6187
1.45826e+06,1.05125e+06,832304,566023,486674,355860,820560,459407,739243,5664.47,1068.52,426262,34113.4,10611.3,6838.1,4367.83,12.619
1.58683e+06,1.18976e+06,800244,414841,223893,171851,781700,349617,711935,8580.29,3513.51,30846.6,27225.1,7960.85,5013.14,4018.18,12.6259
1.63307e+06,1.2311e+06,795908,601812,337416,236739,855159,454372,794695,17256.4,1478.41,121823,46105.3,34629.7,8594.82,5266.78,12.6265
1.80008e+06,1.34413e+06,803525,554950,398864,262512,911647,404298,823576,15854.2,2799.9,62070.8,76803.7,22408.1,7986.32,5484.3,12.6275
1.07033e+06,729693,880094,538944,477289,360513,794350,431638,749162,5247.98,1090.8,198917,23609,17678,8827.3,3353.11,12.629
1.77719e+06,1.27697e+06,835037,675143,370888,248001,897306,500240,809782,16293,3032.76,38318.3,35430.5,17931.8,9266.26,8672.79,12.6291
1.96703e+06,1.46269e+06,806882,381314,284321,211148,807930,298627,766134,7387.68,2287.13,58021,61481.5,24827.6,9616.05,4708.44,12.6294
1.41428e+06,867446,978238,365236,218921,137471,955494,257212,851988,10238.8,1529.04,113452,35810.4,16375,8655.7,3453.69,12.6304
1.16925e+06,803734,872864,536493,428892,293548,876638,411740,781794,6280.06,834.441,73290.7,33101.1,8310.95,4884.22,3941.89,12.6334
1.91171e+06,1.38883e+06,825895,497934,308861,227913,813104,404425,738728,7204.5,1941.65,71035.8,67858.8,27235.2,7273.76,4996.31,12.6353
1.79143e+06,1.22359e+06,878449,666191,452864,295360,919956,474083,843132,14433.1,3258.42,90752.3,45061.8,17546.9,9286,6084.6,12.6367
1.8724e+06,1.35525e+06,828954,583961,335252,235066,855722,446224,785204,6507.98,1314.4,222751,38413.4,49219.9,7705.27,5873.63,12.6381
1.33313e+06,955301,837307,657157,548953,403828,815624,518144,760974,6491.08,1815.36,58104.9,39558.5,21755.5,6282.78,3652.43,12.6388
1.63115e+06,1.2731e+06,768746,442142,270722,205448,790630,355146,746975,17332.1,3011.78,35136.8,49037.6,17611.7,7494.96,4868.29,12.6407
1.45081e+06,1.13073e+06,769842,554721,401750,306380,786769,452275,735908,11645.2,2473.86,109233,23533.2,26894.3,5734.69,3644.72,12.6408
1.51576e+06,1.10907e+06,820015,484430,320068,239237,802722,372658,779959,4931.79,1798.05,52431.8,30554.7,32216.3,6973.23,5914.47,12.6452
1.70029e+06,1.26403e+06,807084,446292,293494,226548,777304,362732,738218,14831,1206.22,77643.6,27700.6,20077.7,9835.64,6344.13,12.6473
1.76426e+06,1.25928e+06,840607,525618,380501,270727,843287,418513,753551,9449.12,1146.11,114451,55330.8,24753.2,8743.09,3307.5,12.6473
1.74958e+06,1.11535e+06,941180,617455,497560,320765,930700,427884,865825,13436.3,3101.71,35769.8,24357.4,20174.2,7567.02,7129.42,12.6499
3.24578e+06,1.95843e+06,994403,937736,702576,433806,971737,644818,872558,18558.8,2047.4,48486.4,133162,92924.7,18322.2,9209.78,12.6514
1.90856e+06,1.28676e+06,889936,790981,515597,341174,906746,567966,835593,22478,5062.84,120238,45758,33774.1,10813,5817,12.6578
1.90156e+06,1.41684e+06,805265,460341,325012,227077,858772,360222,766762,15234.7,2125.44,53520.3,44391.5,10653,8622.65,4205.51,12.6593
1.66211e+06,1.31834e+06,756455,395436,310087,237886,782106,317319,747708,15084.3,1303.08,53640.5,21617.3,13856.7,6563.53,7051.93,12.6607
1.61903e+06,1.1675e+06,832049,592821,296305,226763,784003,486877,730560,7806.2,5334.44,1.13242e+06,32551.9,6936.85,4665.46,2940.14,12.6612
1.5046e+06,1.03735e+06,870251,539699,276936,198166,838496,421312,768597,10120.7,4770.29,80257.5,25780.8,29051.9,7960.56,3931.02,12.6624
1.2402e+06,863090,862161,677510,384438,264312,872692,530692,765992,8678.28,131.039,131535,48401,23543.2,7699.27,3610.02,12.6698
1.22246e+06,747713,980958,608116,456075,277755,985202,405013,900883,10274.5,2982.79,48667.7,43636.4,33777.3,8829.57,6784.34,12.6709
1.53602e+06,1.10522e+06,833872,582885,335505,249569,806604,469922,744232,8865.56,1546.81,37749.1,22112.6,7705.16,7070.26,2969.74,12.6713
1.40372e+06,963071,874528,627095,444096,319238,834668,484563,776487,14852,1064.92,47274.2,44405.6,36883.7,6315.32,4003.79,12.6726
922631,587177,942780,681151,320359,214401,896523,501516,814911,9069.31,34.787,43576.9,24198,45771.5,5571.62,4007.94,12.6732
1.63433e+06,1.2295e+06,797557,426851,427146,332684,770363,346194,739790,6429.64,-294.584,157217,21900,22588.7,5398.55,3846.73,12.6736
1.50174e+06,1.12041e+06,804207,491327,403844,291679,830729,379748,776295,5828.56,773.962,62774.5,45160.9,11588.8,4711.4,3688.85,12.6738
1.50548e+06,1.03166e+06,875571,728045,614003,431605,853563,535159,816257,13471.4,4581.08,52539,36616.2,23968.6,12333.6,5056.17,12.6739
1.31582e+06,930508,848451,428270,272091,200168,815589,323057,795407,7747.74,2571.51,30830.6,24488,8787.15,4895.54,8002.1,12.6789
1.59139e+06,1.12996e+06,845016,683398,559584,348168,964335,486345,843103,9474.22,3356.91,31139.7,35471.5,23964.2,5782.67,7283.22,12.679
1.18905e+06,801634,889968,512503,248578,180555,826045,409089,751674,7894.3,2827.8,329442,17875.4,31625.2,5957.51,3699.73,12.6811
1.25027e+06,1.02179e+06,734164,397375,260037,198700,785216,328445,725921,4535.25,-343.053,122130,40990.1,20110.1,5762.79,3793.59,12.6868
1.89817e+06,1.47272e+06,773336,316704,223569,167827,799284,263342,721579,7456.34,752.912,53757.5,27597.4,11835.2,3750.77,3943.22,12.6869
1.28166e+06,821843,935696,744312,373989,241793,928040,553868,806306,5095.69,1764.12,40702.8,33781.6,12875.6,4990.66,3962.55,12.6875
2.00047e+06,1.40496e+06,854318,885695,495755,322423,922554,631584,841403,16458.4,4010.17,55801.7,56370.3,48069.6,10181,8335.35,12.6914
1.34537e+06,973254,829406,556108,378109,258854,876423,396049,842483,11343.7,1769.96,85545.5,35343.1,23952.2,9746.41,5945.01,12.6925
1.3443e+06,891182,905066,596826,336100,236099,854133,448109,799126,8777.47,273.116,25783.2,32429.3,22632.9,7561.69,4456.21,12.694
1.31943e+06,974390,812465,690861,433345,320735,810659,511772,809964,12801,3102.39,97109.6,41433.4,33937.4,5466.97,8760.57,12.6948
2.07942e+06,1.49705e+06,833406,388185,282544,213129,795417,326872,712545,4677.41,1207.88,51113.1,34418.6,19787.1,5042.86,2713.59,12.6963
1.61944e+06,1.0903e+06,891193,624599,525698,380628,828680,484795,773026,10609.2,3961.78,18807.9,35349.8,28947.9,9630.75,8557.95,12.6989
2.43575e+06,1.56572e+06,933405,511830,270342,174832,927779,368110,834257,7336.95,1288.92,23269.5,35992.7,37176.1,7116.67,3295.6,12.7026
1.62126e+06,1.18955e+06,817751,464463,315519,235797,802858,364987,763528,4037.3,2305.56,601877,32701,12059.2,7528.52,5596.47,12.7035
1.07432e+06,715965,900314,825117,626075,430392,872797,605770,817258,15057.5,4100.09,41613.6,46362.3,37670.9,8579.31,6795.26,12.7059
2.06863e+06,1.61196e+06,769982,318923,191560,139461,824142,251380,761212,15255.8,1570.17,58692.7,28938.2,10651.5,7895.61,3766,12.7067
1.24682e+06,906522,825233,562849,311007,227160,821466,464989,726274,6894.19,1483.42,33303.6,42417.5,28054.8,4044.39,3618.28,12.7068
2.19365e+06,1.50406e+06,875092,660369,392417,278527,845341,509640,777453,8602.2,2398.62,139262,42559.1,49904.4,9005.33,3853.44,12.7084
1.48735e+06,1.07474e+06,830352,533692,461506,342648,808128,433321,738980,7924.87,1992.92,30031.9,21151,13477.7,5292.09,3971.69,12.7089
1.61674e+06,1.24508e+06,779101,498127,309723,228778,812288,392288,761880,7517.98,2787.78,61226.3,31764.4,7850.97,7003.5,4604.09,12.7102
2.12413e+06,1.61064e+06,791288,399300,346043,267990,774751,323669,740201,6104.77,340.131,71228.7,65719.8,33650.1,5574.32,8646.23,12.7124
1.25457e+06,967332,778163,296728,219439,163026,807622,236282,753492,6026.91,85.3327,110702,27614.5,20324.5,7104.06,2807.49,12.7146
1.94728e+06,1.51142e+06,773023,409587,336868,252530,800384,331392,741576,10973.7,3633.17,55034.6,33563.5,10971.2,7691.04,3597.64,12.7207
2.056e+06,1.28884e+06,957136,589681,417514,291194,860281,460486,768338,9621.77,1349.96,53198.3,96517.1,34760.6,5477.16,10488.1,12.7214
1.82504e+06,1.35789e+06,806414,482400,257404,180285,856656,359781,804489,15865.9,3585.71,33876.8,45773.6,38884.8,9220.63,3908.57,12.7222
1.83568e+06,1.39243e+06,790996,457098,369700,262970,843518,353182,776537,8823.62,1079.34,46637.9,66003.2,14740.5,7910.18,5539.24,12.7233
1.98131e+06,1.54751e+06,768192,439692,423870,304405,835473,341022,773602,14506.1,-154.388,108764,24192.9,10515.4,5804.72,2270.09,12.7259
1.7362e+06,1.26284e+06,824899,616756,462081,334073,829903,484599,763629,8131.55,1931.01,226832,32589.2,40942,7124.5,6683.18,12.7272
1.08570e+06,767673,848568,635479,361659,257180,843749,497054,767095,7633.22,1356.33,87560.4,30886.2,15475.3,7401.76,5822.48,12.7309
2.08123e+06,1.59828e+06,781302,433642,243973,180631,810402,349341,744788,7434.86,1097,76459.3,48181.6,27511.3,4436.04,4680.55,12.7315
1.99337e+06,1.40823e+06,849313,435922,339462,240646,846376,341806,765209,14981.4,1981.77,45175.7,35205.4,10256.7,6692.96,6584.17,12.7315
2.32936e+06,1.79096e+06,780370,430422,307455,235125,784575,344547,749545,12136.8,2094.81,118181,30213.3,8567.54,9645.07,5229.74,12.734
2.05597e+06,1.54584e+06,797999,484049,314861,235617,801794,383513,757287,10942.7,3712.59,54741,35422.9,17726.3,8913.94,5096.92,12.7341
2.35305e+06,1.59218e+06,886730,599805,502576,345927,871704,441632,814894,11826.4,2997.45,64481,76898.5,58833.7,10415.8,9762.7,12.7365
1.30766e+06,955018,821554,622507,470885,331028,853495,482361,774325,7398.99,3049.84,126181,43231,15526.4,5945.94,4640.5,12.7378
1.60287e+06,1.09948e+06,874704,927003,584895,414031,847611,702853,791349,10401.6,2802.31,90626.4,39989.3,25341,9881.85,8615.04,12.7407
1.71812e+06,1.02309e+06,1.00761e+06,643811,513481,283898,1.08521e+06,378009,1.0219e+06,34902.3,2508.81,50990.3,83517.7,44979.4,22613.3,6929.38,12.7417
2.01448e+06,1.51518e+06,797716,324148,249987,188606,795266,271539,716247,5413.32,105.614,48437.7,36977.6,11529.6,5126.38,5396.25,12.7463
1.8834e+06,1.4027e+06,805617,481389,386838,292397,793792,389089,742332,8678.57,3189.92,126189,96461,34873.8,7616.81,8273.57,12.7473
1.51146e+06,1.08688e+06,834381,512007,311931,223406,837752,384865,798212,10437.7,1513.77,47452.3,38164,38148.4,7134.57,3824.41,12.7486
1.47461e+06,1.04003e+06,850707,616795,332099,241845,823914,483301,765728,11216.9,4287.19,83745.7,29489.2,17935.6,7977.84,5462.94,12.7545
1.37628e+06,941694,876895,576932,252418,167819,902466,431368,802468,10308.1,3723.85,50268.7,35653.3,16333.9,6666.35,5066.46,12.7562
1.48933e+06,1.15148e+06,776040,463978,297179,233141,764804,373759,744830,6357.41,528.44,177545,27301.5,8733.45,5473.73,5520.13,12.7578
1.16723e+06,824164,849756,395884,175151,122411,858508,317501,748125,3934.4,262.239,30650.8,13697.4,12626,5368.88,3648.76,12.7583
1.18642e+06,780334,912238,1.00527e+06,533928,343573,932427,696192,866371,8352.52,2836.25,384617,33438.4,37434.5,10637.5,7719.05,12.7606
2.34974e+06,1.56571e+06,900451,710509,564880,377637,897496,540267,789064,11800.2,2721.05,41153.2,56166.7,27872,9563.53,5569.9,12.7635
1.54116e+06,1.05513e+06,876385,756672,469399,320948,877523,602582,753430,10400.3,205.239,120092,108409,30725.6,6649.71,3796.16,12.764
1.85647e+06,1.4509e+06,767716,408045,286407,212930,807046,316224,774220,8883.46,1406.95,132442,23893.7,10174.2,6906.75,7400.46,12.7658
3.08144e+06,1.78593e+06,1.03524e+06,694951,402133,217643,1.1086e+06,421535,989172,5149.04,1422.82,14747.6,24238.5,11755.9,7071.55,3076.94,12.7673
1.70782e+06,1.26733e+06,808542,490499,273445,210526,779318,404481,727597,7708.92,2513.51,55961.9,40231.7,13121.3,4697.19,2665.85,12.772
1.24062e+06,854900,870710,439524,290729,196996,885486,331018,796678,10682.7,3163.02,53167.8,26357.2,12514.6,7694.3,4701.5,12.7749
1.06253e+06,766126,832135,548840,239786,172520,833940,437214,753187,7442.18,1300.35,116105,24602.6,16361.2,5468.6,2682.5,12.7751
1.64492e+06,1.16259e+06,848924,633422,528141,369226,858240,487769,779167,7337.62,552.188,141106,39959.1,39870.2,4414.87,5522.75,12.7761
1.42491e+06,1.07304e+06,796750,530649,339738,248664,819751,417758,762139,6918.62,1492.82,525200,30567.9,21924.5,7223.58,4599.59,12.7782
1.29876e+06,993061,784703,491004,368070,272144,811489,373484,788795,11262.6,2816.68,47691.1,34590.9,18581.6,5904.02,5074.26,12.7799
1.64129e+06,1.22006e+06,807156,489023,409610,316020,777691,392192,748139,10245.1,1647.36,5244.51,35373.2,14876.1,5279.21,4791.02,12.7801
1.69928e+06,1.22064e+06,835270,735911,620366,435035,855608,562811,784538,9506.86,4074.48,143870,49204,25164.8,9066.37,6423.75,12.782
1.70845e+06,1.2707e+06,806694,555123,480119,375970,766208,451483,737733,6019.34,4281.91,75761.8,44637.3,23376.7,7020.38,3735.2,12.7822
1.69161e+06,1.26744e+06,800798,529604,438984,325999,807949,416680,762606,9481.51,2258.7,49099.4,38548,18976.6,4617.21,4297.04,12.7822
2.33287e+06,1.67958e+06,833379,932852,744150,561103,795736,766753,729976,11942.7,1623.8,130998,43580.6,9565.27,8209.09,4478.85,12.7853
1.65381e+06,1.13838e+06,871664,466850,415723,290031,860024,356264,786244,6517.26,2079.54,23502.1,24735.7,10799.8,5830.71,3003.94,12.7865
1.8123e+06,1.28133e+06,848634,538126,300921,203357,887860,401912,803349,14018.7,4515.98,52858.4,33972.3,16737.1,7466.63,6035.01,12.7876
1.90416e+06,1.3249e+06,862324,548129,422140,287034,882418,424986,773854,15251.1,5141.39,18944.1,52220.6,40212.8,9041.9,4351.02,12.788
1.7819e+06,1.36032e+06,785945,460090,409303,304543,806394,366164,753908,12686.3,2883.13,163855,47961.7,18227.9,6304.44,3950.32,12.7915
1.8699e+06,1.3956e+06,803914,503850,390013,292726,799409,411197,735195,6040.58,672.511,102478,51078.9,34429.9,5969.78,8348.18,12.7943
1.5026e+06,1.06722e+06,844778,438971,369622,269174,823903,349929,752674,7743,180.689,188269,42676.3,27003.9,6058.82,3556.39,12.7959
1.96162e+06,1.4654e+06,803178,426917,349493,259008,809612,350009,731839,17142.8,3852.8,101729,33796,6537.51,5967.52,3438.55,12.7972
1.92637e+06,1.08209e+06,1.06814e+06,987092,594295,302659,1.17815e+06,580801,1.01972e+06,8509.25,5438.08,53002.6,59315.7,45827.8,10042.4,4433.22,12.7977
1.34992e+06,1.06406e+06,761190,456772,358778,275855,780362,378785,723533,5926.41,1159.41,30958.9,23771.3,6634.9,5001.36,5798.47,12.7985
902152,519565,1.04182e+06,702897,514355,353673,872595,506375,832857,10544.1,1064.6,54686.7,35312.3,22161.1,10528.7,4691.87,12.799
1.09874e+06,784140,840725,803853,448503,305480,880915,587716,820655,9089.99,3852.83,60026.7,63344.3,34831.3,8912.43,4081.9,12.7993
1.31924e+06,957442,826725,588435,560918,420694,799990,457878,771082,8332.93,11.8735,87660.1,44058.6,22556.1,4517.94,5546.96,12.7994
1.54888e+06,1.23683e+06,751379,482920,301640,234738,771005,397013,729831,13076.6,571.24,249602,31548.7,8741.87,7458.71,3900,12.8009
1.61283e+06,1.20904e+06,800387,408632,272251,187268,872283,298672,820899,10075.5,1410.18,52651.8,23060.3,12272.8,5948.37,3931.58,12.8014
1.68985e+06,1.27736e+06,793754,428321,330790,249304,796113,335890,765110,9572.67,2245.59,51546.7,37434.4,15046.8,7558.13,4805.91,12.8019
1.394e+06,1.03547e+06,807744,523378,487718,372920,784702,423169,742084,6192.75,352.137,83456.9,43692.2,22008.5,5393.95,4165.04,12.8033
1.17945e+06,811776,871752,706560,497564,352589,846703,576350,735553,5237.71,286.98,426690,46220.5,10249.1,6278.31,4284.29,12.8071
2.12817e+06,1.52375e+06,838002,512436,432329,322005,805569,408062,753469,5801.82,1458.33,260803,35187.1,47757.5,6507.12,7178.41,12.8121
1.06252e+06,769109,828895,519577,331399,242399,820298,403246,773091,11385.8,2668.53,208453,46247.6,15784.6,6182.26,5858.64,12.8138
1.7552e+06,1.23885e+06,850078,634723,482898,356151,813528,505823,752900,5456.78,4580.43,204541,55967.1,14044.7,9767.89,4209.29,12.8175
1.52155e+06,1.11076e+06,821898,516880,344916,264625,782050,422444,734128,8977.02,3278.73,52609.9,51471.1,22893.7,6467.84,4504.38,12.8204
1.56704e+06,1.31531e+06,714829,429158,250053,204297,734380,379198,679051,3908.25,936.625,1.01691e+06,39086.9,9012.39,3444.99,3349.91,12.8221
1.45146e+06,1.06725e+06,816000,535682,287313,205347,839494,419077,766945,4658.19,429.242,251538,36560.5,26966.2,6988.36,4706.38,12.8235
3.08708e+06,1.89817e+06,975808,1.12317e+06,709750,463235,919296,829425,812495,13292.9,1435.62,115017,84935.9,30806.4,13406.8,8066.1,12.825
2.01515e+06,1.41117e+06,856801,419628,223242,179053,748074,361418,696636,8985.97,273.754,14219.6,23838.9,15464.3,8454.77,1774.43,12.828
864948,610952,849443,657099,342068,250638,818874,526647,748622,8552.52,1520.74,26925.2,31819.3,28809.2,5530.72,5165.62,12.8313
1.90515e+06,1.33483e+06,856354,545628,449359,338904,795551,455204,719188,7046.18,367.34,45730.7,72543.7,27444.5,6496.62,10981.4,12.8371
1.63184e+06,1.12634e+06,869282,539222,473086,339211,836799,420457,769480,6269.28,2853.99,46087.6,32063.5,13499.8,5890.87,4524.14,12.8375
2.94404e+06,1.89974e+06,929826,934140,632001,435320,871084,670835,835502,6900.26,472.378,64326.1,85136.5,39812.8,5359.78,6420.34,12.8376
2.85268e+06,1.96252e+06,872148,646897,551852,388250,852830,480272,808163,20000.1,2360.04,56697.4,52952.1,32686.6,9016.02,7099.82,12.8391
2.18652e+06,1.64156e+06,799187,431359,255828,184099,833774,326757,792073,10939.5,3099.68,49022.9,46836.4,12440,8756.3,6929.85,12.8441
1.646e+06,1.26157e+06,782836,502196,279691,206073,814346,393027,766658,7675.24,772.454,44858,30118.8,14766.1,5641.83,4194.31,12.8445
2.19249e+06,1.71598e+06,766616,311250,219812,179581,734415,262735,710792,6057.19,-651.099,53082.4,63539.2,30586.4,4555.77,8768.19,12.8454
1.86677e+06,1.36979e+06,817689,465173,421996,314831,804232,368852,756682,12096.4,992.27,133412,38724.9,16848.1,7600.29,4655.68,12.8463
2.16272e+06,1.63428e+06,794009,479549,392958,322335,731458,401922,715883,8302,537.461,62336.8,44141.6,39643.7,6974.09,5090.23,12.8467
1.89407e+06,1.19925e+06,947626,808235,687982,444683,928277,556389,871586,15402.4,4907.09,84761.1,49312.4,23178.3,12953.3,8806.76,12.8483
2.07961e+06,1.5349e+06,812931,457861,343628,251779,818880,354185,775630,4524.59,1102.2,57589.3,74103.6,32981.6,7332.22,5577.57,12.8513
1.13995e+06,781891,874760,361873,256822,188027,819529,274390,791297,10158.1,268.867,141956,40782.1,15025.2,6309.25,4033.35,12.8528
1.62332e+06,1.03954e+06,936946,909310,583164,382610,914504,659341,827471,12398.2,3748.85,106071,37173.7,27683.2,13321.9,8907.61,12.8532
1.70404e+06,1.32978e+06,768866,467222,323317,208904,928609,341535,820804,16129.7,259.112,260096,74448.7,16584.7,6912.34,4121.85,12.8533
1.37856e+06,954194,866841,439865,230750,175614,788376,367900,717366,12683,564.177,37879,35843.2,22015.8,6059.48,2906.89,12.8538
2.12237e+06,1.29827e+06,980860,543103,310712,182795,1.01987e+06,336585,968142,13728.2,3565.64,32810.2,28092.6,10565.9,7837.32,8155.21,12.8544
1.56673e+06,1.1056e+06,850249,490777,271879,199924,815948,394194,747009,7354.89,516.288,33115.1,48757.3,42470.4,7179.18,7193.59,12.8557
1.3082e+06,953766,822967,492256,295848,215479,823786,382824,771512,4256.43,4279.28,599139,35696.4,14339.1,6523.93,5057.81,12.8593
2.89611e+06,1.83803e+06,945394,697775,577411,402445,860855,511979,817739,10854.1,1530.6,159626,38482.3,45106.1,10263.4,10279.3,12.8593
2.15911e+06,1.51379e+06,855776,886679,573422,382684,899053,647924,821095,9468.9,1344.4,43346.4,86648.3,80724.4,17214.6,8127.61,12.86
1.32138e+06,943210,840563,538066,369219,268290,825717,428364,753658,9638.63,3055.65,51897,30693.8,18719.2,6999.99,3707.05,12.8603
1.64244e+06,1.16549e+06,845540,886987,699366,503026,834191,693275,767650,8530.19,1005.22,459873,36510.4,20022.5,9745.81,5518.98,12.8619
1.05796e+06,752068,844043,708280,499133,324287,923502,524023,810972,11640.7,1794.42,42050.4,27658.7,28111.2,9870.62,6864.84,12.8699
1.51017e+06,957892,945931,921495,508026,339498,897841,691203,799905,12375.4,1774.17,44951.6,72820.7,81026.7,8916.51,5169.86,12.872
1.84596e+06,1.34396e+06,824118,406392,328910,238147,828673,320712,760293,15857.3,2496.93,48083.6,22343.9,11956,5397.94,7609.44,12.8772
1.7045e+06,1.25453e+06,815207,500033,306235,220910,831747,392217,764933,5700.05,5122.38,233580,44762.6,11985.6,9447.09,2355.97,12.878
1.04104e+06,777699,803168,569040,338791,266802,761893,489337,697728,5689.44,953.022,65066.7,28436.9,6192.39,4109.65,2760.33,12.8789
1.18974e+06,899004,794036,455898,273021,209462,782065,387082,706668,7242.41,209.647,28351.2,29947.3,12956.4,4370.79,1846.01,12.8872
1.66943e+06,1.17676e+06,851202,526724,308766,221222,837436,425709,742371,18472.5,3601.41,33741.7,26756.8,10515.7,4601.4,3714.75,12.8872
2.82637e+06,1.72204e+06,984773,610826,336527,201263,1.00325e+06,408983,896115,15433.3,518.314,52603.6,87799,78118.9,8340.01,4868.97,12.8892
2.12374e+06,1.35721e+06,938871,694480,388539,253687,918941,489576,851120,21481.9,3070.28,110569,46727.1,16908.9,12386.4,5383.26,12.8907
1.90992e+06,1.40449e+06,815919,404225,345242,254928,812563,330758,733271,7565.12,1888.45,56384.4,69346.7,17772.6,5001.56,4401.05,12.8911
1.62155e+06,1.05418e+06,922925,872789,512559,350164,878261,663895,788790,7782.6,3739.11,48828.8,58768.7,77015.4,9844.35,5425.09,12.8917
1.51888e+06,1.09933e+06,828984,598748,400643,299608,802334,477686,752060,6362.07,3704.23,26950.2,41011.1,37565.4,7481.54,6008.25,12.8931
1.94522e+06,1.44812e+06,805964,400897,357773,280553,765145,326518,736677,16694.5,-300.733,75451.2,24731.1,10787.6,5445.64,5664.04,12.8943
2.24779e+06,1.47321e+06,915467,609354,506481,360866,842109,447562,816898,9078.01,160.915,192734,44013.1,31412.9,7973.56,10167.7,12.8988
2.05003e+06,1.42292e+06,864433,522439,297782,222113,804408,412535,759847,5732.3,1617,75540,26408.7,36477.3,7408.22,7890.98,12.8997
1.58199e+06,1.17331e+06,808987,441255,225318,171368,788892,377656,701043,5321.97,99.5146,102170,29572.2,15630.4,4952.34,3501.94,12.9014
1.57953e+06,1.25876e+06,752900,345249,239863,189578,759147,291074,711672,8024.91,-354.22,23073.1,31300.9,8729.79,4027.45,4590.32,12.9015
1.86799e+06,1.48273e+06,755898,383968,226767,173567,783905,309638,744033,9370.26,2056.11,137472,31930.2,11059.9,5108.05,4228.62,12.9015
1.81111e+06,1.42936e+06,760246,413466,230418,167900,823412,316088,784844,7724.74,-628.207,203492,54290.1,16095.3,8604.85,3728.67,12.9022
2.19467e+06,1.74191e+06,755954,375026,274596,222143,741674,307730,731212,10432.7,2410.99,48723.3,51114.1,18025.7,6415.76,6312.65,12.9031
2.15248e+06,1.60245e+06,805946,374367,342941,272400,755376,310402,723643,6056.03,1366.18,58994.4,68088.3,17411.5,6342.14,3427.07,12.9083
2.04611e+06,1.44733e+06,848228,463874,310275,214481,867978,359750,773661,10766.1,1139.47,51044.9,34627.4,12025.3,5803.99,4737.82,12.909
1.35976e+06,976836,835201,484102,397730,301787,790749,393183,738743,5916.35,-436.786,23937.2,29750.3,17486,5842.07,7060.96,12.9116
1.83599e+06,1.31349e+06,838679,468906,370629,259624,856535,367079,766438,8725.47,2859.41,26891.3,33778.2,20164,5319.27,7139.1,12.9143
1.39687e+06,1.04229e+06,804111,425123,260088,179266,870511,323115,789420,14998.2,1650.9,59924.4,35180.9,9658.19,8230.15,3595.86,12.9152
1.90383e+06,1.27308e+06,897274,499933,402265,291604,827694,393200,762868,8496.3,1478.64,60542.1,43944.4,19620.7,6541.44,4908.99,12.9197
1.48046e+06,1.06569e+06,833521,479362,232977,165162,846359,372019,773125,7271.3,2602.54,54545.6,22893.9,15816.6,4588.25,5084.23,12.9218
2.10177e+06,1.41048e+06,894067,845204,486792,339545,860196,635413,798099,10718.1,2234.57,70754.5,83765.8,61598.7,9090.88,7173.82,12.9234
1.0363e+06,756702,821699,514263,362278,281674,771696,406058,759886,6658.2,59.1968,104696,32454.8,19763.6,5988.15,3867.86,12.933
1.81669e+06,1.11037e+06,981662,959926,787357,502604,939933,669152,860725,23433.7,2492.62,83214.8,91876.4,42393.2,11602.2,9728.37,12.9347
1.6039e+06,1.25072e+06,769427,333544,270066,203917,794635,268242,746067,7442.48,-385.677,221308,38488.8,14031.5,6152.37,3830.48,12.935
2.15852e+06,1.43139e+06,904791,622750,417899,281985,889193,475788,785329,5837.98,1031.76,43047.5,64484.9,73396.2,6439.16,8576.84,12.9368
1.58482e+06,1.10259e+06,862416,758747,560390,381505,881336,570210,798387,5529.07,1491.49,235525,50508.7,14073.5,8398.66,5427.2,12.9368
1.51743e+06,1.154e+06,788955,443057,353820,269441,787898,357371,743860,6183.3,1121.85,53221,31587.4,7337.71,6049.72,3508.2,12.9374
1.33134e+06,920403,867883,468460,349602,249827,839625,356907,787532,10759,2273.48,30631.8,44049.3,31715.7,9378.56,7928.47,12.9397
1.50547e+06,1.05042e+06,859926,804671,535125,392748,817509,634048,761460,7315.66,2782.8,121160,28277.3,20382.8,7556.68,4477.83,12.9471
952812,531260,1.0761e+06,775587,482536,298900,968624,535152,869570,8659.75,424.525,231876,30339.6,31405.7,7229.21,5323.76,12.9509
1.4299e+06,1.09409e+06,784161,524943,459572,374838,735633,444541,708520,12132.5,273.014,209769,38668.1,30913.7,9804.74,10776.6,12.9573
1.36861e+06,947364,866790,539409,270618,187938,863960,423668,763912,9482.67,3071.02,99792.1,49732.7,27362.9,6962.2,3968.71,12.9591
1.37781e+06,762394,1.08433e+06,800234,651955,428634,912603,570359,841821,10698.8,160.886,37539,37485,20877.6,7420.87,8420.14,12.9595
1.0165e+06,674250,904558,564895,401904,290036,831423,455145,744679,9451.79,658.988,65578,27523.9,16607.5,6112.04,4677.21,12.9598
1.47374e+06,1.08349e+06,816107,440452,249214,182380,819872,344269,767630,7231.85,-274.331,27098.2,58380,16153.8,4412.83,4306.52,12.9637
1.28443e+06,909983,846891,522826,441250,321431,823660,427296,734141,6883.86,140.935,189247,40967.1,28894.3,5746.78,3563.8,12.9652
1.45406e+06,978039,892027,661657,379073,263375,863573,497425,798098,11133.8,4175.34,28670,25416.9,18191.2,6809.04,5264.02,12.9656
2.23671e+06,1.49839e+06,895646,619436,376744,255732,883918,467393,795180,13230.2,2098.57,134628,35665.8,12428.3,7342.41,5633.67,12.9657
1.67269e+06,1.22689e+06,818014,491670,353196,260044,814930,410232,719111,8298.14,2388.43,98581,31422.7,10648.8,9269.04,5552.82,12.9673
1.43955e+06,1.04434e+06,827061,710399,404819,293020,828924,535356,796179,13318.3,2281.02,925711,26727.8,15049.5,10327,4685.61,12.9695
1.64933e+06,1.111e+06,890723,530663,241172,164872,877670,400894,794220,7209.62,4612.46,25764.3,33917.4,22058,8395.71,3707.54,12.9735
1.94319e+06,1.45739e+06,800002,552464,386801,304476,762230,451833,733630,9252.03,3810.55,43299.7,48071.7,17411.9,7080.4,4834.5,12.9758
1.58447e+06,1.17741e+06,807434,579254,418659,311611,806119,443953,782858,8800.91,2496.68,41866.6,26973.9,14734,9444.03,6478.96,12.9798
1.5549e+06,1.08178e+06,862410,568130,317379,222175,857104,450904,755987,11227.6,2594.26,56508.7,52031.8,25501.7,8125.91,3373.18,12.983
1.5023e+06,974837,924645,801637,722374,509783,850214,589379,816083,9571.2,1754.87,183441,63214.2,40234.2,10016.8,6767.24,12.9847
1.99313e+06,1.50767e+06,793199,378997,251459,197738,763006,313386,725617,5415.15,677.2,59552.7,51262.2,16450.1,6354.35,5264.5,12.9855
1.69256e+06,1.29064e+06,786845,427165,262333,190917,824442,324647,789470,4773.73,-17.8782,523806,44006.2,13681.4,6077.26,7351.4,12.988
1.19288e+06,875048,817932,555155,373520,266298,841583,428913,776598,7724.46,1389.19,123856,24979.8,28700.1,7376.78,5914.74,12.9907
1.48376e+06,962120,925309,662612,506132,336235,903175,480388,827596,14168.5,3602.4,78709.2,41760,19535.8,11204.4,6079.77,12.991
1.04569e+06,829803,756102,357914,224360,177095,760134,292542,734077,9258.79,1188,59860.3,39143.1,9331.15,5575.28,6186.01,12.9914
1.82735e+06,1.42088e+06,771640,503285,409611,314337,781858,399195,756450,9170.23,1359.04,39757.8,46050.4,63904.8,6300.49,4755.82,12.9927
1.44535e+06,1.0415e+06,832655,500853,437078,319238,821477,392491,765653,6524.47,1019.06,54555.1,32439.9,19621.8,7424.76,3644.53,12.9928
1.6085e+06,1.24213e+06,776969,389948,338259,255700,793725,314642,743603,5156.06,677.498,181022,36516.2,13577.7,7590.93,3860.37,12.9951
1.31526e+06,994224,793741,444900,314115,227186,829580,346821,769677,6303.97,1234.49,60600.7,42136.4,15567,6599.36,3514.81,12.996
1.76473e+06,1.20938e+06,875520,411804,329151,234360,842682,325375,759378,21856.9,40.2469,49941.4,36233.2,16281,12091.1,5218.48,12.9982
1.27397e+06,916200,834299,619602,409411,310299,791645,493012,754061,6435.67,2434.04,29209.5,27278.6,16841.9,6600.56,4754.59,13.0005
1.63833e+06,1.1489e+06,855600,546501,277061,200935,827315,442799,740518,7955.04,-502.536,53512.1,82908.3,31412.5,6440.58,4084.14,13.0021
1.34374e+06,971061,830268,454976,373147,297256,753184,379107,720075,3850.16,-158.239,15496.6,27204.2,14385.2,5433.77,2986.5,13.0028
1.08838e+06,776116,841403,545755,273842,198915,826008,452763,723233,5766.63,858.638,45280.7,37597.7,10952.7,5284.43,4460.12,13.003
1.75762e+06,1.3418e+06,785938,558049,445995,352839,758411,453650,738079,5763.54,101.874,112282,64221.4,9050.9,7393.09,5673.22,13.0032
1.89904e+06,1.494e+06,762669,454804,310049,228116,815504,353769,771358,8609.75,1133.72,118711,23888.3,16085.3,6678.08,6822.1,13.0065
1.93796e+06,1.36109e+06,854297,664087,565133,420288,806780,525152,758736,7772.9,1344.53,24706.9,29126.5,20503.4,6942.49,7694.97,13.0068
1.65712e+06,1.17882e+06,843442,703326,556196,399350,835652,568861,741825,6944.12,1001.95,153261,45533.5,33617.8,5746.75,5221.53,13.0134
1.12286e+06,810886,830836,527707,293487,222757,790512,454856,696098,3339.83,280.605,315183,20125.3,9841.49,5419.14,3806.78,13.0152
2.03985e+06,1.3979e+06,875533,819958,536111,362072,888404,588776,835589,14047.7,2937.86,103094,53304.1,21875.9,11167.4,9229.23,13.0177
1.95173e+06,1.45167e+06,806683,436861,320898,232443,828328,341243,768122,16100.3,4560.27,24839,39991.8,22850,10009.4,4686.49,13.0193
1.47129e+06,1.05989e+06,832889,360884,228563,174407,786308,285086,759526,8660.17,2645.64,25792.8,35251.2,9570.42,7026.36,6548.88,13.0222
2.26939e+06,1.5494e+06,878815,426308,343215,240819,855120,325575,785640,9736.12,1183.3,12433,55695.2,35558.2,8055.13,7201.06,13.0256
1.25743e+06,949171,794861,300352,159250,125097,763806,259765,693747,7335.26,593.302,41896.8,20984.2,10938.1,3623.13,2194.23,13.0288
1.77827e+06,1.23138e+06,866478,397948,293976,212520,829972,317483,752068,6038.2,1544.55,26474.8,22106.1,20679.4,6572.44,5116.98,13.0295
1.27713e+06,1.02095e+06,750560,399088,279538,213223,786608,328276,729426,4299.7,292.663,40259.2,19762.7,13154.7,5856.34,4231.71,13.0296
2.14206e+06,1.39588e+06,920733,999164,742578,485354,917983,736011,814524,13512.9,427.568,97648,53473.2,30336.7,13109.9,11634.8,13.0301
1.42547e+06,1.093e+06,782506,516572,323388,239750,809314,410144,755694,9634.88,61.4185,58874,32509.2,19509.4,7105.97,5195.41,13.0313
1.94116e+06,1.51284e+06,769875,386196,314260,245366,768468,317305,730267,9333.2,1403.24,30031.5,30534.1,10850.8,5833.87,3819.21,13.0313
1.28325e+06,909971,846125,446466,350826,267715,786267,372007,720093,5144.18,546.673,32490.3,28026.4,13930.5,5741.38,3566.77,13.0399
1.62506e+06,1.17286e+06,831331,378445,285370,212050,807461,298832,759849,8848.92,2899.37,33860.3,50764,31067.7,10900,5017,13.0403
1.19369e+06,828148,864841,673198,402593,279928,862921,536997,752181,8271.47,887.202,99515.6,31213.6,35341.1,7406.17,4117.78,13.0412
1.49557e+06,1.12711e+06,796144,587332,377106,268243,843502,480012,734147,7720.4,-188.647,118849,44792.7,23285.1,6733.58,5986.66,13.0429
1.80751e+06,1.42641e+06,760304,418155,328480,250274,787490,336900,744711,11491.5,393.587,110963,29825.2,27836.6,6604.94,2924.31,13.0491
1.9143e+06,1.49426e+06,768659,365087,298743,237866,753559,307186,713092,8353.11,1663.75,61323.8,33643.6,8438.42,4650.58,3819.72,13.0497
1.46892e+06,937979,939627,426074,206965,135990,913148,310844,822421,10327.2,1831.23,30585.6,24823.6,25607.6,7277.48,4445.55,13.0505
2.42057e+06,1.6229e+06,894903,797458,658609,454418,869608,611421,782562,9467.2,1826.42,32320.5,117366,59268.4,7679.13,11212.3,13.0545
1.49553e+06,1.09533e+06,819218,470796,420189,323982,778172,394904,715308,4660.29,1092.17,45086.9,20788.4,13145,3863.62,3623.86,13.0575
1.53178e+06,1.05005e+06,875263,500712,453684,357376,761692,406650,738786,9504.06,2649.37,37349.4,21048.8,20881.1,5951.7,6843.76,13.059
1.21827e+06,819743,891699,972874,706109,439813,963285,621822,938732,5204.96,3946.48,496653,71561.9,25182.8,17555.8,5296.31,13.0594
1.27562e+06,925437,827039,455701,244473,183258,800422,367058,744897,6936.42,2021.16,57232.7,44011.1,8633.53,5967.6,3485.69,13.0602
1.7775e+06,1.32686e+06,803775,483523,410160,311666,789614,389684,744484,8096.75,733.246,35074.5,62447.6,30598.6,6556.52,4921.86,13.0604
989024,687873,862680,498774,232308,166397,837663,393001,761484,4558.09,1494.31,26343.9,15699.4,11091.6,3709.76,2844.21,13.0607
1.33063e+06,888997,898065,729376,481112,335318,860876,551389,793678,8708.3,3059.39,32394.7,60438.4,56228.9,7648.97,8555.45,13.0619
1.22528e+06,889753,826263,501980,288300,215040,804408,397721,757285,6009.7,653.726,56275,37079,35863.2,9793.45,6317.6,13.0669
1.81071e+06,1.45724e+06,745538,352301,281975,220802,766230,297278,711054,6887.59,149.415,88544.6,24595.8,6706.46,4975.21,3354.4,13.0673
1.93839e+06,1.53043e+06,759939,393147,226244,157799,860247,294453,801106,9583.61,636.714,114266,39007.1,17421.2,7689.81,5207.8,13.07
2.09756e+06,1.50621e+06,835566,485718,431820,310805,833616,370591,786394,21665.5,1603.49,74757.1,32649.8,14216.9,9673.17,4666.23,13.0729
1.38106e+06,965030,858662,555381,365322,254139,862493,404586,823629,10121.4,1905.61,100956,46107.7,15598.6,7759.16,5667.26,13.0762
1.6062e+06,1.05055e+06,917348,521594,289445,201336,862574,410214,762910,12496.3,5103.62,22594.4,36038.5,33000.3,7199.22,6383.33,13.0766
1.71905e+06,1.33996e+06,769746,576938,413735,288688,859893,421532,821202,8417.19,743.962,578784,30604.8,13183.4,7273.63,4841.76,13.0853
1.18571e+06,842776,844143,436845,298355,220759,810897,345485,758665,9963.84,574.202,50994.1,29742.9,19271.6,7935.16,3553.07,13.0878
2.24072e+06,1.55115e+06,866733,541818,413294,266001,932238,378245,859472,5688.85,2698.36,82728.8,20138.1,3590.44,4140.83,2432.91,13.0887
2.09109e+06,1.53725e+06,816167,396223,278363,213441,782501,312910,759751,6010.45,2105.28,24049.3,30029.9,13600.9,9177.33,5166.43,13.0893
1.67734e+06,1.30735e+06,769808,523267,441260,350822,754673,459805,682812,4343.1,-68.4324,918035,37990.5,6974.76,7247.16,2614.67,13.0905
1.28674e+06,926351,833427,427481,195407,141465,828786,342307,749294,4465.36,-124.042,56156.1,15485.6,12404.9,3745.85,3183.87,13.0932
2.11472e+06,1.47585e+06,859733,540781,429067,302379,851382,421031,770652,9753.84,3624.16,52143.3,94125,37211,6531.23,8653.6,13.0938
1.26224e+06,803553,942496,814251,616969,367530,1.00721e+06,531837,918609,10889.5,792.366,49921.2,63123.4,20759.3,11106.4,8416.06,13.0952
1.63922e+06,1.17743e+06,835321,571013,476390,342141,835428,444085,771491,4048.49,327.318,111239,40904.6,32711.9,5452.11,4151.81,13.1003
1.47741e+06,1.11784e+06,793002,472540,349660,254550,824183,360743,785945,8689.53,745.897,68271.2,36415.2,19978.6,5764.44,7381.91,13.1006
1.55418e+06,1.16012e+06,803804,646850,531653,378548,842672,503681,770548,8157.84,224.238,43339.5,23047.5,16583,4941.68,6702.52,13.1021
1.54923e+06,1.09828e+06,846360,628514,296092,203542,872818,489351,770630,6666.77,1523.34,49015.8,29585.8,30629.3,6995.34,7365.66,13.1048
2.02917e+06,1.50808e+06,807320,453600,307834,225471,819175,367384,740806,13877.5,2414.76,30811.6,32877.7,15130.2,7407.9,4235.58,13.1069
1.62791e+06,957637,1.01996e+06,712663,510256,293361,1.04361e+06,443894,963289,18948.2,4541.66,46779.5,55411.6,18820.7,15753.5,7731.74,13.1098
1.82169e+06,1.3762e+06,794229,355525,230578,177226,780623,296155,720282,7897.63,780.869,30352.8,41289.9,17297.3,4076.43,8842.11,13.1122
1.29085e+06,848658,912631,696579,487185,330886,883419,528892,790232,10645.9,-350.45,231504,39507.2,20997.4,7905.12,4950.22,13.1136
1.85735e+06,1.40362e+06,793954,423305,367262,282817,779151,354024,717418,6822.72,2625.57,93365,44846.4,7797.88,8532.8,2585.29,13.1152
2.46112e+06,1.47579e+06,1.0006e+06,727381,438554,258765,1.01688e+06,487346,895521,7969.17,2248.55,39187.2,51839.3,36066.9,10495.2,5716.52,13.1156
1.96574e+06,1.37387e+06,858487,760094,640117,462307,830769,554277,822795,11916.5,3596.69,31138.7,44866.6,25526.8,7139.46,7323.07,13.1163
1.30474e+06,892579,877060,645985,555430,414777,803463,506695,764940,8182.33,1607.02,41518.2,27827.7,20684.5,6879.65,5665.21,13.1214
2.10603e+06,1.6685e+06,757337,307847,194481,146817,794789,240935,766632,5705.35,1144.12,35282.9,22598.7,14629.9,6753.73,3436.44,13.123
1.58243e+06,1.32398e+06,717120,225925,164817,137693,718193,203634,665678,1713.82,1869.87,1.29435e+06,24277.7,920.102,847.26,1016.12,13.1238
1.6302e+06,1.18927e+06,822456,475274,232919,166959,837040,380512,749424,7897.77,1339.95,30416.1,40574.9,26580,6894.9,4419.24,13.1242
1.92894e+06,1.3986e+06,827516,546580,344364,261945,788785,440761,744049,11062.7,2036.16,31519.9,44409.4,20582.8,8412.23,3023.01,13.1284
1.89427e+06,1.51591e+06,749754,461837,269233,194157,832007,361668,766178,11440,1615.93,123331,31196.1,9336.13,5435.33,3957.11,13.1296
1.33256e+06,1.00601e+06,794759,420503,313684,240207,783534,335365,752320,8897.25,532.235,97802.9,25891.8,18335.8,8545.38,3214.19,13.1316
1.00473e+06,708348,851051,629387,305598,216130,848373,494162,764188,6101.62,1452.84,23454.7,21436.2,26733.7,4035.12,3914.24,13.1349
2.26474e+06,1.50103e+06,905278,596637,441306,285238,928289,439012,815427,12442.7,3946.86,55424.3,33570,23515.7,10187.7,7866.9,13.1355
2.30646e+06,1.45546e+06,950817,580063,473254,321938,882010,430344,808743,9470.08,2366.44,42839.2,47382.6,33484.2,13710.9,5226.88,13.136
1.50852e+06,1.20459e+06,751388,307281,166655,132523,754531,270072,682665,4106.82,-178.883,186522,25480.3,5268.3,3225.63,1610.44,13.1378
1.59384e+06,1.13463e+06,842837,556547,375730,284690,791872,438094,762230,7983.87,78.519,47071.8,29019.7,23119.3,6186.03,4469.64,13.14
1.84196e+06,1.3364e+06,826981,490111,402873,287030,842155,392921,748411,4165.9,604.657,90851.1,16677.3,9482.9,5064.35,3556.4,13.1407
2.43236e+06,1.6352e+06,892498,552042,302965,202435,897963,414167,799738,10682.7,-20.7433,77060.9,78489.6,33607.5,7862.82,4900.4,13.142
1.52976e+06,942815,973526,706148,321346,197861,974459,495161,855658,7862.89,2390.73,27503.4,20264,28612.5,4726.62,4410.36,13.1442
2.04009e+06,1.68954e+06,724492,281976,186749,141194,793583,233759,723760,12783.2,-548.547,59903.2,20546.4,14607.2,5262.49,3962.77,13.1454
1.01553e+06,679563,896630,665482,392649,263274,894846,491410,812537,20709,2119.31,60472.8,32185,38600.1,8650.47,6943.31,13.1466
1.75058e+06,1.33643e+06,785934,513758,424358,313854,811252,403257,764413,12781.2,1623.51,134642,33877.5,13873,7488.05,4726.85,13.1476
1.7094e+06,1.26039e+06,813747,500146,391531,293781,799639,389006,771421,10515.1,2678.73,49519.6,49691.1,47070.4,7917.5,4873.57,13.1496
1.66417e+06,1.27825e+06,781150,488727,323229,229403,845399,382348,766936,13482.4,371.718,104755,43580.8,18966.8,9433.77,4050.75,13.1512
1.49627e+06,1.09013e+06,823537,638302,415044,291648,853859,485186,789350,10768.8,1439.7,132133,29334,20404.9,6469.26,4818.16,13.1538
1.5137e+06,990734,916713,448641,359741,237921,907211,328382,819731,8614.63,1871.64,55780.3,26315.5,7691.5,6359.5,6578.17,13.1546
2.04625e+06,1.46086e+06,840431,434475,389063,281958,827916,334281,779837,17271,2414.02,29856,51194.3,14990.6,8812.49,3665,13.1549
1.60192e+06,1.24923e+06,769395,371026,325555,260687,749301,305316,729133,5124.21,624.705,27432.6,34891.3,18259.1,6077.17,3866.2,13.1559
1.36265e+06,1.06457e+06,768001,438633,255090,189234,808807,360733,729570,11342.4,-108.089,43377.7,24773.8,23512.6,6110.74,3778.88,13.1566
2.14359e+06,1.43895e+06,893817,524329,348105,236549,882959,385810,815420,11514.4,2652.25,30632.2,56423,48091.1,8377.87,4662.88,13.1573
1.51312e+06,1.15315e+06,787298,599373,547941,411293,799344,461108,779912,8614.56,1963.52,87909.2,42067.3,17682.6,6350.64,10850.3,13.1575
1.75578e+06,1.04665e+06,1.00651e+06,593470,400172,203006,1.18274e+06,340213,1.04665e+06,9250.06,2145.72,130915,57620.2,27321.8,10243,4132.39,13.1582
1.1856e+06,854881,832115,424257,207104,157265,790148,348935,729517,9102.54,1564.96,124775,25740.6,5591.08,5494.34,3663.86,13.1586
2.12435e+06,1.30842e+06,974160,964671,600379,378910,950693,680402,850677,14002.6,4364.77,33970.3,48172.9,59654,15429.2,8881.54,13.1592
1.88576e+06,1.35333e+06,836055,674336,549274,383835,858610,512193,789940,20836.3,4920.83,52263.6,51155.2,23071.4,9978.99,6387.54,13.1629
1.34347e+06,870229,926289,791081,474417,281176,1.01236e+06,537090,883741,14786.4,2100.79,114667,31636.6,46422.1,14159.4,4506.5,13.164
1.29329e+06,917578,845673,642522,453629,309503,879402,497598,774748,5686.61,1078.22,112099,25857.7,18013.1,7075.98,5070.32,13.1658
1.42665e+06,1.09332e+06,782929,446957,263091,203223,776755,357528,750079,11578.5,4123.34,31204.4,40005.5,15007.3,5525.34,6034.06,13.1681
1.24965e+06,906065,827521,483296,309984,227994,815768,376378,770443,10062.4,3070.87,26255.2,34657.2,10566.3,6582.68,7103.04,13.1708
1.79403e+06,1.17291e+06,917734,1.125e+06,885495,628819,844912,860484,784442,11965.5,3836.68,116235,56295.7,14605.9,9454.88,8255.56,13.1731
1.38583e+06,965625,861097,898088,615028,401627,918805,649692,829397,15714.7,1889.5,115129,53005.7,52188.6,7951.21,7678.71,13.1735
2.7674e+06,1.63024e+06,1.01852e+06,958423,575244,370444,931710,647043,888741,10944.3,2092.37,260676,119031,57302.8,17124.1,9302.34,13.1745
1.34262e+06,746461,1.07919e+06,602130,328969,211722,932266,427339,845413,16062.5,3089.8,76414.8,34259.4,24270.1,10992.7,4853.44,13.1746
2.0801e+06,1.55477e+06,802731,380486,254203,192319,793066,296964,768751,11630.3,1504.17,65304.9,30768.6,9303.69,6182.76,5518.37,13.1807
1.61773e+06,1.13421e+06,855780,481212,403440,296516,816362,383530,752816,11217.7,1309.85,120218,40747.1,26549.2,7214.15,7742.76,13.1816
2.20345e+06,1.60558e+06,823422,449465,392662,310937,757701,371964,725014,5541.5,242.279,87721.3,97089.3,28373.5,7242.28,10410,13.1825
1.91881e+06,1.4548e+06,791375,421068,344569,277471,745091,347008,728054,5615.5,4670.76,26486,29938.2,15969.9,5961.42,8450.15,13.1852
2.70364e+06,1.72524e+06,940266,690740,505196,336104,901856,517177,801358,17277.2,1557.78,26223,72834.4,45121,8896,9233.7,13.186
1.88801e+06,1.35861e+06,833799,482868,412094,307654,803684,385213,752106,20925.1,2014.89,51477.2,29046.3,11480.4,8612.49,3928.57,13.1861
1.94996e+06,1.35279e+06,864863,419419,247151,172323,860538,326209,771443,9358.38,1784.93,206074,15246.1,19447.7,5177.75,3790.94,13.1926
1.77408e+06,1.24038e+06,858161,359273,265968,188842,845050,287560,749631,9983.4,3877.18,14133.6,38983.9,24367.7,7945.78,3769.78,13.1943
2.20876e+06,1.37342e+06,964936,1.11085e+06,775716,514863,903987,797062,836211,11309.1,2894.78,121817,96353.1,83227.3,15058.2,8652.71,13.1984
2.0811e+06,1.48996e+06,838050,410392,334104,244668,819324,322380,763805,15964.5,649.927,24961.5,30107.8,9624.94,6103.72,4642.66,13.1986
2.41888e+06,1.64242e+06,883651,583862,397505,293689,812094,458333,764329,5588.87,2583.37,33037.8,56293.5,47594.7,7666.77,13066.5,13.1998
1.49438e+06,1.15162e+06,778575,423003,224133,170624,788164,343576,738706,5699.46,818.733,39549.5,24704.2,11682.3,4859.8,3227.85,13.2082
1.87978e+06,1.21717e+06,926632,686726,548101,361674,909274,499085,825582,11540.5,3717.14,54367.9,52070.4,35988.3,13526.5,11346.8,13.2086
1.67872e+06,1.32661e+06,759248,395992,234716,180825,778816,323291,734926,10252.6,96.6609,43365.2,40085,15273,7619.83,4004.48,13.2144
1.79593e+06,1.37212e+06,785325,513021,305927,207889,882953,375793,819102,17269.9,1985.35,192654,46114.8,27661.9,6775.38,4674.68,13.2147
1.71622e+06,1.26583e+06,813488,406506,225870,156855,863994,322402,756520,11899.3,3178.46,62015.9,23680.4,9047.04,5088.32,2768.06,13.2152
1.00477e+06,685128,879925,501150,325104,227454,857590,375632,800492,7160.03,231.257,58416.1,25124.9,30256.2,4706.63,5022.22,13.2152
2.00196e+06,1.58068e+06,759910,391924,248012,187379,794152,318681,737898,8474.26,918.566,57206,34590.3,32490.1,5707.82,3193.09,13.2159
1.26863e+06,968167,786204,490376,308256,222778,830214,368490,798464,10546.5,3400.86,105375,33392,20521.2,7987.71,3147.37,13.2164
2.18654e+06,1.44878e+06,905538,892041,892661,705482,759192,711704,752033,8713.29,913.685,84383.4,76218.7,50352.2,6394.02,5967.85,13.2188
1.21507e+06,841998,865850,559903,303186,209404,868711,435712,771018,3955,1217.85,59219.5,23512.9,18654.6,6711.09,3597.27,13.2279
1.86697e+06,1.63378e+06,685637,244981,140899,118647,712530,217160,676868,3165.17,658.262,996588,21805.2,2841.54,2054.99,1850.86,13.23
2.39288e+06,1.6534e+06,868348,673356,446187,319654,837506,516716,781887,9969.18,1481.14,135897,130869,58629.3,9596.97,8282.53,13.2389
2.05262e+06,1.4275e+06,862745,562597,379758,248300,917658,384271,878438,20256,4882.52,49040.5,50714.9,29023.2,11155.8,6084.3,13.2401
1.62967e+06,950038,1.02923e+06,1.64621e+06,1.0785e+06,629764,1.02753e+06,1.02289e+06,965621,30917.1,4312.53,313068,164305,81199.7,21580.4,10969.7,13.2429
2.20012e+06,1.52927e+06,863205,586612,374316,268889,835251,450694,780945,10639.7,3330.91,77928.9,37078.7,44539,7524.22,5121.14,13.2431
1.6497e+06,1.12796e+06,877527,581226,291890,206528,847993,463736,752014,11488.4,2306.99,20986.6,34386.7,36302.9,8031.01,9085.28,13.2466
1.88178e+06,1.41095e+06,800223,560701,441301,322765,820352,438936,766445,12746.6,2216.61,248336,54665.7,17868.7,7055.36,6179.42,13.2471
1.81745e+06,1.4324e+06,761289,367868,266089,205734,776018,295994,745693,9989.95,2438.69,34038.3,28724.6,15642.9,7011.95,6094.22,13.2472
1.51324e+06,1.07604e+06,843785,724373,578522,410232,846139,572374,759336,5361.49,1666.63,383691,37666.1,16841.8,6058.97,5784.02,13.2491
1.59894e+06,1.27886e+06,750172,356989,243176,184134,792388,286394,747898,4999.57,1452.51,36324.1,18013,9490.48,5352.96,4435.01,13.2499
2.13826e+06,1.43702e+06,892790,721595,619614,431886,860802,533700,811236,13031.2,1141.57,469669,45281.5,35614.6,8856.74,5601.73,13.2522
1.36491e+06,987271,829508,514849,290640,211648,823935,427369,722816,3319.53,1164.94,45869.4,32190.7,15705.5,4795.74,4622.73,13.2536
1.44794e+06,1.07116e+06,811053,408826,310208,232300,801226,334474,733378,7225.29,1400.48,62916.6,22966.7,12591.9,7629.09,4773.75,13.254
1.76676e+06,1.15155e+06,920548,725286,654133,465337,843431,530524,820267,12159.1,3629.47,32257.1,45202.4,42171.3,9235.4,6490.07,13.2592
2.03234e+06,1.48407e+06,821661,344973,291529,216266,808808,278480,743262,13562.6,1708.14,24183,29152.6,8707.52,4808.39,4702.42,13.2622
1.53496e+06,977312,942356,823843,525598,353924,891035,608791,811947,7296.48,4191.79,62787.2,25956.1,18326.4,8054.52,6027.92,13.2667
1.36947e+06,970584,846588,643010,337897,245477,825894,505807,762753,7615.22,2442.57,200138,31382.1,27013.8,7701.32,3556.04,13.2677
1.95936e+06,1.3628e+06,862643,535052,355955,265955,803043,432574,742141,6662.15,4063.78,43865.2,50359.6,37550.4,5889.87,5051.95,13.2695
1.29909e+06,882684,883047,600924,341334,249263,821625,478004,754291,5407.36,611.363,37295.5,40792.3,17578.9,7002.7,5835.79,13.2698
1.96583e+06,1.51272e+06,779720,426494,247369,192694,770244,354251,722359,5791.43,986.82,29040.1,32391.7,31895.1,5845.47,4808.56,13.2699
1.35436e+06,989483,821254,617484,348176,250760,833091,482225,768293,9675.3,1489.5,121433,45743.5,19219.4,6142.43,4166.08,13.2728
2.27521e+06,1.55017e+06,880630,916546,795180,524409,909801,641087,857804,14127.2,1977.56,373033,55300.2,29522.9,13607,7433.76,13.2771
1.51315e+06,1.06888e+06,849383,535375,231934,172482,806812,447893,717191,5440.91,1212.45,32290.7,39358.8,22888.2,5302.33,5982.58,13.2779
1.5425e+06,1.20153e+06,770270,439876,279157,209394,799900,368887,715465,8458.86,1755.51,188342,49399.2,25236.5,6268.37,3375.05,13.2782
2.10457e+06,1.60386e+06,787312,386996,256543,197287,780212,316977,732538,8004.49,129.376,26236.7,88149.2,38396.2,5878.78,7008.69,13.2792
1.76687e+06,1.02163e+06,1.03768e+06,575011,278660,147632,1.13252e+06,347652,992391,8527.05,2686.03,89737,23057.3,11855.8,7363.86,3097.44,13.2819
2.10999e+06,1.38691e+06,912817,726540,425777,286517,891627,543635,801869,19598.2,3651.04,37685.2,50768.9,46297.9,9992.36,4274.69,13.2831
1.02266e+06,776588,790117,614977,397216,289488,823281,486459,758515,4463.88,1769.53,49538.7,26496.3,12381.9,5852.24,6493.24,13.2868
1.87204e+06,1.38167e+06,812947,487029,288067,220549,783683,404416,722567,4868.69,1778.83,167824,28046.9,24503.4,4274.41,3743.79,13.2881
920638,622801,886933,495465,406506,298525,817029,402048,739412,3134.44,1895.52,162005,15502.7,9059.97,5217.99,6580.01,13.292
1.73862e+06,1.08576e+06,960774,937172,501213,322796,931634,677343,830160,5824.18,753.01,62747.4,38520.9,57147.9,10329.2,11512.3,13.2923
2.28916e+06,1.38516e+06,991575,1.04669e+06,785189,508661,926184,729779,860556,9109.02,1524.35,108148,63968.9,65809,13342.4,9643.42,13.2948
2.00881e+06,1.44839e+06,832155,596883,401980,300533,802534,483882,740118,9278.92,876.791,64319.8,36969.7,49898.5,5715.79,7202.27,13.2952
1.61958e+06,1.09119e+06,890543,733498,596883,424448,843755,526343,836145,9772.38,654.287,53110.5,42791.8,43456,8646.8,4543.19,13.3022
1.85525e+06,1.30642e+06,852066,623808,582814,406616,859996,473674,790174,9347.02,2881.13,555449,33361.4,30239.7,8082.17,5934.83,13.3026
1.62504e+06,1.11009e+06,878331,640940,509091,364599,837783,488053,787956,11458,3945.9,49205.1,51655,12494.6,8219.44,6344.66,13.3026
1.82217e+06,1.2305e+06,888506,560634,278595,191329,873661,435998,771518,6405.61,4654.03,40761.6,30088,24065.3,7221.73,5634.59,13.316
1.97045e+06,1.43673e+06,822893,515419,282792,220058,771046,419957,736389,8767.4,1712.81,63189.1,43544.6,18338.1,5886.91,4350.8,13.3184
1.84732e+06,1.27503e+06,869309,759789,548504,376131,874968,544572,837122,8427.62,4084.56,44079.2,88400.4,41710.3,9782.27,10509.5,13.3214
1.92582e+06,1.28679e+06,897966,841070,765892,515214,891931,615056,820482,9720.67,883.943,56255.2,31751.3,32973.2,7168.88,6631.38,13.3221
1.87093e+06,1.2773e+06,878851,792484,668010,422343,949006,541068,878800,27644.1,5392.55,34104.5,50946.2,36509.6,13442.5,11305.9,13.3255
1.26695e+06,848829,895548,788369,667694,477487,839010,593857,796524,8180.94,2161.16,119143,59412.1,40348.2,7485.23,8458.69,13.3259
1.65903e+06,1.26111e+06,789317,619128,365627,232825,942236,390939,950216,8348.12,3156.24,125009,38081.8,10827.8,7656.14,4260.45,13.3318
2.54391e+06,1.68156e+06,907695,660416,549901,372963,884647,479089,827090,11206.6,3649.17,56176.5,67770.5,34479.6,10548.1,10722.9,13.3348
1.65165e+06,1.22218e+06,810837,558092,479891,365803,787131,465942,718663,8485.41,-31.3948,87778.6,37170.1,12720.2,6757.39,5934.58,13.3369
1.44151e+06,1.06328e+06,813432,454702,365150,273574,800844,362460,752694,10233.6,2082.26,44596.4,36353.6,32127.4,8627.87,3667.47,13.338
1.51004e+06,1.12038e+06,808674,595362,532464,415317,769240,479533,744927,9619.89,1134.16,185278,37899.8,23593.5,8559.07,7113.07,13.3381
2.57702e+06,1.80054e+06,858746,599457,504485,350392,863864,456453,787977,17348.2,2260.88,44765,61463.2,57763.2,9427.22,13795.4,13.3383
2.77914e+06,1.9241e+06,866631,535635,464606,336201,829157,400412,802626,8646.07,1472.21,57169.2,47085.5,31879.3,13974.5,4776.66,13.3418
1.43196e+06,1.04863e+06,819331,644951,527407,388711,814086,514426,752238,8926.27,3634.51,885304,71591.6,16163.5,7262.78,4268.93,13.3427
2.08993e+06,1.24258e+06,1.00916e+06,889930,695516,446383,934868,640797,833272,24188.7,4601.01,52572.9,44865,14740.9,13089.9,8526.47,13.3456
1.83479e+06,1.40752e+06,782140,410063,271384,214604,758748,341374,720727,7944.3,1321.58,60187.5,24470.1,13677.8,6236.26,9264.31,13.3458
1.19116e+06,975253,732834,311132,153797,130964,704605,281977,662037,1812.63,2444.94,1.37612e+06,12621.3,3466.03,1727.45,1513.87,13.35
1.50951e+06,969820,933891,543728,455178,260158,1.04977e+06,331234,984913,18993.6,3597.34,45337.3,75627.1,33043.1,11217.5,6846.97,13.3521
1.63335e+06,1.24825e+06,785108,483726,341048,265176,771672,400489,724703,5562.05,544.366,77905.5,55984.5,34075.4,5431.57,5819.36,13.3611
2.95973e+06,1.88845e+06,940369,694686,537751,369789,872526,513574,811590,13702.5,2377.94,62002.8,103915,42776.9,8627.61,6557.7,13.3633
2.08221e+06,1.45127e+06,860852,446461,256669,193221,797022,370130,723737,6241.66,2208.02,72703,85826.8,19280.7,4193.23,5511.04,13.3659
1.97719e+06,1.55201e+06,764374,364955,211026,160476,789000,300803,727962,11623.2,4153.93,2230.7,32762.1,10873.1,7673.35,3318.75,13.3675
1.3794e+06,1.03651e+06,798490,372061,204021,155081,789346,311166,717420,6221.75,3.31578,62070.9,25929.8,16431.2,4343.87,3300.48,13.368
2.03811e+06,1.45603e+06,839863,697461,405433,282533,860995,521145,802994,15276.6,2635.36,58022.2,46377.2,19889.4,11042.3,6570.92,13.3716
2.26252e+06,1.3542e+06,1.00245e+06,884708,516794,336676,920994,642015,826811,18385.8,3502.64,33621.8,120438,54733.9,11820,10698.2,13.372
1.82414e+06,1.31954e+06,829445,559035,352062,273858,771339,453829,739091,2757.13,-549.528,140624,20506.9,18294.8,4771.52,5644.21,13.3755
1.26273e+06,931986,812928,615894,498349,368384,811678,499224,740222,6585.34,1043.65,59056.4,33941.6,14582.8,6380.78,5876.27,13.3758
2.09472e+06,1.21153e+06,1.03739e+06,738922,438796,244824,1.07538e+06,470884,941534,18305.7,2469.9,127757,69768.3,30914.6,15463.9,7098.27,13.3767
1.6517e+06,1.19934e+06,826306,404109,246946,175293,845256,316950,764997,13512.3,2897.16,31852,35485,16653.5,6146.9,3210.55,13.3774
1.8792e+06,1.30432e+06,864454,454037,405212,287278,846313,358521,759849,11098.5,1207.52,23996.4,45243.7,17807.5,6518.03,5788.59,13.3775
1.80043e+06,1.29773e+06,832419,512536,436101,324160,807195,407582,754502,3433.92,-373.76,45558.8,41419.6,45024.7,5141.06,4254.68,13.3783
1.64425e+06,1.1771e+06,838116,531845,366800,268216,820533,423749,753057,4739.74,-520.157,55514.7,23792.3,21742.9,5632.12,2930.68,13.3828
2.57679e+06,1.70834e+06,905013,708816,435012,301092,866868,532931,798020,17010.7,1398,63441.3,96795.5,78252.8,9692.31,11570.7,13.3848
1.59724e+06,1.12638e+06,850819,552859,338677,250790,810264,450982,735540,3826.64,-628.341,26513.9,36100.1,32922.9,5697.44,10337.1,13.3896
1.95515e+06,1.40341e+06,835887,547557,498936,359309,833159,419619,782935,14707.9,177.523,119402,32661.9,9855.04,7516.59,6655.5,13.3908
1.74089e+06,1.16248e+06,898540,725862,383513,262722,875860,549668,792327,9722.9,3255.61,71414.1,47708.8,34816.3,9518.38,4481.04,13.3949
1.15627e+06,802958,864005,556134,408416,286403,855612,427066,781333,5861.1,-86.2311,26470.1,28911.3,14082,6213.27,3930.63,13.399
1.82957e+06,1.3441e+06,816713,451860,335566,231835,868461,347642,779871,15544.3,194.152,128722,44503.1,17374.5,7600.2,4174.66,13.3991
1.6294e+06,1.19332e+06,819262,559330,459597,326832,843731,423187,793026,13100.9,2006.94,49867.8,105107,15474.2,7925.52,4587.03,13.4001
1.58643e+06,1.17703e+06,808696,374994,198221,156177,761526,321363,700131,5998.81,-643.061,89457.4,83989.8,26231.5,6241.43,2927.7,13.4024
1.47205e+06,978718,902435,661187,466744,310217,902744,487414,813912,8822.7,3179.91,22986.4,30497.8,16456.2,8669.31,5262.32,13.4033
1.53414e+06,1.08493e+06,848426,734576,376414,257694,876421,568583,775165,9824.97,2142.88,65817.7,34681,18592.2,5602.85,3933.22,13.4037
1.5128e+06,1.09156e+06,831548,457854,383435,287580,799990,372326,737827,5218.42,510.075,22159.5,24368.6,9603.74,4376.42,3169.81,13.4047
2.14895e+06,1.54221e+06,836054,491486,416892,318741,784760,400660,736014,4995.52,1242.3,27887.7,36826.6,22492.5,7949.71,5434.2,13.4056
2.86825e+06,1.99155e+06,864127,786336,520720,346251,902328,552178,854437,16437,912.836,74902.1,130279,51389.9,9221.7,7987.69,13.4057
1.58877e+06,1.03534e+06,920722,753975,633091,432710,877850,539422,838648,22010,3280.59,115089,54699.4,28398.6,9534.33,7237.65,13.407
2.33334e+06,1.57683e+06,887857,509425,453265,328708,827357,395524,772785,6259.3,-266.967,137768,47539.2,41035.7,8359.36,3553.9,13.4077
1.42515e+06,1.0286e+06,831313,507940,389354,286936,814162,408257,746500,8314.49,1861.84,103345,25233.8,33382.4,5990.45,5253.68,13.4101
1.45153e+06,1.07586e+06,809506,486276,294847,225058,786056,410647,710503,6083.41,894.677,106269,24131.8,12843,6807.16,3855.24,13.4106
1.89605e+06,1.49608e+06,760406,330658,241704,194559,745390,276830,716666,10311,-11.9997,41898.8,29480.6,9554.69,10813.1,4193.7,13.4136
1.80695e+06,1.34945e+06,803414,491411,432996,331798,782999,392178,751819,18040.8,-69.0913,155362,53950.7,17546.9,7015.6,4005.27,13.4152
2.14214e+06,1.71769e+06,748264,304164,185958,139683,798772,237309,769033,8868.16,943.092,30952.9,27522.3,18112.9,5160.42,6863.28,13.4153
2.15742e+06,1.2912e+06,1.00252e+06,2.23727e+06,1.37162e+06,1.10089e+06,747547,1.73023e+06,775827,137.16,1166.4,2454.55,313.933,957.229,751.378,-369.337,13.4178
1.47238e+06,1.05648e+06,836197,460966,383391,272851,843078,374791,737956,7969.87,-438.512,22156.2,24015.4,13856.4,4524.02,3186.86,13.423
1.13367e+06,794264,856393,458646,375680,241656,932764,317506,866716,7617.02,-233.914,22579,42462.1,31004.8,6174.32,3764.82,13.4257
2.80967e+06,1.96971e+06,855865,493073,312122,221692,844745,379886,778770,11311.2,1840.16,26064.3,20645.5,13684.5,6204.91,2342.86,13.4304
1.84258e+06,1.29667e+06,852604,526710,456292,332828,822572,407669,775202,6669.79,655.317,57399.2,132500,25279.5,7354.8,7551.58,13.4325
1.48491e+06,1.07583e+06,828147,603205,502671,353246,853803,463164,781415,10451.6,3123.19,66764.1,44273.4,10992,8107.41,6736.57,13.4338
1.82181e+06,1.39489e+06,783633,447985,297077,211606,842350,344212,780888,8185.84,839.557,213163,23412.6,14060.8,4621.04,5638.91,13.4384
1.26108e+06,967348,782186,580347,350817,271885,774188,477472,729274,7843.22,3207.46,64401.2,32243.2,16855.5,5542.22,3051.39,13.4396
1.15703e+06,778729,891476,590259,308235,244164,757445,491985,719850,14034.6,2089.41,71051.8,20329.3,29805.3,7455.17,2195.24,13.441
1.90053e+06,1.08788e+06,1.04821e+06,1.21291e+06,777142,469109,993980,815140,892790,10979.5,1298.81,110497,53164.5,39083.5,10013.6,11512,13.4423
2.36089e+06,1.57605e+06,898787,711559,608350,423233,862433,526164,811411,16128.1,3700.29,386640,70255.6,21636.9,12963.5,4744.44,13.445
1.37236e+06,1.00382e+06,820283,549544,327256,232365,845023,430990,765044,9139.3,1286.66,124734,26312.1,18221.5,6340.44,3006.65,13.4472
1.43033e+06,1.08019e+06,794488,547057,345328,250849,825982,417324,786521,9620.62,2304.72,105453,45077.1,12838.3,8024.78,3984.06,13.452
1.34747e+06,1.01990e+06,792704,410462,222813,178037,750899,343574,716810,9396.62,2521.81,31791,25581,11043,5328.65,4010.48,13.4551
2.32566e+06,1.5922e+06,876397,466014,287886,213237,810044,360179,776304,11510.7,3350.6,27110,61755.3,42977.9,6791.44,6167.23,13.4555
1.32158e+06,1.001e+06,792156,471222,309553,235835,787550,379995,744045,6805.13,1186.84,27253.6,25196.1,13651.7,3418.43,3652.05,13.4621
2.67429e+06,1.56887e+06,1.02276e+06,1.05052e+06,883247,501782,1.05613e+06,676420,931838,11228.6,410.808,89773.9,65807.6,253007,22835.1,10096.6,13.4633
1.31488e+06,1.0126e+06,779114,492831,348096,284069,735236,410055,721120,5971.08,133.292,132268,22897.9,21331.6,4237.36,3805.88,13.465
1.52985e+06,1.01171e+06,907284,693817,439371,288433,913981,528538,787626,10275.6,1685.66,58328.4,60268.2,35403,6023.13,4049.1,13.4654
1.44322e+06,914514,946878,796100,372099,236638,943464,568708,839904,26508.1,2461.31,209774,34928,31140.5,11322.6,4755.94,13.468
1.0205e+06,698660,876390,579509,276654,200154,829325,463544,750103,8700.11,1729.44,53828.6,29598.2,20995.6,4957.62,3230.74,13.4705
1.28235e+06,825144,932455,637489,505582,344178,881372,483757,790673,8155.12,1411.58,48455.4,48363.6,29510,6602.4,6152.9,13.4707
1.8062e+06,1.2638e+06,857513,496584,417861,305888,819635,405248,735230,7215.44,-130.947,53255.1,30169.2,12072.6,4413.49,2889.73,13.4725
1.97172e+06,1.46326e+06,808489,462646,347594,250009,834196,357893,775617,10062.9,1010.15,31996,35738.8,12772.1,6004.12,6649.06,13.4733
2.16394e+06,1.7495e+06,742134,307234,180460,144817,747675,263064,700743,3785.81,835.14,59366.7,22063.3,17087.8,3631.75,3645.99,13.4734
2.67118e+06,1.68391e+06,951779,754544,594232,392730,907848,543879,832403,14000.6,2839.78,45829.2,90745.2,22015.2,10436.9,8589.54,13.4803
1.79951e+06,1.38646e+06,778747,432540,400873,315534,762275,364073,712835,7768.15,182.762,54437.4,30351.7,7519.5,4938.4,4074.58,13.4898
1.36681e+06,907107,904068,395606,184090,127588,865708,303809,781291,6764.93,2771.15,31023.8,22348.7,29685.5,6978.18,4239.09,13.4911
1.93796e+06,1.44255e+06,806053,407325,266748,205016,780664,328511,743948,5364.13,2120.35,51760.6,33015.2,9086.89,5913.28,5197.35,13.4946
1.77169e+06,1.27307e+06,835000,439642,298334,206311,867623,339658,776620,9057.93,2161.46,62778.4,38156.7,15571.7,7290.97,4486.82,13.4964
1.06457e+06,681811,936829,700017,390442,274928,852096,536901,782286,3417.93,507.49,104941,39991.7,61944.5,6267.01,5802.77,13.4983
1.37714e+06,942176,876996,687593,550897,392456,842231,518726,795325,10901.3,3048.8,52865.8,51600.5,22002.1,7526.5,6056.52,13.4987
2.03577e+06,1.43064e+06,853790,368224,294160,218993,805943,297417,742845,10614.5,-352.236,32397.1,69880.7,26215.9,12903.1,3293.46,13.4993
1.58399e+06,1.17535e+06,808606,548220,338122,238767,849670,418507,785965,8296.1,1851.9,30019.6,34984.5,29239.6,6338.74,5628.29,13.5008
1.83865e+06,1.40466e+06,785382,460045,304716,236721,772343,384430,718017,6817.32,2948.29,160554,56209.7,18504.1,6241.31,4180.13,13.5025
1.81015e+06,1.38013e+06,786948,425565,308856,232729,796263,356422,716395,9173.05,699.681,35671.9,32144.9,12122,4839.05,3449.89,13.5035
1.22779e+06,845281,871514,451330,331998,222987,893320,346124,782372,5901.8,212.473,63381.5,23958.4,10785,6311.76,4228.13,13.5044
1.41589e+06,934548,909034,572568,409528,287716,854026,444831,772295,8371.44,1574.99,14064.3,34645.3,56772.2,5180.19,4200.6,13.5108
1.04092e+06,696571,896609,465406,251423,156219,965656,333873,836377,5535.9,2042.67,19805.8,28760.7,19311.1,3721.74,3018.1,13.5111
2.56949e+06,1.72302e+06,894762,548353,432633,297464,872643,418735,785727,26939.2,2126.97,86990,40164.7,10886.8,8238.87,6003,13.5141
1.40331e+06,1.03289e+06,815170,506336,429701,345884,745397,434988,698413,4330.21,1818.19,55950.7,18727.1,13132.9,3726.29,3318.09,13.5172
1.22414e+06,925076,793974,611718,494603,389649,761614,517590,709115,7162.31,-180.671,189196,39114.6,21411.9,8356.17,5040.87,13.5176
1.63745e+06,1.06485e+06,922634,823919,480390,323026,892294,596035,829400,11260.7,3031.3,60810.3,61967.9,37269.6,9261.97,8546.23,13.5177
1.71747e+06,1.19961e+06,859013,522481,485441,363256,801817,416358,752931,16969.7,3390.73,24414.3,31160.2,28238,8683.32,3836.56,13.5182
1.46467e+06,1.07688e+06,816060,451365,224433,174152,773231,381454,709966,7840.28,-310.152,59888.4,17808.1,20903.2,5093.86,2517.86,13.5186
2.76889e+06,1.84407e+06,900905,698192,576863,396711,872469,524970,797980,17924.7,2522.77,55021.8,52521.6,18469.7,8498.39,4861.23,13.5197
1.11019e+06,785685,847816,437968,272277,200035,816687,324691,809325,11583.8,1888.25,87445.6,41323.5,21373,6485.41,4260.94,13.5218
2.20742e+06,1.36259e+06,972015,672246,497396,310178,962149,448097,900134,9098.61,2285.22,29656.7,26500.3,12054.8,2131.98,3563.19,13.5244
2.20757e+06,1.49649e+06,885096,743499,441858,305292,868398,557044,800834,14242.3,320.089,111578,116817,51951.7,11415.4,8010.5,13.5248
1.71231e+06,1.23129e+06,834397,542787,495985,363269,819203,420699,774121,13201.3,4548.47,20871.8,37909.8,15932.5,7816.34,6741.7,13.5278
1.1925e+06,863985,828139,695920,437829,325236,807712,542410,769809,7324.12,1479.06,111836,36830.5,30707.2,7256.05,7373.23,13.533
1.43689e+06,1.07079e+06,805144,607802,441248,320666,825622,465598,783253,7492.03,603.16,228171,39703.1,17494.4,8110.66,5585.54,13.5351
2.03529e+06,1.44608e+06,844473,645087,546755,400407,819298,494102,783344,12271.7,3257.9,56819.6,54318.5,39051.1,9838.22,6404.67,13.5379
1.29468e+06,887150,875622,864776,713250,509979,839152,668428,776247,8962.13,1040.06,373854,59103.4,32746,9192.08,8158.48,13.5433
1.81196e+06,1.29218e+06,841350,685397,412582,288428,858270,519340,791848,10040.8,3206.58,53452.1,30579.8,20012.4,8020.49,7730.42,13.5477
1.56341e+06,1.2179e+06,770220,570801,495026,390402,760795,471125,726943,4621.21,3487.3,97146.6,34839.5,23427.8,4588.17,6397.35,13.5534
2.19958e+06,1.59864e+06,825542,751300,419685,281679,893965,562006,802091,9180.34,1777.6,83286.2,44619.5,31338.4,8984.27,5754.45,13.5596
1.41511e+06,1.06754e+06,795348,536892,312803,226864,827287,414900,776417,8256.74,575.111,24410.9,41901.8,37711.4,6038.5,9037.19,13.5601
3.03846e+06,1.86813e+06,975884,1.29729e+06,916970,610493,901209,943185,825264,14651.1,2041.93,133444,54994.5,35935.8,9862.44,6883.03,13.5625
2.04478e+06,1.58747e+06,772846,355544,294467,220888,799863,287094,743055,8719.09,1011.04,107636,25233,10353.1,4915.74,2723.7,13.5658
869242,577505,903100,489310,364949,252547,867045,385804,760972,6470.03,652.082,44216.4,25254.2,14012.5,4153.28,4566.46,13.5678
2.04856e+06,1.59503e+06,770603,351619,278665,224534,744648,292580,721074,6362.01,10.0726,98682.5,39181.4,25240.4,5131.07,3486.77,13.5679
2.44978e+06,1.74615e+06,841777,537437,404352,303659,798959,438652,735120,10185.6,603.747,65739.9,79825.8,61191.8,6772.22,6929.42,13.5684
1.9091e+06,1.08491e+06,1.05581e+06,986315,739500,463644,956985,680066,870194,16931.6,1600.73,101778,66135.8,42859.7,10458.7,8509.45,13.5691
1.46877e+06,1.04691e+06,841777,546169,450522,312961,863728,413913,791716,7549.31,1829.11,214360,52972.5,45382.4,8690.07,5745.37,13.5725
1.74616e+06,1.38777e+06,754947,293840,178943,137811,779081,246275,715882,13295.1,641.92,62266.7,27275.5,12693.7,7542.82,1901.39,13.5761
1.21494e+06,834268,873777,500275,275407,178492,925779,367538,816692,6464.9,784.036,24309.9,25987.7,16419,4554.84,2712.02,13.5808
1.63889e+06,1.28511e+06,765174,486926,365125,278571,786424,408164,715781,10631.4,748.822,1.08941e+06,26503.8,15275.7,6151.95,3071.3,13.5819
1.8821e+06,1.43588e+06,786456,415835,265939,205458,776623,326507,764152,11002.8,706.479,84824.8,38403.5,39340.8,5963.32,3685.19,13.5819
2.11852e+06,1.6466e+06,771960,311165,242699,187708,775776,266121,701558,9046.42,448.304,103446,24932.2,13442.2,4766.43,2573.27,13.582
1.5338e+06,1.1123e+06,827367,671011,570701,419429,816397,522868,769997,13111.6,3577.37,109605,48152,22701.5,8757.97,11059.1,13.5863
1.87606e+06,1.16397e+06,967071,666086,308451,195419,947046,478245,835664,8670.18,2681.54,4038.27,44450.3,31358.3,5845.42,3542.26,13.5899
1.53949e+06,1.144e+06,807427,627618,559486,412409,813978,467489,805518,8022.75,3110.55,61908,24858.6,22001.1,7371.68,4974.36,13.5902
2.18985e+06,1.78375e+06,736598,326948,217011,162146,803021,256316,765340,12704.5,881.119,56085.7,25109.6,7592.21,6708.05,5351.67,13.5935
1.49257e+06,1.03701e+06,863581,565482,348144,258328,808609,442070,767501,6014.83,1339.38,252404,18337.5,29935.5,5312.52,4867.83,13.5992
1.0759e+06,700552,921477,663481,575246,390571,883701,483985,822523,13800.7,749.787,54848.3,35534.7,29315.4,7424.27,5426.29,13.6043
1.33092e+06,1.02173e+06,781573,478094,309111,228862,810386,376583,761734,8117.95,5207.25,26456.7,33751.5,14651,8146.77,4928.64,13.6085
1.85056e+06,1.25445e+06,885122,559448,407888,291687,839024,446427,751900,8773.23,3714.38,58343.2,132139,26701.6,7943.02,6785.85,13.6126
2.15359e+06,1.4894e+06,867565,577717,490403,354697,829558,462510,749454,6937.37,1887.19,46489.3,40067.4,31381.5,7750.07,4424.56,13.6144
1.27053e+06,856881,889643,778370,415438,274971,906506,584598,798878,12278.7,2181.06,79763.1,24718.7,11814.3,8425.01,7774.38,13.6153
1.59788e+06,1.04302e+06,919186,648177,433598,296253,878164,466055,834465,10368.5,2122.98,46752.2,41393.7,12345.2,7143.92,6997.48,13.6162
2.21589e+06,1.82682e+06,727788,260991,180396,145440,744209,215513,726613,8972.88,1627.52,32596.6,65384.3,19320.9,5001.43,5079.87,13.6174
2.59546e+06,1.73245e+06,898887,629521,482820,344642,840559,487148,775355,13800.8,1702.75,50723.1,48049.5,34881.5,9453.9,8709.89,13.6218
1.83302e+06,1.40959e+06,780233,370795,209464,167160,751846,322779,689254,4322.96,1575.89,68316.3,54525.9,16212.4,3081.37,2718.88,13.622
1.77111e+06,1.37274e+06,774124,394591,251763,177564,850724,286124,827455,11908.6,-89.0525,200726,30328.7,25105.1,7589.19,4125.3,13.6224
1.52729e+06,1.16857e+06,784185,415932,255122,199248,768255,337093,740327,8750.94,1495.47,24290.1,37685.2,15819.7,5450.37,4963.79,13.6243
1.16397e+06,701699,995270,823218,471598,319666,885171,602232,820167,8727.59,4135.27,118868,49276.9,23154.9,8851.35,6489.27,13.6249
1.83384e+06,1.36894e+06,803761,469297,370303,264651,839527,356516,789805,11537.6,2083.19,58727.3,44669.6,14153.6,7858.54,3236.84,13.6252
1.55293e+06,1.1325e+06,822750,585043,451593,319181,848910,467981,750085,7913.08,409.042,44793.4,22193.4,17202.2,5904.96,3185.47,13.628
1.35995e+06,1.01763e+06,801838,511863,338341,258061,786653,416925,736626,5884.64,373.507,60694.7,43455.2,26218.9,4810.07,5506.37,13.6299
1.64828e+06,1.26749e+06,780259,535454,275319,199208,829240,440865,728731,12517.7,2734.67,61388.5,42276.4,13612.3,7479.04,9448.78,13.6323
1.5142e+06,1.11849e+06,812270,428563,352013,256811,822426,346139,742874,13413.4,519.189,73146.3,31962.8,11853.9,6594.75,4860.64,13.6324
1.97868e+06,1.46804e+06,808699,516657,354792,269680,789362,408047,759702,10498,2899.33,69115.8,32302.8,11408.2,7395.86,6913.21,13.6347
1.5794e+06,1.00529e+06,942650,883055,585665,344796,1.01915e+06,534028,992145,11502.5,287.392,165025,49744.3,31026,8867.46,4814.89,13.6351
1.75515e+06,1.31255e+06,802324,341382,249115,184179,811543,282973,723846,6603.98,-343.308,60672.2,40013.5,15393.8,6741.48,3878.18,13.6411
2.24827e+06,1.52481e+06,884675,698810,584016,399141,877909,533853,785396,9771.18,3493.14,56076.6,36414.4,14986.3,9854.72,8732.92,13.6434
1.61427e+06,1.09611e+06,883636,660015,325611,232108,841705,517237,765624,7835.24,903.02,53148.1,28885.2,46250.2,8722.42,4543.66,13.6446
1.5392e+06,1.15989e+06,796209,449407,245908,179438,822262,351953,766136,10503.9,1751.35,38160.1,50442.5,27568.7,4975.15,4797.31,13.6467
1.73336e+06,1.3039e+06,797619,523467,382158,273483,838425,406695,772275,6802.72,1593.2,136426,30139.4,7627.34,7987.57,3481.19,13.6535
2.13384e+06,1.3504e+06,948097,779803,508103,319514,954142,558514,837727,9803.08,2229.72,171427,25038.4,13319,15137,6706.29,13.656
1.58553e+06,1.09129e+06,871734,549751,406011,278455,874850,396843,831187,19871.8,2982.29,137740,28427.5,14063.4,12164.2,6932.86,13.6576
1.43239e+06,1.05078e+06,817903,511692,464183,366972,758940,408283,751966,9218.02,354.18,55464.4,37703.3,15785.4,7506.35,4789.68,13.6641
1.55388e+06,1.15006e+06,810680,625802,475815,353987,806495,490966,764781,7631.43,2369.9,21279.7,74689.1,32848.7,7412.2,6605.5,13.6647
1.34951e+06,933756,867151,666034,489213,331606,885170,506905,788353,11594.8,3307.06,55980.3,53249.5,8579.96,7042.45,6929.46,13.6655
2.60416e+06,1.82373e+06,856755,626441,530091,379243,838656,471923,796453,9297.46,2999.25,72535.2,46392.7,46145.8,11973,8585.49,13.6663
1.99002e+06,1.52074e+06,785155,361670,290431,238720,729971,313178,692904,6091.89,962.317,48672.5,24359.5,12992.5,4939.62,4401.29,13.6761
1.89536e+06,1.35774e+06,837584,453986,376826,287420,786638,355984,765180,13175.5,4580.38,11471.7,50322.6,33745.3,8063.25,4591.47,13.6778
1.90078e+06,1.33583e+06,853755,410170,310962,226169,824945,330451,744746,8179.92,1663.63,29313.1,42341.6,12680.4,5943.55,3085.15,13.6788
1.41878e+06,982031,866845,631619,534463,364461,879869,468058,809667,9415.18,1.40228,166387,31734.1,22237.3,8491.9,7625.91,13.6841
1.79122e+06,1.36072e+06,789827,531966,324970,239855,812916,431223,740174,8614.5,490.653,36171.1,107291,58675.6,6608.6,6455.41,13.6845
1.30589e+06,902191,868477,570904,384841,270939,852238,438361,781417,8021.52,841.821,124039,55266.2,13888,7092.28,7308.18,13.6876
2.58402e+06,1.67243e+06,927040,680119,606073,419697,866444,501937,812993,21672.6,1028.43,105243,96617.3,41071.8,7922.72,13402.1,13.6879
2.7869e+06,1.98962e+06,840430,620785,392044,275184,854798,475744,782924,10809.1,1890.15,49727.5,82921.9,30874.9,8771.69,5118.96,13.6883
1.39596e+06,1.1406e+06,734325,328294,215021,165954,777401,260185,757063,8002.5,664.785,84204.1,20494.2,8308.28,4377.51,5562.92,13.6891
2.16442e+06,1.58129e+06,821262,575829,466385,342498,817029,444272,777671,13902.1,1321.34,232517,49318.9,16855.6,10210.9,4742.91,13.6921
1.9816e+06,1.5423e+06,770903,436454,333237,256731,778800,342961,763562,6992.58,-597.774,228264,59544.4,50195.7,9610.98,5546.44,13.6938
1.69969e+06,1.19601e+06,852685,495559,476600,346808,824549,388605,765135,9574.82,1057.6,109209,43776.5,19616.8,8524.52,6466.89,13.6977
1.64873e+06,1.2187e+06,811717,554088,495528,361204,823127,445460,746313,9705.74,2198.36,54042.2,32348.1,4971.56,8889.88,4296.6,13.7013
1.80808e+06,1.2587e+06,861879,541980,362928,262531,829451,415596,782461,6957.94,3653.79,26452.2,37230.8,21520.4,9891.77,6607.39,13.7032
1.40675e+06,1.01138e+06,834557,556014,468871,346414,812099,419228,795768,8652.06,1423.98,117780,29910.4,23713.4,10716.7,6146.51,13.704
1.41359e+06,1.02709e+06,825780,724214,505989,377315,804616,569415,763114,9147.16,1635.04,23093.2,68291.8,24573.6,6241.37,9239.96,13.7057
2.19136e+06,1.34474e+06,977747,674649,556320,373098,894649,477908,847003,15056.3,1964.12,105114,45781.7,29229,8181.41,10904,13.7058
1.37299e+06,1.03529e+06,795711,478645,276198,201353,823026,367236,782022,5769.87,1284.48,52932.4,27910.3,15264.8,7916.6,5191.8,13.7104
1.73904e+06,1.29697e+06,804509,368385,212708,159600,799655,288358,766517,5217.07,-124.808,25853.7,31497,14283.9,5073.69,3180.49,13.7164
1.47527e+06,1.08914e+06,812718,392648,283003,207895,816766,301546,781270,6143.75,1852.89,28726.9,26446.4,6247.65,4279.88,6705.49,13.7178
1.98198e+06,1.50405e+06,790658,408681,298104,226230,790623,330628,741646,8978.59,3958.88,38426.4,45143.7,32974.7,7406.19,4328.02,13.7206
1.34748e+06,773106,1.04576e+06,709514,381755,238728,959474,486549,874955,5733.33,3166.71,98780.8,81794.1,47065.6,15382.7,8803.36,13.721
1.35233e+06,944482,859092,714762,498139,329694,906548,511243,838852,17022.3,1323.34,98837.3,59371,39831.5,10687.4,5065.07,13.7223
1.63669e+06,1.1183e+06,878132,791615,538498,348478,927171,569341,834243,23092.1,3517.61,113269,36814.9,21184.6,13179.4,8480.11,13.7232
2.29033e+06,1.46219e+06,939826,794372,458903,305205,902153,591659,805571,16322.5,926.85,65367.1,196746,47798.3,10018.7,10207.6,13.7274
1.5962e+06,1.17151e+06,817509,540085,308062,225356,820200,416276,778452,11425.2,1529.48,48765.4,53743.4,59175.6,7653.26,6364.18,13.7276
2.25166e+06,1.59348e+06,847830,694889,584036,406772,861469,523856,795893,10699.5,3445.53,54693.2,50478.4,19422.9,10272,7289.66,13.7289
2.098e+06,1.6559e+06,760194,334072,235269,168443,838038,263304,761262,12414.8,730.558,59233.7,40923.2,13294.6,4726.53,5604.81,13.7303
2.0331e+06,1.62526e+06,750563,342340,218183,174371,750754,279008,736195,10343.5,799.128,28852.3,36734.7,16541.9,5653.68,9815.43,13.7334
1.88198e+06,1.29112e+06,874583,622910,530164,374799,848718,466177,801726,12562.9,1260.6,205610,37924.2,38844.8,7679.37,5210.06,13.7338
1.51073e+06,1.12668e+06,804521,641238,424704,321345,792986,515735,746008,11360.4,1286.13,28770.7,44013.1,20829.9,6309.32,3715.9,13.7353
1.90917e+06,1.29847e+06,882194,663518,529537,347398,914577,474380,839224,16697.6,3019.94,60796.7,46715.4,24086.4,11696.5,8114.24,13.7373
1.84143e+06,1.24222e+06,889425,579531,300502,208526,864646,455189,763900,7475.82,821.664,36184.5,49223.9,40743.7,6664.76,5773.7,13.7373
1.23923e+06,964873,770608,508455,360693,275505,785524,406355,750755,6128.16,1894.67,117429,35321.3,13853.2,5951.85,4414.22,13.7377
1.62084e+06,1.19436e+06,814247,602362,564543,413669,818834,481273,750961,4026.06,2275.19,556885,27547.2,11350.2,7713.13,5936.86,13.7406
1.9997e+06,1.4634e+06,819886,408158,321579,250943,768890,330768,740383,11008.1,3459.99,49332.3,193471,28951.3,6653.51,3739.45,13.7436
1.87751e+06,1.26134e+06,893100,500258,284732,207958,821507,393181,763402,4256.19,602.343,145868,62751.2,38274.3,6638.12,10635.9,13.7453
2.09588e+06,1.58399e+06,793901,463980,271618,206039,790970,382093,728587,9499.84,3295.38,60009.2,41121,14609.4,7368.62,6579.8,13.7482
2.31476e+06,1.76594e+06,786467,383738,264368,190943,830724,295068,780305,14004,2712.64,69458.5,28111.4,15041.1,7652.78,5479.38,13.7486
1.51227e+06,875079,1.03689e+06,827958,727437,501300,870660,604523,821763,10188,1118.43,50857.8,65062,66796.1,11538.2,6880.22,13.7535
1.43591e+06,1.15115e+06,748417,417936,254785,200168,763713,347968,720646,6664.47,852.756,74939.8,33149.9,14791.6,6409.58,3895.33,13.7539
1.96717e+06,1.55435e+06,759355,442554,269131,195277,826920,343393,773261,9811.9,-329.528,50494.5,115032,25412.2,5388.5,4216.51,13.7548
1.38204e+06,1.03579e+06,800568,394076,216342,160136,810592,325441,726539,6121.46,1314.88,16439.6,22414.3,9604.14,5970.85,3446.91,13.7577
2.00228e+06,1.52642e+06,787050,347782,281356,215368,783839,280199,744718,12839,964.625,67768.4,33192.1,22440.7,6848.93,3695.24,13.7658
1.76148e+06,1.3649e+06,774332,453545,312256,226836,825944,350783,775771,9042.21,2473.88,35506.6,34386.4,11535.1,5786.23,5070.27,13.7706
847638,563425,902663,553087,446588,306575,874020,407999,813365,6368.52,660.611,22634.9,27463.7,22890.1,5730.85,4032.23,13.7717
1.38701e+06,969280,858580,534345,407440,301390,811121,435886,735530,5154.84,1114.56,51704,27572.9,19655.9,5949.44,6033.02,13.7735
1.47519e+06,1.02708e+06,861779,527172,355262,252774,843272,394851,801070,15353.3,781.843,52278.7,74003.1,18988.6,10955.9,3634.38,13.7754
1.80582e+06,1.33777e+06,809922,752314,589417,422037,837960,554729,813710,18080.6,4946.18,107972,59448.9,87672.7,14563.7,6558.79,13.7788
1.6037e+06,1.12247e+06,857237,639324,490248,338430,869157,484075,792428,12781.2,720.187,55202.7,50020.3,23146.3,8395.29,4139.66,13.7833
1.25813e+06,889983,848192,538726,498307,357591,836107,409750,788860,6798.62,968.562,37523.7,23090.9,11239.3,6175.58,3344.9,13.7858
1.53712e+06,1.15997e+06,795084,448406,295369,211147,839327,354578,758771,13172.2,2787.16,37823.3,28000.7,21032.4,11205.9,2278.98,13.7867
1.15643e+06,794373,873470,1.09702e+06,704484,473669,892375,770236,854560,11531.5,3063.88,609392,60222.7,51796.7,13969.1,7871.36,13.7868
1.09987e+06,804925,819854,570099,308732,221809,835129,444440,769641,9692.63,2725.23,16142.8,27546.1,12099.2,6404.12,5500.63,13.7874
2.14628e+06,1.43373e+06,898193,590588,447001,309060,867795,442942,799998,16725.3,3507.08,46621.7,31041.7,18552.2,10831.2,8091.22,13.7913
1.85144e+06,1.37954e+06,805240,499176,353555,265512,798958,391522,764978,5137.84,1118.22,249281,83548.3,36242.2,6854.18,10403,13.7948
1.28905e+06,933318,828690,498952,378776,265174,857044,391194,765276,4709.15,-188.939,53062.5,24400.3,9969.67,4876.49,4062.88,13.7951
1.21734e+06,851420,857864,633691,540952,349288,929237,464442,818648,9052.87,615.791,88953.5,37485.6,19414.4,6015.71,4830.9,13.7998
1.68515e+06,1.32288e+06,764311,324298,203884,165333,739902,268822,723821,9258.44,1620.75,82702.9,39837.6,16545.6,5989.79,2856.86,13.8004
1.43439e+06,994878,865062,634459,506963,353766,859828,485902,783441,15627.4,2048,20735.6,48356.5,33500.8,11256.4,5187.92,13.8052
1.95167e+06,1.34124e+06,873075,770388,600130,428588,840150,595779,775846,10470.6,-425.329,169471,181464,80291.4,8734.81,8793.78,13.8066
1.76678e+06,1.29949e+06,815759,413148,345947,254960,814122,333121,744140,6958.96,4555.56,65401.4,39970.3,6485.08,5165.96,3973.27,13.807
1.91122e+06,1.38281e+06,829279,506499,428118,319882,803018,399591,760526,13011.5,497.506,90333.5,39100.5,18204,9582.65,4948.25,13.809
1.44175e+06,1.05756e+06,817964,506722,306176,213466,860584,370181,821309,10204.4,1377.93,104379,41044.7,14576.7,6796.89,8590.26,13.8117
1.95632e+06,1.41607e+06,828909,571776,462129,333854,830535,436419,786092,19325.6,4729.17,25584.5,35855.2,19316.8,9239.07,5477.5,13.812
2.04032e+06,1.40878e+06,868970,792167,682712,449888,910509,568979,835357,14885.6,2233.82,116184,129815,37305,10834.5,5563.72,13.8125
2.14619e+06,1.59151e+06,809116,758499,561163,416835,807748,598783,760041,7483.02,2982.87,100953,37287.5,19725.7,8499.45,5794.99,13.8164
1.68313e+06,1.2308e+06,820508,588778,522211,383382,817270,450412,784320,5702.21,1218.39,109127,41190.2,52164.2,6490.8,4446.49,13.8182
1.24159e+06,898817,828813,525450,371323,271169,821606,409010,770812,6199.26,1341.53,56983.4,28582.1,10986.3,4360.4,4134.67,13.8239
2.10322e+06,1.31217e+06,961717,827343,693681,459111,906554,574615,863892,18845.6,2035.99,71904.9,46546.2,14809.1,12036.5,7185.56,13.824
1.57256e+06,1.18212e+06,798174,502412,350670,247527,850016,381588,789980,3824.67,1510.84,989250,86721.2,22830.2,13490.8,1841.83,13.8299
1.4689e+06,1.06761e+06,825525,498297,333708,251347,796607,412645,724541,5782.66,1502.09,50249.2,25002.8,22926.5,5978.88,5479.62,13.8319
1.31424e+06,942596,836564,725018,609335,441226,828603,568528,765153,11166.2,2445.18,56282,53820.1,29089.2,8043.26,7017.85,13.834
2.01955e+06,1.50746e+06,803822,499049,377578,301525,751337,410311,729762,5341.81,1767.88,20587.5,42794.8,25646.1,4983.78,2735.67,13.8348
1.82305e+06,1.40567e+06,778152,397739,335751,236093,853267,304908,782674,8693.94,2271.43,69627.6,32750.8,9076.92,6117.73,4129.29,13.8355
1.76285e+06,1.28332e+06,824199,705495,445559,337646,791762,563623,751029,9344.53,484.807,100571,74953.5,37094.8,8786.24,10773.5,13.8366
1.19691e+06,770946,931514,862643,643981,445608,867104,655756,789296,9271.31,3698.97,136527,49574.2,57086.5,9042.44,7668.5,13.8386
2.20029e+06,1.35221e+06,976306,987836,516269,331315,934946,716394,827340,15180.8,2684.45,273302,34388.8,28564.6,10624.4,6482.6,13.839
1.52621e+06,1.10482e+06,828847,430408,252020,183340,824763,342118,754841,9112.14,2037.71,34151,30458.8,9305.14,4762.56,2886.27,13.8409
1.63112e+06,1.16085e+06,843064,558526,373658,281021,797788,439507,762481,9025.4,3876.68,46175.4,38600.7,32295.7,10225.1,4873.19,13.841
1.53948e+06,1.15402e+06,800407,560260,326690,248976,787280,454558,739523,8262.43,1788.53,48850.4,31154.1,19067,4248.7,4990.85,13.8413
1.56315e+06,1.16567e+06,804591,514197,406329,304217,801392,397207,776719,8577.37,2315.84,36671.5,36930.9,23087.5,6515.12,4187.86,13.8427
1.94586e+06,1.49376e+06,781594,446131,280663,213466,788875,354879,754281,7095.54,1135.93,28882.2,46406.2,27815.2,5791.78,4013.88,13.8431
1.15044e+06,834198,827460,426335,225618,171657,788612,350815,729163,4020.25,1207.86,123315,21873.8,21089.4,6296.44,4122.53,13.8434
1.77872e+06,1.34731e+06,792119,557834,394122,276991,853721,424401,788643,10766.5,1172.62,256351,53241.9,16493.2,6073.06,7730.28,13.8496
1.81502e+06,1.38916e+06,783933,490655,380052,282689,806650,390696,753508,9857.45,2310.92,68427.3,27462.1,8294.03,6785.41,4960.41,13.85
2.12774e+06,1.48999e+06,856813,514021,422518,306023,828404,406728,758277,7047.97,2511.55,31504.9,73333.1,23592.6,8612.27,8145.95,13.8548
1.90803e+06,1.44634e+06,791529,343579,286467,217549,790077,275942,747069,16485.4,2168.43,12855.2,27169,12960.8,6106.84,2451.44,13.8555
1.84612e+06,1.39178e+06,795868,477748,309418,234340,792228,386362,741917,11236.2,768.713,117796,91593,27175,7011.63,5899.1,13.8572
1.60095e+06,1.116e+06,860725,704816,593816,416236,855979,544413,776781,10586.9,1406.07,57636.5,61083.4,35132.9,8515.24,5281.76,13.858
1.61406e+06,1.1849e+06,817316,562124,331426,238519,833710,432492,779839,21239.4,2583.28,67329.8,32866.5,18355.7,6199.72,4642.94,13.8588
2.03742e+06,1.45877e+06,837999,434861,336921,248538,813366,351014,743322,9193.42,2857.28,20785.1,29280.2,23059.6,6954.26,6221.73,13.861
1.22661e+06,887746,829030,462852,268834,196877,819295,371871,746795,12691.2,-252.88,100684,28851.7,15330.8,7133.89,2877.8,13.8619
1.40696e+06,999106,844930,648330,353976,265491,799972,519515,748772,6111.45,2063.02,33703.5,29955.8,22893,7270.51,3453.81,13.8666
2.18388e+06,1.62899e+06,804383,414035,311517,229323,815053,311607,797225,14582.3,3279.65,44808,75573.1,20748.5,17370.9,2678.13,13.8673
1.56296e+06,1.0248e+06,915083,807059,445470,291188,917902,566659,854544,10535.5,1423.79,206099,43754.7,34257.1,7767.06,5193.02,13.8675
1.32189e+06,937260,846223,507769,410654,297986,826860,403322,755381,5982.25,1572.9,43715.7,29189.9,9650.74,6612.41,6506.17,13.8716
1.29984e+06,971017,803185,474809,320790,252748,761526,398418,715042,7337.61,1834.04,53158.6,25636.1,13320.5,6120.08,2601.82,13.872
1.25771e+06,932720,809059,332316,183035,134976,813635,264341,754289,10739.9,373.059,25879.3,31833,12525,4475.53,3445.81,13.8752
1.46409e+06,1.05866e+06,829779,425713,295865,204728,867096,329382,775476,8248.48,429.055,69600.3,31890.6,9025.04,7516.6,3687.45,13.8768
1.81707e+06,1.30384e+06,836176,635506,371194,255816,870612,479462,795274,15386.2,5451.3,36011.3,43637.5,17928.4,9360.97,4858.75,13.8809
1.83113e+06,1.30368e+06,842755,497798,379355,268492,847747,406007,735649,10328.1,1486.21,54103.3,35225,8825.84,5947.01,4159.07,13.8817
2.19717e+06,1.70242e+06,774372,304190,230389,182086,759164,246571,740209,5059.9,803.609,56871,23034.5,17297.1,5297.63,3302.82,13.885
2.66664e+06,1.86006e+06,860180,520780,437254,290404,903404,368705,847475,10479.2,1063.9,142258,34882.8,16427.2,8121.98,3914.97,13.8884
1.46551e+06,1.0895e+06,807074,345495,279550,204546,820011,280222,739760,14127.9,1808.76,22630.3,44170.3,21660.4,7367.33,3662.02,13.8933
2.37002e+06,1.54697e+06,919224,697281,482656,316519,914933,484540,863435,22437.7,3485.85,107714,45263.7,20984.5,11103.2,8382.67,13.9016
1.53152e+06,1.21971e+06,753384,552714,404045,327096,741149,474024,699603,4041.86,420.272,113261,39439.7,10321.8,5291.56,4903.38,13.902
1.85304e+06,1.2078e+06,920536,599417,343688,242674,849752,469315,766330,14620.3,4154.98,56196.2,32127.5,23978.7,7725.93,6429.63,13.9042
1.52206e+06,1.16271e+06,785437,461836,285076,213192,802308,361124,767332,8566.39,2485.61,48701.2,43959.6,10767.7,6945.49,4346.13,13.9054
2.01477e+06,1.58301e+06,763647,355546,251227,197571,762946,300507,709892,5924.3,174.223,73719.2,20724.8,19661.3,5029.07,4806.95,13.9058
2.37301e+06,1.55476e+06,915773,774700,696887,479497,872023,565875,821419,13013.7,2393.09,61190.6,61999.4,52919.9,8482.67,10460.8,13.9071
1.38417e+06,981341,846293,489792,278380,188339,886847,363003,809566,8754.54,4670.71,25371.1,82574.8,39625.1,9316.61,9016.3,13.9091
2.08072e+06,1.59078e+06,784790,407950,356919,282057,759249,341341,717083,9950.78,64.3724,90661.2,27840.6,10039.5,6500.56,4281.74,13.9099
1.57577e+06,1.25499e+06,753362,357867,282537,209881,807705,284337,755161,8357.38,1092.65,108259,31422.3,16243.9,5161.87,4327.23,13.9129
1.29915e+06,909328,857218,569685,342490,243233,844846,434229,787168,5693.75,822.373,55551.8,45995.5,40639.1,7986.83,7281.09,13.914
1.94776e+06,1.50236e+06,777878,352110,302058,241795,749540,302703,697932,4234.05,434.974,47631,25814.3,13639.6,3934.23,4590.33,13.9167
1.44072e+06,986760,876033,784472,497004,338630,880614,587454,801226,15136.9,4949.95,144140,39666.1,29303,10689.5,5804.47,13.917
1.84859e+06,1.33993e+06,827774,614801,396400,271421,876277,454707,811249,10049.6,4464.2,130365,43476.9,15467.7,7929.17,7309.4,13.9174
1.91884e+06,1.29774e+06,887160,458731,380156,265902,857811,345946,795611,17143.3,5345.29,23241.5,37364.1,18481.1,8653.35,5537.37,13.9179
1.40249e+06,959947,876608,596927,523785,396794,792026,472867,757414,10744.3,792.224,27112.9,47682.2,17640.9,4816.45,5074.17,13.9248
1.60328e+06,1.19741e+06,803375,445606,310856,239323,779338,353742,755815,7397.46,2508.43,9618.29,47351.6,38212.7,5855.39,4843.66,13.9287
1.92678e+06,1.44358e+06,800837,515114,469181,359870,782251,418498,738518,4222.37,-142.866,14688,27207.8,12159.2,4318.45,3788.64,13.9295
2.11377e+06,1.38061e+06,918628,753902,429307,270221,953235,522648,865480,10169.4,4796.74,365380,30824.8,20389,11012.3,7445.42,13.9364
2.35072e+06,1.63952e+06,860268,682253,475904,345222,827127,543616,753016,9936.65,2025.75,53261.2,92919.2,45984.2,7142.26,6301.31,13.9419
2.19792e+06,1.66667e+06,791252,480808,354081,268749,790510,380588,757997,4847.22,306.046,120868,33648.2,31373.4,8331.48,4843.53,13.942
1.70509e+06,1.27463e+06,802629,453977,263737,193357,818394,366858,742483,6660.25,1134.2,147436,23996,10378.9,6240.43,2679.87,13.9482
1.72639e+06,1.14472e+06,904879,880997,657825,443132,890694,634703,832827,21563.1,1126.37,106630,36442.7,31267.5,10867.2,5916.24,13.9501
2.32495e+06,1.70389e+06,818695,458009,391410,297100,790461,365904,751032,5715.6,1067.19,74271.5,37156.4,32560.3,7909.72,5071.71,13.9532
1.37159e+06,956638,860258,699603,392715,264648,890348,528535,794198,4690.69,2639.79,960088,30356,20205.2,8541.67,4092.93,13.9553
1.77928e+06,1.26362e+06,844845,632248,561028,419168,803060,500786,757507,3856.25,711.33,303482,20490.3,23522.1,5220.89,4861.35,13.9584
1.78022e+06,1.31628e+06,811476,543944,454393,332616,819672,426423,765358,5104.05,1812.62,221789,31500.3,24447.1,5418.45,4534.75,13.9593
1.74521e+06,1.24723e+06,839558,616367,464473,329990,844522,487773,758181,7332.47,2781.01,175918,59700.7,42539.3,6620.1,7689.29,13.96
1.37858e+06,948716,871861,672823,392851,279486,843372,521469,774148,6870.15,1024.9,32538.9,29741.3,29980.3,3715.83,2596.31,13.9607
1.55859e+06,1.13096e+06,826867,624640,527782,399023,793611,506859,739424,7264.07,1564.38,57080.6,63606.5,26219.5,5787.12,10250.9,13.9631
1.81562e+06,1.38493e+06,786588,446972,293878,209739,840697,349705,766885,12195.5,-147.593,131672,50470.2,31600.8,6012.15,6047.06,13.9639
2.25195e+06,1.77044e+06,763180,396685,217903,174490,749279,337637,704931,6104.18,1001.46,31017,56195.6,20635.1,5672.23,11502.4,13.9644
1.62717e+06,1.24264e+06,785670,567960,329147,231647,852539,433527,786054,23064.8,753.075,240073,26097.1,12644.2,9270.84,4848.6,13.9667
1.34639e+06,1.02036e+06,791717,663374,457725,308937,888967,489920,812428,18273.9,501.132,89735.1,87766.3,40765.8,9161.99,5426.57,13.9697
1.93682e+06,1.21239e+06,958508,672754,510841,322300,950991,450432,896145,23716.5,4606.75,78571,67001.1,19860,8782.75,7196.06,13.9722
1.96812e+06,1.34315e+06,879182,727395,568438,383075,890329,540511,807453,8760.17,4767.43,55583.3,46188.1,49725.6,9976.98,10654.7,13.9841
2.35722e+06,1.53169e+06,923376,761275,569327,381471,895470,529607,862461,14667.1,2632.4,85941.7,45770.3,28805.7,17582.3,6506.09,13.9863
1.14027e+06,754932,906255,519081,272141,186031,877727,404366,770215,8310.96,1079.56,61681.6,52550.6,29567.9,6322.66,3387.44,13.991
2.05196e+06,1.47312e+06,835761,510862,437106,306507,855653,380346,805891,20432.9,2632.65,113926,36921.8,18404.8,7832.87,5579.99,13.9929
1.98918e+06,1.58019e+06,755295,307054,228237,173819,787843,253991,725350,8432.11,1994.64,51333.3,33854.3,12939.9,5883.68,3242.44,13.9955
1.98729e+06,1.51330e+06,787928,531824,403837,310569,780188,412262,774009,9070.83,2008.14,51430,60122.3,53448.1,5447.39,3959.32,13.9972
2.04024e+06,1.51305e+06,809055,496854,412080,312405,791434,409390,728187,14668.4,1892.15,111401,36202.9,16035.1,5967.41,3846.53,14.0036
1.97625e+06,1.2127e+06,977776,828515,605551,376275,965598,550786,902545,17802.7,5596.07,95837.3,48284,15854.6,14336.6,6224.38,14.0045
1.95009e+06,1.35746e+06,861942,553015,503225,353113,855066,416057,797509,20033.1,2148.86,108173,41329.6,21767,10061.2,5923.4,14.0061
1.65884e+06,1.36014e+06,731763,321264,217789,174807,747530,265747,725345,8704.33,2805.67,23576.3,29669.3,16659.4,6417.29,6941.22,14.0088
1.59937e+06,1.18464e+06,810049,607899,471686,348636,811768,487900,747570,7001.91,2413.5,107286,23146.4,8559.14,7553.63,4028.62,14.0124
2.51849e+06,1.76321e+06,857012,598937,470543,329469,856912,469709,765074,6939.1,2198.52,29849.6,47392.9,13826.5,4765.21,5003.82,14.0149
1.00202e+06,587958,1.02254e+06,677297,437858,284221,924333,471177,862474,13425.8,749.127,99062.3,57542.2,46486.7,9011.35,6125.12,14.0156
2.13821e+06,1.6531e+06,776073,373958,235249,176339,800442,295540,759204,6753.67,1505.26,16605,31243,17169.5,16006.1,6663.01,14.0185
2.67073e+06,1.58758e+06,1.00935e+06,767202,472939,282634,1.004e+06,493162,933408,17136.7,1374.71,271422,63982.1,61443.1,11914.3,10974.5,14.0212
2.36541e+06,1.45108e+06,978062,558732,481237,327762,880951,413938,809878,7739.27,3976.17,62486.3,67595.5,17077.5,5581.08,10341.1,14.0221
1.50698e+06,1.10436e+06,818740,718937,591340,436346,813126,554885,777390,15411.9,1757.07,176556,56495.3,41751.9,8257.54,7455.9,14.024
2.0363e+06,1.35705e+06,900320,712436,379234,251183,905876,527633,810149,13827.9,4268.41,54942.1,58780.8,45405.2,9000.92,5906.41,14.0257
1.60484e+06,1.20347e+06,800108,548732,421595,302391,836523,414561,794188,11708.1,2773.11,28932,45159.6,20826,6725.34,6149.29,14.0287
1.7431e+06,1.23039e+06,850024,586926,393901,286644,824510,486397,724008,13748.7,1410.09,204238,36567.4,14834.7,8311.25,2814.18,14.0311
1.61782e+06,1.20138e+06,807980,371868,214281,160988,798623,311535,716198,3212.73,24.8141,64523.3,31002.2,10262.6,4217.16,2708.68,14.0327
1.41864e+06,948633,897273,1.01581e+06,698005,420343,996336,663964,917952,23886.6,2832.27,52430.1,58665.8,33336.2,11897.4,7834.8,14.0394
2.15204e+06,1.56643e+06,824309,432760,386292,288094,804512,339228,765432,7566.07,777.519,30496.5,25920.6,22418.4,5310.94,5644.84,14.0426
1.97983e+06,1.49993e+06,791968,392108,323482,244842,792712,323225,727866,6206.9,487.869,15519.7,62145.3,33580,5429.25,6953.24,14.0452
1.6312e+06,1.07775e+06,908117,644492,463066,317573,874885,488776,791150,14053.4,3948.58,31464.7,31476,29826.2,8315.85,7395.22,14.0485
2.15792e+06,1.55253e+06,833965,394721,330343,246539,803952,312956,756759,10952.3,2200.17,39868,33987.3,20386.5,6579.65,3256.71,14.0489
2.14691e+06,1.57244e+06,819199,510599,402047,306326,787488,424438,721800,6608.85,242.302,36193.6,55246.4,39273.7,8256.91,4996.29,14.049
1.56047e+06,1.10596e+06,846579,382843,215142,159908,807246,313888,731808,12805.4,538.855,65246,17340.6,16781.9,4392.92,4270.44,14.0499
1.28976e+06,888980,870498,664411,419118,284214,884794,497173,801827,7054.7,-145.653,92589.1,39054,45498.8,6068.78,4065.65,14.0518
1.98354e+06,1.50712e+06,789667,488448,398055,300513,794750,382189,766816,10763.3,910.938,61330.2,36630.2,31908.1,10139.2,4005.43,14.053
2.05653e+06,1.63606e+06,754202,352212,206663,158788,780901,289668,729550,8199.66,1093.35,93373.9,40437.2,25816.9,6289.92,4586.73,14.0545
1.5946e+06,1.18954e+06,804308,466269,308431,226072,818583,368105,760004,12342.9,2551.86,56446.8,28776.9,7313.27,6073.57,7124.6,14.0548
2.16443e+06,1.57931e+06,822296,382206,299872,227069,792372,326189,703038,6646.44,69.6151,67568.4,42375.7,24718.7,5350.69,2834.33,14.0585
1.31421e+06,904180,872087,588364,494677,373106,795501,480914,734057,9812.48,1908.74,29385.3,31600.8,22479.4,5396.68,4280.78,14.0586
1.27868e+06,982306,781025,707825,592523,449426,791039,561733,756044,9787.05,1190.45,111693,35507.7,24389.5,6271.42,5279.57,14.0593
1.30299e+06,887879,880516,631576,437933,307685,853989,484925,781452,9273.42,788.113,49792.7,32107.5,15513.7,7352.96,5339.18,14.0613
2.0332e+06,1.45625e+06,837710,444725,399778,303806,789540,358746,743799,8207.05,2047.81,23859.2,33749.7,18837.8,5828.48,4688.01,14.0615
1.8929e+06,1.29954e+06,873955,495360,338701,234426,866885,382240,777564,6332.88,3168.25,26276.3,33012.3,32387.4,7960.9,7466.33,14.0625
1.23474e+06,792569,934737,722774,455742,321886,849510,555321,780925,7555.14,2697.25,59373.1,42608.6,34950.7,7172.06,5374.02,14.066
1.52678e+06,1.14458e+06,800353,351234,195776,145073,809700,288873,729527,9119.39,1187.46,26642.1,32205.6,13583.5,8811.21,3665.59,14.0668
1.17646e+06,784774,899464,723155,369502,259682,853742,550496,788185,8803.72,2052.39,69136.6,28058.9,16507.1,6907.65,6593.2,14.0683
2.04934e+06,1.37793e+06,892356,646205,416713,269597,927414,427519,906914,24961.1,3652.57,100168,69917.1,26137.7,14812.8,8110.3,14.0684
1.8066e+06,1.22854e+06,882312,750138,477866,322972,887754,557308,807602,21238.7,4724.54,71480.9,62072.9,40830.3,11688.1,6792.13,14.0693
1.33309e+06,939282,851560,590324,310152,217005,857544,456115,776547,5285.81,1361.63,95832.4,35644.2,14457.6,6238.02,3509.12,14.0698
1.5023e+06,1.15149e+06,782792,374439,199025,151782,786753,312651,718575,12421.2,704.03,131545,25032.5,13824.3,4261.36,4590.91,14.07
1.93255e+06,1.46069e+06,793821,369689,279902,212412,790639,312372,710094,7219.08,-67.8614,233934,38385.2,7951.53,5034.72,2003.66,14.0713
1.68898e+06,1.22917e+06,824451,533939,438545,305395,861596,418563,765389,7445.29,972.611,74251,63925.2,8958.52,7540.94,3490.42,14.0725
1.96025e+06,1.29131e+06,910817,887113,761446,515627,886043,635006,838209,13879,1679.54,111470,44791.4,33195.5,10352.6,7541.43,14.0734
1.39756e+06,1.06684e+06,786004,437922,309347,240561,771563,353044,744250,7946.96,810.826,47825.3,31478.3,27002.9,5415.41,3679.33,14.0743
2.05962e+06,1.55490e+06,794759,346393,300888,236662,762831,294023,706870,13237.9,295.569,116688,21730,8482.52,3725.46,4071.62,14.0775
2.11512e+06,1.57851e+06,803969,446467,307879,251361,734909,372410,719315,10324,39.2045,49806.1,55591.3,29218.1,4912.75,12933.6,14.0775
1.27724e+06,847634,904096,778328,675197,462896,875182,582583,801597,9370.68,1107.4,30324.6,63420.3,31458,6127.04,9425.32,14.078
1.85575e+06,1.41319e+06,787902,445538,342861,261247,787440,354087,754964,5297.62,1628.9,55532.4,26826.1,17823.6,4710.88,5712.94,14.0794
2.13807e+06,1.35554e+06,946365,693219,370868,247309,899769,503224,826533,9899.55,3092.08,30677.8,45628,52549.7,8854.2,7506.83,14.081
2.03851e+06,1.30743e+06,935503,868431,598229,376502,953348,589482,883927,16383,4793.15,32098.5,59715.7,51149.8,15195.6,8758.26,14.0822
1.7666e+06,1.12729e+06,940274,873958,548334,354686,927582,633509,827731,13625.1,4186.94,59889.3,38881.3,17121.8,10982.6,6073.8,14.0829
1.98032e+06,1.51626e+06,783633,436672,359393,275843,781734,359956,727876,6747.07,2450.4,68446,58173.5,25020.4,5665.37,6265.12,14.0831
1.65922e+06,1.1471e+06,867872,710423,447812,302681,887691,541708,786870,22298.9,2538.45,106764,36356.5,29262.5,10957.4,4213.33,14.0877
1.46958e+06,1.1093e+06,794870,566906,436938,343271,763719,478646,710637,8076.32,1806.08,64766.2,44144.6,10252,5406.95,5841.58,14.0877
1.43478e+06,1.0476e+06,821752,609659,422527,306139,828108,475902,768636,8048.86,1396.21,138774,39966.7,12129.9,8491.99,4233.08,14.0884
1.36141e+06,947874,861767,720135,468493,328206,856462,537132,804422,12280,3689.89,51379.8,36169.1,26367.5,7157.43,4866.77,14.0896
2.08274e+06,1.41204e+06,884994,514925,395741,274728,864289,403950,764835,10210.7,3630.18,59906.4,26672.2,16097.5,14357,4621.77,14.0896
2.13583e+06,1.40585e+06,911547,812649,680565,474765,860087,604807,806190,11401.5,2738.97,127851,59703.9,41725.2,8735.47,7771.76,14.0932
2.17449e+06,1.65613e+06,787796,351561,298899,226544,791632,282145,747617,7332.42,544.908,57437.4,35459.1,9447.08,5017.45,3998.93,14.0962
1.8728e+06,1.36790e+06,821460,443380,273164,205260,798491,358382,742302,7222.84,202.339,70416.1,35108.4,35095.8,6734.66,3696.88,14.0966
1.09679e+06,716370,918624,396584,285422,208656,820744,300379,792166,13891,2615.25,21912.6,23699.2,17817.7,7037.49,6306,14.1007
2.03659e+06,1.49389e+06,817968,562873,502256,371975,810145,451852,747421,7523.76,1430.95,31865.1,61711.2,20047.2,7080.41,7656.22,14.1026
1.80527e+06,1.2184e+06,889000,687043,576694,401230,862389,528766,779599,6085.99,1866.4,43279.1,70433.9,19774.8,9396.84,4184.96,14.1065
2.1709e+06,1.55194e+06,839294,506044,413829,305442,812911,414306,732855,7384.06,268.526,52644.2,70696.3,23277.3,6014.36,4940.9,14.109
2.27498e+06,1.52077e+06,897564,709020,425910,300121,851476,540042,787739,12116.2,399.344,84912,103284,63903.5,7801.31,9552.73,14.1094
1.72092e+06,1.2246e+06,843170,750647,539919,350934,923111,533491,844228,13557.7,72.7095,126441,61270.3,37181.3,9850.6,6432.32,14.11
2.00543e+06,1.53327e+06,784763,422058,246034,181228,814557,336222,753178,9373,1981.05,62979,42249.6,21063.7,9603.19,5829.45,14.1104
1.21555e+06,935976,779217,422412,257832,191446,808056,339710,746069,6557.73,-354.153,45869.9,23904.4,10437.8,5624.64,4432.01,14.1112
1.03842e+06,732208,850918,500695,340302,246652,827812,380939,788622,8140.1,690.369,63230.3,43673.8,26809.8,6839.46,5144.16,14.1125
1.74826e+06,1.22037e+06,859539,642252,570450,408212,838462,486951,791355,10941.8,2802,102981,41041.8,26945.6,7519.92,5160.85,14.1137
1.98711e+06,1.49136e+06,799451,681334,468167,334282,840309,533751,765901,8790.52,2258.86,119967,33834.3,22915,8619.21,5810.74,14.1175
1.65633e+06,1.16255e+06,854844,441196,242028,178907,811688,362766,729720,5714.62,320.787,41731,29734.2,24458,6182.64,5642.78,14.1203
2.42791e+06,1.89897e+06,767126,393687,231322,165759,837319,311775,757637,11926.4,1517.64,26781.1,27265.1,4334.6,5965.58,4703.23,14.1213
1.78584e+06,1.25932e+06,850855,434993,218965,160239,819893,346308,753652,2992.41,1179.24,293295,15694.8,28335.6,5829.92,3980.85,14.1233
2.17525e+06,1.72173e+06,758046,363655,279682,223769,749923,302028,722427,6633.46,1321.03,126440,16927.4,8914.34,5859.02,3460.89,14.1274
1.45742e+06,987240,885755,543388,419018,297844,844103,427722,762253,8044.97,-286.778,26687.4,94723,53897.3,6164.49,6315.55,14.1298
1.07849e+06,738867,875791,590202,464237,338440,823018,464059,763096,9202.56,959.689,42825.5,37070.6,17543.8,5720.03,4511.72,14.1316
1.90298e+06,1.30056e+06,877921,512234,426402,291003,879170,372123,825911,21679.6,5065.15,15884.1,53466.2,27120.7,8910.74,4653.94,14.1337
1.36171e+06,969135,843048,537115,478346,361594,793729,430525,748549,4747.9,168.01,109921,27332,11421.3,6373.3,6024.88,14.1339
1.15634e+06,809369,857214,473296,406095,307806,791593,378042,751179,12296.8,1973.04,57940.6,28934.3,23603.3,7005.67,4518.5,14.1365
1.34171e+06,944377,852442,490681,424565,298946,852124,383480,767728,8999.98,1191.99,56526.3,34956.7,23375.6,5504.68,4221.93,14.1366
1.94225e+06,1.60892e+06,724307,562082,370315,282915,785356,444895,758042,6190.61,849.223,48714.5,37375.2,18923.8,3015.62,3743.24,14.1394
1.63944e+06,1.09685e+06,896812,750141,442414,287536,923183,532062,845925,13581.8,3936.22,265398,36058.5,9765.09,12253.5,9193.81,14.1404
1.2179e+06,901189,810865,448513,381179,283531,806640,355153,757723,4718.76,-277.729,100945,28037.5,6391.24,2858.94,3651.38,14.1404
1.77513e+06,1.14829e+06,927530,664509,425004,275344,926123,451867,882351,9951.18,4077.04,46244.7,52466.6,43259.2,10178.7,8776.5,14.1429
2.1072e+06,1.53926e+06,821380,621731,319647,243243,788462,517225,721231,6996.28,1373.77,108646,48531.7,57348.2,4170.69,6384.17,14.144
1.42446e+06,1.01112e+06,845279,455364,232929,171261,816048,373922,730683,5039.47,2601.25,26494.3,18177,21269.2,4950.21,2958.54,14.1447
2.32665e+06,1.5543e+06,898146,706661,573186,394776,871156,535177,792255,18006,3282.59,27652.6,111433,35859.8,15786.2,9827.07,14.1451
1.91648e+06,1.47729e+06,778378,433063,327026,236415,829962,330461,786288,10261.2,264.993,135064,32672.8,16498.1,7558.61,4914.07,14.1462
1.70591e+06,1.25882e+06,813098,584617,488898,382568,766762,475617,737506,7017.06,-131.807,140375,26999,24309.8,4541.96,4668.64,14.1486
831899,489970,1.01871e+06,726930,596232,375261,953308,490932,888429,7047.53,1672.39,21839.6,30005.5,21302.9,9335.66,5626.58,14.1501
2.01e+06,1.6008e+06,753373,338226,217020,168441,773044,271890,746388,15076,3936.57,47677.6,64779.9,16978.8,5312.97,4120.27,14.1507
1.49291e+06,1.09901e+06,815047,598614,472336,330358,857861,461182,778799,9568.13,1655.68,382372,66769.2,25173.8,10201.5,4431.16,14.152
1.57249e+06,1.02518e+06,920320,766146,415814,286986,869340,582373,789335,11984.3,2202.86,104455,106824,34485.1,6476.14,7343.34,14.153
1.61088e+06,1.17002e+06,826076,667979,561729,394109,855188,512279,782362,9284.75,669.541,135073,28838,14322.7,6932.62,6018.88,14.1534
1.78084e+06,1.2453e+06,858025,554921,458375,321291,855999,413422,805357,14428.2,3192.91,21335.3,37828.8,17049.9,7957.43,5108.86,14.1541
2.30387e+06,1.55713e+06,887736,650847,513950,362997,849511,497196,785421,12140.5,3774.02,38753.3,78908.4,18535.3,8728.3,4954.22,14.1553
1.77404e+06,1.42071e+06,749223,362968,242473,184369,789091,298098,730568,8529.87,107.203,411106,50343.3,15504,6054.48,2390.78,14.1563
1.78981e+06,1.31978e+06,813684,434371,334714,247165,812528,344873,755706,8673.08,270.741,114137,28274.8,10635.8,7753.29,6036.8,14.1614
1.92203e+06,1.41992e+06,812171,428820,377293,280124,808128,339909,756943,10364.2,1681.63,48639.7,36773.5,10139.8,6897.21,3583.42,14.1619
1.6112e+06,1.15659e+06,835837,443404,226183,169727,799577,359298,740451,7310.29,861.989,61960.8,88680.6,21285.4,8499,5331.71,14.1627
1.16224e+06,884650,788270,451583,469259,389902,722118,387156,699846,2976.69,1341.02,191325,21351,9031.37,4967.85,3552.81,14.1648
1.88634e+06,1.35678e+06,834183,682953,476789,330070,866705,506209,809491,10511.9,2620.12,295333,34548.3,19492.7,9266.7,4451.54,14.1671
1.63133e+06,1.23349e+06,793521,570593,300761,220059,820038,434126,788610,9141.34,2106.58,46820.1,44444.5,24895.1,7968.38,5806.74,14.1678
2.59572e+06,1.73291e+06,898740,457972,351113,237923,885446,344962,796562,5257,978.302,28486.6,37739.4,19165.4,7318.34,6798.19,14.1681
1.78035e+06,1.29189e+06,826860,583286,366626,253767,866841,454568,769900,9627.04,2862.73,34249.2,55949.1,26412.5,6653.23,10387.7,14.1771
1.61877e+06,1.27858e+06,759644,369699,236956,187218,759400,313439,707695,6588.33,2586.28,119037,29215.9,13689.2,4419.48,5021.46,14.1814
1.9534e+06,1.3354e+06,877669,491379,336114,248134,812740,391533,753008,11040.9,2040.54,32465.4,59990.3,34515.6,6932.89,10917.5,14.1851
2.05609e+06,1.39969e+06,881374,629542,454605,321224,849136,488316,773527,4894.21,3459.33,48046.6,27513.4,33525.5,6392.08,7349.68,14.1859
2.1536e+06,1.44839e+06,892132,476959,294887,207817,851385,353252,810117,30477,1644.11,61679.1,40650.4,14768.4,13720.4,5599.57,14.1873
1.83433e+06,1.24744e+06,882286,655417,551656,392058,844247,507806,774410,9033.15,1891.71,19846.9,48591.3,42350.3,7685.55,6775.27,14.1887
1.61563e+06,1.13695e+06,852615,724018,596844,430740,831375,576404,753657,8304.34,1477.81,205334,50743.2,15188.2,7148.91,7743.92,14.19
2.3598e+06,1.70716e+06,829377,550548,364610,277775,787565,439895,750926,10654.1,2415.2,25695.8,111830,17637.6,8540.36,9460.36,14.191
1.82877e+06,1.15301e+06,951648,439383,211654,138818,914812,322154,818335,11266,2606.62,129036,29455.9,15076,4984.62,9226.48,14.1926
1.25491e+06,806695,933374,1.03245e+06,563540,338325,999406,708889,873863,16032.7,1473.88,250846,47634.7,52681.3,10367,4996.03,14.1929
1.68559e+06,1.20605e+06,838569,442030,360451,280752,770326,366434,723781,12285.3,2394.98,26495.7,27773.5,19404.3,7435.08,4395.21,14.1955
2.07504e+06,1.50786e+06,825691,380329,234846,172552,816610,314791,724916,7684.7,1347.42,27800,18569.4,14390.3,4698.08,4519.63,14.1978
1.52016e+06,1.18337e+06,770765,458306,299990,228413,788021,370450,742296,8003.74,1063.9,132803,25073.7,8113.93,6500,5143.63,14.2007
1.86504e+06,1.42304e+06,786363,482597,311051,219893,848734,374842,772481,9782.95,718.193,180855,33234.8,16305,8634.9,4871.42,14.2087
1.78574e+06,1.21914e+06,878855,751300,561679,378490,890400,549585,820219,9374.24,1739.34,524117,92626,29926.9,9916.03,7089.96,14.2126
1.64768e+06,1.22359e+06,807956,766545,555118,375584,886807,544644,844455,12556.9,5383.84,177799,47502.5,22251.3,10411.8,8247.65,14.2129
1.48063e+06,928149,957149,900385,702339,459371,917348,647286,834609,12183.1,4105.11,81969.4,42355.1,25967.9,7287.07,8098.66,14.2138
1.53983e+06,1.08679e+06,850120,480530,267550,197340,813468,387792,743486,5645.83,1284.67,44952.5,28184.9,23069.1,9132.41,3523.14,14.2161
1.58301e+06,1.19533e+06,794599,507221,367910,284883,774865,408834,744391,10382.2,1069.57,56293,43084.1,26332.4,6535.85,4436.27,14.2163
1.23138e+06,901338,819699,458469,343927,250949,822302,374605,734324,8211.65,-220.305,70341.1,43086.8,22179.2,5623.79,3551.29,14.2171
1.34742e+06,993632,813633,453839,362086,277839,781934,372182,731640,8399.95,-0.552124,26219.6,24914.6,7841.37,5068.05,5208.42,14.2184
1.45501e+06,1.03765e+06,841330,698779,382089,282966,810180,557273,752356,8454.28,-306.103,257412,48964.9,80758.4,6908.66,4329.32,14.2203
1.54555e+06,1.11398e+06,832445,664282,508280,355098,858827,505858,787907,8900.38,415.641,187761,47530.2,14048.6,7892.4,4066.14,14.2213
2.24357e+06,1.50896e+06,892099,839568,496272,336877,883893,631187,798085,10077.2,749.806,120599,56092.2,35652.1,8283.1,8224.62,14.2223
1.89607e+06,1.31239e+06,866848,505355,402691,278359,867997,394017,769543,11027.7,1643.5,50727.7,29837.4,15467.5,6949.14,4865.07,14.2257
2.28116e+06,1.75326e+06,780656,507432,310182,226631,821200,411617,739666,7175.03,669.14,121373,49499.7,38975.2,6442.54,4627.64,14.2262
1.26498e+06,938312,808883,641884,362688,255251,852544,474205,812160,4499.68,1612.58,1.35812e+06,21766.3,21645.3,5188.73,4948.59,14.2273
1.86912e+06,1.50102e+06,747142,400384,276542,212761,779868,328024,732357,12155.9,330.212,129135,35088.7,15604.3,5628.3,3088.51,14.2282
1.13246e+06,825948,822661,520341,244419,184420,795203,435131,717495,4886.07,885.079,28823.3,24972.7,21603.2,3356.24,2988.36,14.229
1.13669e+06,751654,907347,451801,368212,274907,803643,351207,771855,9014.05,3551.64,30230.8,31564.6,20785.6,7429.29,3859.58,14.2302
1.72648e+06,1.21357e+06,853588,542149,421227,286916,880871,404846,803490,20850,3115.13,60465.2,45367.8,20916.4,9566.33,4194.95,14.2304
1.48482e+06,1.12682e+06,790621,653211,487827,357277,819241,511590,766095,6335.7,737.132,211803,48581.4,13550.6,6828.86,4524.36,14.2331
1.18993e+06,811495,879804,499762,414935,328475,757930,417579,718085,7036.8,688.5,75663.3,51093.3,17733.9,5122.34,5324.13,14.2444
2.11339e+06,1.45827e+06,869549,535143,408159,295188,829625,429261,747997,12202.2,4087.03,31891.3,38803.9,15627.9,7977.75,5597.81,14.2448
1.52821e+06,1.10184e+06,832177,371842,188408,144508,782274,308785,722526,7979.63,2045.7,27689.7,18062.1,20115.4,5581.38,6398.3,14.2477
2.07702e+06,1.50348e+06,828886,383487,222916,166121,805132,295043,779860,14473.1,1645.32,28814.2,42459.5,10853.6,7167.7,9824.14,14.2501
2.04338e+06,1.47417e+06,831671,462114,359827,273649,788954,382356,725158,6768.71,1148.23,103910,78111,27491.6,10145.1,6472.98,14.2576
1.35124e+06,997493,812780,598247,431229,304714,849116,456414,786453,9933.62,582.673,156733,35291.6,19458.3,7015.2,5625.44,14.2681
2.14459e+06,1.49015e+06,863505,937572,743758,486061,918104,655067,858756,21754.3,2405.39,88990.8,54986.4,24869.9,18671.9,8397.53,14.2701
881406,493470,1.07168e+06,677369,366302,235187,934497,489068,831012,9145.7,1253.09,20519.4,30485.2,44423.9,5913.97,6629.32,14.271
1.47233e+06,1.0398e+06,849579,604070,552341,403632,821057,489622,740249,7772,1636.99,99339.3,39101.1,22139.2,9155.79,5775.01,14.2731
1.88476e+06,1.28912e+06,877231,578286,441213,297700,889244,423156,819962,10190.5,2048.78,44922.3,56492.6,47593.5,8812.86,6076.81,14.2767
1.8848e+06,1.35756e+06,833029,416339,395452,293724,807803,321393,777252,5329.53,1379.53,3544.08,41962.7,10568.2,7399.67,4470.26,14.2769
1.5073e+06,1.05647e+06,856036,654328,519671,360741,864339,500286,784745,7873.04,1922.2,23003.5,41763.2,30029.7,6836.84,7210.41,14.2775
1.6521e+06,1.27341e+06,778428,425863,304073,225307,809757,333789,765507,11457.1,3153.65,66903.5,39555.9,16970.7,7662.97,3822.16,14.2775
1.83302e+06,1.34556e+06,817366,459762,391555,285012,824292,354373,778438,14063.2,3004.51,24389,33076.6,11087.9,8224.54,8258.54,14.2808
2.2804e+06,1.39235e+06,982687,727868,659976,482169,821259,571503,764162,10433.7,657.865,38629.2,127512,70188.5,12133.2,8271.16,14.2823
1.96501e+06,1.36631e+06,862911,826387,769602,536997,859895,604998,819560,16625.9,4006.3,58594.1,61097.8,20701.9,10132.2,11113.1,14.2926
1.97416e+06,1.40337e+06,844037,619062,551530,381769,866802,460873,805942,14407.3,817.918,154935,56625.9,20680,11228.8,7954.69,14.3013
1.56873e+06,1.19252e+06,789284,422393,324543,248157,784688,341375,742396,8115.02,3517.61,26331.9,35096.5,17173.1,5821.56,3938.81,14.3025
1.29424e+06,882146,880289,646319,368515,254408,869111,492279,787747,14059.7,183.455,268521,23569.5,24699.5,6736.84,8922.48,14.3057
1.72027e+06,1.17702e+06,876930,691605,586108,401200,876532,513283,808448,10148.1,1222.57,41161.5,71375.1,39618.6,7839.93,7033.84,14.307
1.52111e+06,1.07745e+06,847063,597785,485847,362458,804254,469506,763933,6632.48,2925.82,237510,37629.4,13357.2,10310.6,9663.73,14.3128
1.92844e+06,1.20578e+06,959593,689639,631322,431864,877112,495345,835343,9573.15,3092.34,33251.5,37741.3,20492.9,9780.21,8744.44,14.3158
1.28928e+06,910861,849273,611143,406742,281589,866672,474671,772505,3837.75,3438.16,174873,38366.5,9740.64,4606.15,3867.06,14.3159
1.58113e+06,1.11528e+06,850616,464986,241629,166995,868154,361545,771664,8737.66,2490.55,54391.8,29071.6,12108.5,4672.14,3359.4,14.3171
2.32894e+06,1.4655e+06,953508,742275,570077,387494,882714,559895,795444,26402.8,810.731,37145.3,73189.4,30123.1,13282.5,8854.76,14.3172
2.50953e+06,1.69996e+06,885736,727732,513298,350375,878998,512135,852586,19665.6,3404.42,40999.2,50083.7,25971.2,10840.1,12837.6,14.3188
1.54394e+06,1.11312e+06,832221,602148,356632,250906,852827,462140,781773,10239.8,3318.73,67723.9,33133,19986.8,5805,4302.01,14.3191
1.44824e+06,1.01328e+06,857557,684965,645786,463803,835423,531802,772805,12416.2,1201.23,115363,73453.4,32843.9,7812.06,6390.03,14.3207
1.12226e+06,832622,808720,559371,416317,323680,771720,478200,701846,6433.6,-220.776,268785,28022.5,22535.8,6428.66,3328.28,14.3221
2.08147e+06,1.51570e+06,823962,438998,370216,268776,826450,355318,741304,11972.2,212.461,123820,23697.7,11560.2,5636.22,4743.13,14.3221
1.26417e+06,920815,823727,544442,476039,343445,831643,411568,793709,10899.1,1520.51,44017.1,29141.5,22865.4,6798.08,4215.63,14.3258
667521,429262,933026,493833,354168,241460,880067,366021,809516,12246.4,1078.58,90748.3,34312.3,26797.5,8456.78,4239.52,14.3269
1.62524e+06,1.17428e+06,830418,484198,330339,235128,842960,384191,756183,8613.91,2453.74,31460.6,45074.2,17986.5,7644.68,4424.86,14.3374
1.52284e+06,1.11288e+06,821026,554289,440705,339406,779075,467051,712071,5170.8,-180.09,48161.8,34883.7,22865.6,4914.38,4833.65,14.3375
1.836e+06,1.64383e+06,670140,474646,481302,484815,595652,462351,615956,3067.34,1311.73,1.31118e+06,22940.6,2588.2,2394.13,864.299,14.339
1.98434e+06,1.5152e+06,785773,451289,327842,244320,805114,357497,757414,11904,-207.84,61950.2,41371.7,25559.1,7110.06,7177.72,14.3404
2.14633e+06,1.59559e+06,807099,462645,362580,264817,821503,370806,748605,3570.97,-42.6377,49655.1,20680.6,9558.8,3489.04,3612.4,14.3448
1.58364e+06,1.17283e+06,810165,644568,548569,413883,795252,514198,752124,5530.48,2942.73,28516.8,36480.5,39948.8,5480.84,6414.37,14.3494
1.56577e+06,1.09054e+06,861468,555496,437577,308165,851966,438225,760562,9768.56,3724.58,52469.5,34502.4,9751.51,7917.63,3898.96,14.3527
1.86061e+06,1.42632e+06,782688,475706,343184,254488,809116,384629,742075,4657.05,1121.12,130745,33671,41298.2,6104.35,5979.89,14.3535
2.4014e+06,1.78287e+06,808158,485113,355495,260654,818315,373454,779394,13644.5,2650.01,54579.5,41517.9,10385.3,12329,9094.9,14.3543
2.07798e+06,1.50046e+06,830939,434234,340542,250632,815239,342107,761575,9582.39,4272.93,35133,41695.3,31598.4,7524.57,8281.31,14.3552
1.58784e+06,1.12286e+06,848468,564741,318898,227810,839905,423257,800564,19018.6,3130.63,37702.8,26679.5,16514.5,8293.32,5518.67,14.3589
1.72257e+06,1.14828e+06,900076,647373,398944,267776,893906,510100,761466,13524,5074.54,58425,41002.9,21058.4,8259.87,5743.21,14.359
1.76343e+06,1.27462e+06,830100,446157,321781,223164,865143,352332,759778,12126.4,280.458,50274.8,26803.1,21145.2,6261.09,6311.52,14.3634
1.87729e+06,1.18008e+06,954490,677005,445836,286365,934127,486060,835706,21554.9,4364.51,59986,43611.3,11884.2,11513.4,5191.7,14.3665
1.75032e+06,1.04824e+06,1.00186e+06,566854,388035,238842,974791,366118,928970,8916.35,3245.2,26082.1,43031.4,25841.4,8455.47,8632.65,14.3693
1.85867e+06,1.20266e+06,927278,723909,400566,259215,927182,500602,867646,12453.6,876.54,76885.9,32885.1,44903.7,10509.8,6934.55,14.3702
1.63245e+06,1.20210e+06,814794,525304,367304,273795,804917,428174,736109,7133.82,941.568,89014.9,37979.8,28417.6,4765.12,4053.34,14.3709
1.89679e+06,1.34682e+06,845005,501303,435992,295928,883982,383245,784828,12329.1,4016.44,33310.8,39931.2,16387.7,7346.01,10989.5,14.372
1.63029e+06,1.19826e+06,816329,407795,269645,206629,782984,327160,747881,5167.04,1881.89,32197.9,39337.2,15054.2,7812.88,6131.29,14.3734
1.91822e+06,1.30376e+06,882779,681176,418283,292180,858955,516648,791072,12405.2,4118.74,54179.7,51674.5,27300.5,6563.24,5541.93,14.3752
1.96498e+06,1.23578e+06,954044,602683,407500,280390,872000,457343,790676,16462.6,3545.8,25209.1,45322.7,29890.3,12012.7,8416.58,14.3781
1.65874e+06,1.20908e+06,823142,580763,471778,361492,783051,483786,720272,7757.42,369.845,40421.8,29452.6,5637.46,4125.17,5030.12,14.3794
2.89266e+06,1.94079e+06,894271,617298,573546,409693,839964,475010,779729,11050.6,1649.34,68111.5,118644,29026.6,9413.54,7210.98,14.3801
1.85815e+06,1.32948e+06,838586,540650,335676,253990,792966,443528,731386,8126.7,2040.74,48983.8,45356.1,32554.1,5953.71,7286.12,14.384
1.6346e+06,1.26196e+06,777168,400239,285309,218322,784095,335488,715803,10927.5,-12.6718,34971.2,73308.5,30297.5,7236.63,3183.25,14.3855
1.03426e+06,743397,834760,486404,256210,182296,843275,389580,749120,8338.65,-258.779,105798,20059.6,12786.7,4111.76,2255.02,14.3889
1.44688e+06,1.06468e+06,815391,620159,408577,299095,819627,484395,768165,14464.8,1224.76,214656,31709,22031.5,10189.4,3147.56,14.3917
2.14972e+06,1.49847e+06,860765,696991,543132,353163,922745,487431,857956,16903.8,4074.59,50120.6,57074,26771.9,11479.9,12114.6,14.3926
1.48884e+06,1.10335e+06,809632,436136,300433,231347,779176,343627,761528,7392.61,744.054,62287.8,31371.1,14265.2,5117.62,5306.35,14.3935
978622,694395,845590,750424,599114,519458,692007,616453,730396,4302.04,412.936,47395.5,40764,42519.6,5225.78,3863.22,14.3959
1.34112e+06,948776,848115,561789,330704,234162,847372,443039,760822,5719.94,3313.02,97065.2,38167.1,15887.6,7134.84,3406.16,14.3976
2.3246e+06,1.70538e+06,817858,597964,503157,374621,805865,474003,756912,10925.1,773.037,70959.7,132808,40406.8,6944.5,13356.7,14.3977
1.99182e+06,1.31735e+06,907194,723862,624694,398973,939453,500358,868013,11940.9,4958.84,33351.4,40951.7,25878.5,11288.3,8279.72,14.41
1.18296e+06,826045,859244,428200,383011,280131,820355,347221,739932,4906.94,460.036,63784.9,24807.4,17677.4,4714.19,6554.4,14.4112
2.12983e+06,1.57919e+06,809213,426898,369503,282105,785884,343393,745906,4912.06,1320.97,145830,22303.8,15140.1,7067.07,5918.85,14.4143
1.55561e+06,1.09955e+06,848866,576726,480163,353594,814771,456480,758052,9406.67,1876.23,52575.4,42810.7,34897.6,5566.78,4676.63,14.4153
1.61891e+06,1.22088e+06,795615,543467,378689,277593,818513,404619,805894,15245,1489.64,384226,39610.7,19506,11104.8,5470.06,14.4155
1.57763e+06,1.15629e+06,818633,410666,226759,169226,803986,341441,721646,9218.12,2286.18,79371.6,20861.3,5545.14,5938.94,3333.51,14.4203
2.4646e+06,1.64587e+06,898468,584312,491821,344376,856890,446364,785428,10001,2244.76,71182.8,42997.6,35151.1,8642.86,7413.39,14.4249
1.8941e+06,1.44033e+06,789026,480763,348115,271242,770047,406237,710073,7181.23,-433.237,128381,47731.9,42484.7,6786.15,5185.7,14.4251
2.26027e+06,1.45486e+06,932161,767139,614170,422616,871955,573139,803092,7141.77,2622.46,49316.9,46606.9,31362.1,13334.1,11101.7,14.428
1.15689e+06,759018,914516,723443,528436,379629,835189,553758,783854,9532.8,1971.84,221739,47188.4,28993.8,10831.8,4625.34,14.4353
1.85235e+06,1.41988e+06,782750,518090,380928,304569,750428,435063,714503,2386.48,-147.722,123257,32190.2,20652.5,3271.78,3117.75,14.4358
1.86519e+06,1.22047e+06,916951,498366,302733,202335,897718,368630,811165,11419.3,5341.86,13967.2,42393.4,15478.5,7066.29,6495.93,14.439
1.20526e+06,861509,839407,531955,444631,309702,861404,402466,793043,10468.3,-272.993,56588.8,54151.7,32471.8,8292.15,4344.29,14.4409
1.81846e+06,1.32948e+06,820677,449211,304386,220440,828486,352356,764927,16526.1,3534.69,66274.2,29230.7,22654.4,7311.03,4912.11,14.4413
1.89549e+06,1.38074e+06,823689,458247,373699,267523,838132,366276,750659,9390.6,1890.92,46458.2,33786.6,13532.2,6499.05,4892.44,14.4474
2.12745e+06,1.60914e+06,793265,513128,352016,268788,785784,414571,742639,10210.8,1352.95,28019.1,68029.9,37081.3,6700.62,13146.5,14.4475
2.42706e+06,1.6731e+06,870380,479878,379082,270574,840617,372524,772908,19494.3,1894.08,60946.3,44664.4,15085.5,10615.5,5594.73,14.4489
1.01172e+06,726973,835010,567679,384995,291206,793242,462316,736742,4747.85,1548.86,40293.9,22879.6,9837.65,5886.19,4191.67,14.4507
1.26345e+06,887035,854612,524648,405385,303080,802531,401846,783357,8522,1500.29,52974.9,26424.5,20241.7,6031.54,5336.02,14.4549
2.29794e+06,1.60438e+06,859374,465743,356086,256943,831513,371326,752562,8721.77,1299.27,49309.1,45123.5,27961.4,5962.99,8442.48,14.4594
1.10149e+06,670293,985976,863362,743607,462545,964586,586090,883852,13316.8,3654.72,112662,36097,19139.6,9091.95,7073.92,14.4602
2.13106e+06,1.53235e+06,834430,511821,371603,269699,826707,390276,786860,8991.56,1500.6,69408,73074.5,13376.2,7704.18,4132.84,14.4614
1.11223e+06,784810,850318,515512,265829,193406,824678,415849,743798,7928.71,824.237,54868.3,27107.2,15715.5,7088.3,2618.93,14.4615
2.11228e+06,1.64608e+06,769933,432992,317001,237141,802056,348597,745259,6217.44,934.092,117701,89272.6,44169.5,5957.69,7819.05,14.4619
1.77205e+06,1.0673e+06,996189,815195,500401,307941,974994,553672,883406,10648.8,3616.15,58635.8,49133.3,47195.3,11091.8,5311.87,14.4622
1.35861e+06,1.00502e+06,811099,380203,306301,225443,815198,315635,722739,5633.4,200.079,42697.1,26046.6,9107.26,3971.26,4379.11,14.4622
2.13389e+06,1.55771e+06,821931,413062,369644,279979,792153,339069,730935,9864.56,99.5905,72701,100271,43080.4,5246.04,6539.84,14.4649
1.77394e+06,1.35301e+06,786662,486847,266284,197770,807859,397803,734303,5638.04,-760.108,58042.5,93060,43150.8,6939.27,3374.58,14.467
1.41914e+06,953915,892619,619072,495872,356989,833424,487741,761558,11638.3,2405.15,23272.5,31707.1,19368,7724.48,4803.81,14.472
1.60668e+06,1.15795e+06,832509,559023,357129,255135,839860,424851,789486,8367.99,2750.89,45565.5,32591.6,28480.7,6211.01,5233.84,14.4724
1.80626e+06,1.46469e+06,739922,466320,265835,174448,914319,340757,821090,5521.97,3394.24,1.15784e+06,34931.9,9238.92,6877.57,3200.63,14.4735
1.26212e+06,871263,869167,532280,477694,340133,842660,409615,779679,11667.4,2540.29,28085.5,27344,13443,7162.08,4207.75,14.4763
1.86714e+06,1.30312e+06,859698,566213,368883,251613,879644,434059,782676,25145.9,3367.73,124735,48496.9,19027,8235.65,3859.55,14.4793
1.84634e+06,1.37541e+06,805438,632649,523193,377158,832319,471739,804660,10879.5,2236.43,357120,47932.2,22092.7,10574.5,5429.03,14.4842
2.26189e+06,1.60802e+06,843974,562120,533479,390379,819941,446852,754774,7679.5,1639.88,61605.7,27398.3,15473.6,7887.76,4278.85,14.486
1.61127e+06,1.16751e+06,828050,597467,484325,366674,792516,479562,747516,8697.17,588.186,57583,34288.2,13987.7,8278.6,4475.36,14.4875
2.02036e+06,1.56517e+06,774496,398914,313331,239196,785960,319230,749768,15177.1,1215.33,51750,47682.8,25948.3,7222.56,4291.17,14.4902
1.3714e+06,935787,879301,682400,596083,403021,887422,498595,821188,7661.03,3659.29,42465.3,32546.4,20555.7,6689.66,5517.69,14.491
1.96360e+06,1.55722e+06,756580,388565,300049,222975,807398,306811,759879,9834.5,2554.16,59837.3,38097.6,10437.9,5968.83,7645.11,14.4934
1.40368e+06,1.01694e+06,828181,488950,379311,281302,809048,394842,743006,7090.23,1430.77,21492.6,24822.7,9368.13,6256.31,3365.76,14.4954
1.29783e+06,958801,812159,233330,143886,107347,804229,186409,751026,2266.2,681.281,878403,17180.2,2249.91,1538.48,2333.03,14.4975
2.19422e+06,1.55726e+06,845418,595025,427747,310512,826532,475905,750182,10686.9,1351.65,61320.4,65401.2,46591.2,6418.99,4292.47,14.4997
1.78978e+06,978441,1.09753e+06,730413,662895,414540,959466,485691,902318,7827.87,2534.35,95217.1,28723.5,11710.2,11929.8,4130.8,14.5002
1.92764e+06,1.57455e+06,734548,359202,198152,149032,797756,295449,729470,7454.18,1112.66,96235.4,25390.1,9669.04,6041.81,3596,14.501
2.29731e+06,1.68955e+06,815831,442688,380089,276410,825054,352761,752953,9535.25,2099.44,22939.5,68525.1,27984.9,6741.86,5226.32,14.5018
1.53066e+06,1.10793e+06,828934,526234,391809,298975,786305,435357,725244,12624.4,2691.68,30121.5,28312.4,24029.2,7479.6,10206.7,14.5044
1.38243e+06,1.12828e+06,735153,379762,309208,239760,773794,310019,734977,11701.9,1259.5,26698.3,27041.7,15871.8,6927.28,3668.56,14.5055
1.93468e+06,1.36059e+06,853163,760107,666658,455189,878744,548279,831810,9518.3,3503.3,315587,50364.7,19160.6,11658.6,8851.58,14.5062
1.55794e+06,1.28677e+06,726439,332933,257688,203523,759682,274136,728688,7124.56,2150.93,59109.8,28393.7,5619.83,5960.47,4150.55,14.5083
1.30862e+06,915342,857792,546117,316803,236430,803968,435422,752535,8667.46,347.614,101306,38268.2,36996.3,5558.8,3697.08,14.5087
2.18716e+06,1.51347e+06,867075,656773,438391,291827,901338,481755,817976,17609.3,3822.1,59434.8,56359.8,39322.9,10147.3,7449.88,14.5113
1.14471e+06,814325,843428,413119,309789,225094,825759,331505,747716,4228.44,267.107,39625.1,20634.3,20787.2,3433.96,4762.89,14.5131
1.82342e+06,1.18172e+06,925814,505058,415039,284703,874677,375463,807096,15041.3,4416.29,43745.1,48822.1,16668.4,8681.62,9525.47,14.5143
1.64797e+06,1.02242e+06,967094,1.10181e+06,763587,519199,882421,821411,804818,7097.97,1456.24,219338,33593.9,52537.8,9342.16,7840.43,14.5149
1.28455e+06,1.0168e+06,757995,327094,182207,137519,794976,259612,755960,3679.86,602.162,989512,26459.5,5087.88,4795.84,3185.54,14.5166
1.53546e+06,1.09428e+06,841904,469248,362576,278595,780866,396862,709437,7824.47,821.809,22660.5,26844.9,11613.2,7660.74,4401.92,14.523
1.48316e+06,1.034e+06,860636,441020,349108,251666,832313,350672,754585,11289.3,1669.92,24029.7,25540.1,17629.4,6879.41,3935.64,14.5249
1.93223e+06,1.52879e+06,758337,367847,214466,164227,783546,300633,734145,12502,1501,51570.7,28641,13572.5,7044.59,2748.1,14.5259
912021,483874,1.1309e+06,978881,580438,363362,958446,650417,903003,10777,680.201,57319.9,56521.2,90591.9,9073.56,6365.52,14.5283
2.16415e+06,1.51998e+06,854281,379850,288596,209076,828204,306451,743707,3392.11,-486.769,119383,71910.4,13944.4,21169,5257.07,14.5312
1.95417e+06,1.53842e+06,762149,376722,223321,172137,778405,312093,724249,11312.5,3178.45,26416.2,30328.5,16159.8,9188.99,7445.85,14.5313
1.34548e+06,974944,828032,400106,221779,161811,822365,319540,751279,8676.67,1315.71,68855,16015.6,13344.4,5184.84,3583.59,14.5333
1.07381e+06,704670,914309,708812,327283,212644,923466,542757,783569,7304.67,1176.7,107595,27369.6,18203.5,7400.76,3880.54,14.5334
807594,592110,818355,448306,242491,181957,799609,366291,734344,5308.51,542.505,84031.4,25795.7,14378.1,4255.71,2469.93,14.5374
1.31738e+06,854589,924924,790209,493869,325130,911393,573506,826714,8792.04,3795.99,43049,28616,30697.3,8873.21,7079.5,14.539
1.75516e+06,1.36647e+06,770671,361384,248401,183329,812968,289624,748662,6098.67,-356.961,108625,35725.8,10869,4751.37,3084.12,14.5429
1.04204e+06,760675,821936,556773,358672,272055,791028,445979,749057,6323.19,908.853,101555,28168.2,12712.5,9698.08,6688.76,14.5446
2.31811e+06,1.58595e+06,876994,450690,354167,231117,919449,327293,826214,6744.47,-150.821,50140.9,37719.6,191773,5717.84,5108.16,14.5457
1.78626e+06,1.32536e+06,808656,445936,317371,230328,826746,328642,814143,17841.1,1947.9,109926,45946.6,28166.9,12817.4,4865.95,14.5498
1.74743e+06,1.31116e+06,799640,585496,504525,388117,779959,459502,764518,8804.05,-168.403,60771.9,33884.4,25906.7,6589.42,4358.91,14.5574
1.81005e+06,1.38756e+06,782692,391444,242301,180933,803506,318043,738473,7566.58,2495.57,27563.9,25449.6,21055.7,6779.51,3217.73,14.5608
1.44665e+06,1.04495e+06,830654,692202,507713,378062,805761,571229,727066,8700.7,83.9788,116190,48364.3,15409.4,8282.8,5005.21,14.5645
1.3717e+06,945749,870230,614035,542534,391363,831761,458782,803042,5527.07,3337.99,203463,40483.8,16254,6425.27,8001.51,14.567
1.50924e+06,1.08984e+06,830893,619517,515299,354815,871381,472388,786875,8266.57,1466.97,45129.3,26649.7,14066,9626.06,6413.1,14.5755
1.6101e+06,1.10899e+06,871115,648975,528874,359006,883898,483216,805819,11795.4,3895.96,40710.2,65117.8,18833.3,7456.07,9819.18,14.577
2.13402e+06,1.51544e+06,844914,440044,351501,260368,810010,347294,760239,8414.02,2493.71,35777.9,60668.8,29990.2,6803.04,7204.79,14.5786
1.67434e+06,1.25758e+06,798839,504847,405303,295502,822944,394062,768681,9345.69,2478.76,42383.4,35969,14710.7,6666.13,6791.86,14.5791
1.94033e+06,1.30139e+06,894580,884815,713219,496055,862669,664345,799116,13339.9,3098.79,62526.2,54909.3,19458.6,10257.6,6881.19,14.5799
1.88945e+06,1.29457e+06,875713,611406,480822,331215,871015,469133,781961,6676.85,1588.72,77936.8,34921.2,36882,6753.95,8431.5,14.5828
1.42991e+06,951213,901950,746872,593246,414756,858210,570122,786012,16278.3,2311.78,15410.4,61504.7,61870.1,8027.58,7785.95,14.5839
1.46216e+06,1.15597e+06,758930,373036,218510,168309,778958,303082,738485,7603.67,1620.05,21082.1,48227.6,36324.7,5681.64,5866.7,14.5843
2.32159e+06,1.61818e+06,860812,472536,388584,289086,806509,377602,750848,7289.89,576.482,53053.3,34801.5,14459.1,6235.98,6227.4,14.5849
2.44545e+06,1.49924e+06,978678,1.04049e+06,817323,550187,891322,758612,822940,21175.5,3645.39,29454.5,132253,40526.8,12898.5,13672.8,14.5868
1.75996e+06,1.33386e+06,791672,468505,306114,219998,834865,368129,763600,5993.69,2539.37,49750.5,46964.5,18002.8,7345.87,4845.89,14.5874
825250,529479,935164,609482,421462,293540,861475,461961,791602,9844.46,1756.28,44737.8,29560.6,26463.9,6840.5,5962.85,14.59
2.07799e+06,1.56735e+06,795479,437195,252846,193924,782305,364721,719226,6746.59,1001.1,25065.1,79027.5,17861.5,8541.56,6281.33,14.5915
1.61840e+06,1.14886e+06,845222,635374,416485,282070,885919,487107,782629,8488.35,1542.64,38369.9,34816.4,15791.6,5077.75,5982.26,14.5919
1.14391e+06,782099,877573,680982,490660,369049,797716,527627,774390,9497.34,1046.61,820982,55122.4,16210.6,7951.2,7777.4,14.5934
2.13824e+06,1.59111e+06,806320,415234,241627,168819,858767,321447,775059,5828.11,1407.95,26396.9,49860.7,17478.1,6158.6,3056.72,14.6055
1.66266e+06,1.30896e+06,762128,447378,303084,227791,798321,353543,759248,5035.81,-87.4317,115443,36141.9,8862.22,6004.52,5660.95,14.6071
1.1284e+06,771132,877985,593894,473828,336903,843853,467481,762248,6810.11,707.65,163518,29722.6,11781.7,7184.34,6513.21,14.6092
2.20635e+06,1.3418e+06,986593,902077,503201,308607,978333,631341,857296,10475.2,3612.54,45952.3,50817,67569.1,12562.8,7621.19,14.6142
1.4114e+06,1.10751e+06,764635,382562,235290,181322,778582,300954,762699,5498.13,-401.755,57679.1,50124.9,15592.9,4275.65,5860.84,14.615
2.33348e+06,1.38234e+06,1.01284e+06,880457,649632,418152,932148,619897,852197,10042.6,2990.31,63912.3,67785.2,63860.6,22815.1,8929.12,14.615
2.0018e+06,1.29508e+06,927417,580020,304935,201723,906991,416593,835376,11466.4,1842.82,124074,51755.8,38001.3,8388.68,5093.18,14.6168
814622,542265,901355,381393,316092,201370,941823,269371,849519,3723.13,2301.54,9185.07,4974.02,2385.34,247.985,349.22,14.6212
1.89127e+06,1.51174e+06,750634,354806,204407,167418,732563,300697,707966,6888.07,474.64,30398.4,26087.8,19335.7,5179.74,2967.72,14.6246
2.23241e+06,1.35346e+06,989650,796347,611812,381123,963172,564376,846613,11514.1,3776.08,45602.1,49902.9,19558,9118.07,6163.58,14.6263
1.97667e+06,1.3966e+06,849207,422012,333215,243924,819637,342429,739444,14010.5,4112.7,9667.46,49235.8,27898.7,6535.64,4116.48,14.6317
1.54302e+06,1.0435e+06,887215,610077,440233,314018,841161,474849,770869,13246.3,1491.26,221537,39404.9,20853.3,9542.23,9034.45,14.6365
1.60817e+06,1.1563e+06,834477,705470,548641,384632,855844,519825,814278,7820.78,1685.38,101020,54165.1,27501.7,8852.23,5620.29,14.644
1.51233e+06,1.0874e+06,834472,602786,525883,393905,801030,480252,753087,9046.21,1142.28,101371,46985.5,22509.3,8094.39,4331.63,14.6487
1.06152e+06,787068,809217,599338,452304,331998,817422,465935,771788,2593.59,2785.02,312952,45813.6,27320.8,5064.76,3381.57,14.6488
1.21541e+06,853590,854327,481464,362488,249185,872817,367753,785523,7972.25,853.628,43865.5,33067.4,11872.5,4656.01,4866.86,14.6537
2.22441e+06,1.68605e+06,791584,460809,320630,256354,750440,371967,743306,9272.98,1145.86,14679.8,33970.4,36437.2,4088.59,3945.65,14.6538
1.60707e+06,1.20756e+06,798499,505401,371805,272348,819109,395080,767542,7128.07,79.6547,56829.3,62580.3,22387.5,14753.8,3405.15,14.6558
1.8898e+06,1.33072e+06,852082,574074,344533,246232,839533,456895,753881,6706.54,1173.71,11958,42224.9,45801.7,4930.02,6155.03,14.6592
1.86581e+06,1.49219e+06,750232,251323,167236,142091,706176,213074,707707,2006.22,-905.783,1.27141e+06,13821.4,3909.06,1806.5,1352.54,14.6599
1.85491e+06,1.3185e+06,844101,425723,374411,277489,809569,331719,770031,10890.2,1957.38,71829.6,32307.7,10848.3,6547.42,11274.7,14.66
2.02262e+06,1.41099e+06,860085,491995,288742,208056,832686,385304,766140,14178,9.10753,306479,32528.4,26535.2,10434.5,9808.26,14.6621
1.61093e+06,1.13281e+06,853236,767081,590934,415846,852624,582038,790753,16366.8,3662.82,101357,59337.3,24266,12365.5,5517.31,14.6643
1.18831e+06,683790,1.0427e+06,623410,267683,141460,1.13537e+06,382297,978417,2697.65,3511.34,487806,21694,11689,10645.7,2529.17,14.6643
1.46822e+06,1.08315e+06,813304,425018,199486,145337,823545,336932,756861,9297.15,338.009,55751.4,22669.6,8266.66,5653.68,3166.92,14.6654
1.35429e+06,920443,882810,653620,429875,308417,836286,486713,805756,9656.73,1481.37,129837,34913.2,18660.2,6565.23,4241.09,14.6662
1.55041e+06,1.10842e+06,839248,700962,589386,426473,829201,561208,749414,4985.8,210.706,87998.2,32889.3,24438.6,6601.07,7368.73,14.6664
809578,551535,880718,581980,343413,242706,848961,445295,784173,7524.96,589.494,48985.2,31668.5,23077.1,5721.69,3546.56,14.6677
1.12506e+06,820830,822381,389038,340072,244722,833777,307769,758435,7573.29,-62.1477,108403,47636.7,20405.4,6211.01,3684.47,14.6702
2.18132e+06,1.45518e+06,899399,604985,500854,359763,835306,454575,798528,12694.1,2617.33,33684,69152.8,49304.4,11360,8452.08,14.6728
1.68596e+06,1.1445e+06,883860,651849,342057,254363,806856,525163,744739,8223.78,497.977,131883,78138.9,39335.7,5819.68,4461.22,14.6818
2.31721e+06,1.50395e+06,924451,604164,509286,361760,844680,468614,773554,6928.03,2498.73,59053.3,51728.7,49152.7,8778.42,5269.75,14.683
1.79807e+06,1.36588e+06,789852,465310,329131,238122,829318,372395,749704,10995.1,1346.3,120819,25851,27939.3,5240.91,2926.45,14.6832
1.3409e+06,949239,847562,421796,291037,203858,856586,298544,847706,15337.8,3997.66,13667.8,29719.8,23480.6,9366.78,6565.78,14.6848
1.84002e+06,1.36896e+06,806459,411660,318652,244381,782348,332882,741993,9380.84,1411.11,56125.9,26600.3,17014.7,5633.77,3253.14,14.6868
1.81805e+06,1.21847e+06,895247,816380,475811,297966,958117,587089,834334,20307.8,2411.38,141127,45371.7,68462.4,9620.56,6756.32,14.6897
1.30475e+06,1.00368e+06,779980,426875,380522,306684,744458,369751,692696,4683.84,-151.535,96701.6,36629.2,12095.4,4779.39,3868.57,14.6911
1.34389e+06,933664,863626,479403,224727,162859,827931,384923,747271,6223.62,1844.77,45846.6,20316.2,24559.7,4835.48,5810.28,14.6913
1.28727e+06,970840,795559,552319,464277,343453,811076,442749,748486,6160.32,2451.6,29463.9,31784.7,10347.1,5751.98,6538.96,14.6957
1.98339e+06,1.39737e+06,851625,429109,368361,263951,837339,325734,790417,11032.2,2868.96,28570.8,48818.1,13193.8,7686.01,5984.64,14.7044
1.66676e+06,1.2562e+06,796100,467779,296081,218759,812074,378098,742315,9731.88,1208.16,112974,27159.7,17003.1,7676.03,3495.31,14.7081
1.65379e+06,1.3069e+06,759262,309333,193538,151360,767196,260399,712751,5963.41,979.935,57198.8,27787.7,9130.43,3507.72,3327.71,14.7122
2.12013e+06,1.4368e+06,885357,504719,414228,283065,878021,385814,784916,13041.5,4299.66,23976.3,44116.6,18656.7,9192.48,4895.07,14.7135
2.13724e+06,1.29661e+06,988999,1.08449e+06,881919,547840,965886,714841,910262,22176.9,4269.36,64413.1,86063.1,50563.5,14879.7,12147.4,14.7137
1.85671e+06,1.3558e+06,821676,478849,311236,229654,813142,389191,738222,9665.67,2036.16,28473.1,49752.8,12975.8,5473.08,3731.06,14.7138
1.33586e+06,873677,917408,629910,470367,329625,856186,458143,824952,16555,2210.3,51017.9,48405.7,19543.6,8041.84,7318.58,14.7168
1.84872e+06,1.31348e+06,844501,493983,368264,267933,824677,397738,745189,6361.63,3158.34,28864.1,43279.2,12917.3,5658.37,4381.05,14.7197
2.04752e+06,1.34063e+06,916369,1.09938e+06,694964,435102,958346,752643,876415,10804,3433.51,393797,105593,32230,12014.2,8651.33,14.72
2.0523e+06,1.60709e+06,766215,472044,278571,206681,808699,383663,738216,8760.32,467.29,63091,66950.7,31610.9,13490.6,5257.62,14.7214
1.47094e+06,1.02102e+06,864394,853841,503173,371245,813220,682396,750744,6241.61,917.801,57036.5,21584.1,16987,5975.43,6037.04,14.7238
2.06459e+06,1.39585e+06,887454,543770,381699,259066,884019,413954,788160,8591.15,-31.4765,24868,33585.8,19912.9,6870.47,4842.09,14.7287
1.82386e+06,1.4317e+06,764347,344329,235144,171347,823397,268707,768857,8675.97,2003.99,61733.5,36676.3,15528.3,5919.78,4931.11,14.7293
2.3955e+06,1.84071e+06,780839,485988,324839,250542,777928,407398,715744,7012.67,1243.5,29708.7,32350.5,6828.28,2846.69,4284.19,14.7299
1.55345e+06,1.07746e+06,865058,606628,335468,237424,847769,469532,775191,8892.82,3907.93,47919,37902,39722.9,8580.16,2956.21,14.7322
1.60739e+06,1.23462e+06,781157,446305,313718,234101,804058,351242,762389,15285.9,1431.56,115755,29702.2,19697.6,5889.57,6569.33,14.7353
1.06826e+06,766562,836147,414580,235912,169645,834374,335470,741492,6165.44,-159.792,111334,24531.6,17570.3,6435.29,2183.33,14.7364
1.40395e+06,1.05665e+06,797211,531196,355236,276402,771129,437216,728971,7159.51,100.464,249742,43241.5,18286.2,6730.57,6143.33,14.7375
1.45338e+06,977059,892500,542538,336034,240524,838254,451753,720576,6282.08,1778.48,62214.3,45284.2,42507,6754.75,4369.16,14.7382
1.48041e+06,1.05279e+06,843706,473572,374046,274378,817949,374592,758541,6184.44,1730,50437.3,21889.4,8344.21,6100.1,4245.35,14.7391
1.24435e+06,909193,821178,400226,186003,138514,805709,336266,714123,6276.69,1928.34,71096.7,23662.5,9590.62,4646.29,4615.2,14.7442
1.54667e+06,1.20524e+06,769972,452524,426465,339830,752962,378466,717407,11102.5,1911.78,215262,31496,18338.8,9098.84,2223.32,14.745
999764,653045,918556,598634,304988,209450,873684,464479,773298,10309.1,1477.99,233863,29531.2,25731.7,12599.9,2288.96,14.7451
2.11374e+06,1.28204e+06,989241,707996,570164,379997,900266,507619,836844,12164.7,2364.92,44830.6,65469.5,72349.9,7971.41,5773.25,14.7467
1.74798e+06,1.30518e+06,803557,339794,220886,171414,773167,284894,715622,5229.49,1692.84,34405.8,23957.2,16787.7,4378.46,3969.67,14.7495
2.17774e+06,1.39063e+06,939604,707062,390154,256404,912982,501262,846338,13082.7,4112.55,66477.5,48063.6,52053.2,9022.55,6844.68,14.7495
1.21765e+06,865226,844390,671678,534449,367851,871737,503906,799765,8509.54,2592.58,44955.7,46625.7,20273.4,6397.89,7070.37,14.7498
1.47469e+06,1.10131e+06,803419,470487,422931,327831,774052,390028,723774,9955.18,328.307,93651,36552.3,16019.8,4515.83,3646.73,14.75
1.57381e+06,1.17431e+06,804120,418487,226291,172482,787182,347424,722725,10062.5,937.322,41072.2,56018.6,13618.1,4882.84,6260.13,14.7519
1.48842e+06,1.0486e+06,851659,604587,500251,383683,782288,483600,750107,7338.35,1124.68,116474,80637.5,49132,7219.84,5529,14.7524
1.77425e+06,1.13602e+06,937089,823921,686348,456665,901774,585551,844252,20340.4,1509.2,493284,44020.3,23913.2,16114.3,10536.7,14.7527
1.20665e+06,853459,848302,637924,556785,428543,779551,516748,740698,9238.05,1925.39,38620.2,25362,10438.8,5204.56,5976.19,14.7565
1.97297e+06,1.36464e+06,867470,563380,435995,328127,797243,446006,757900,7391.63,60.6383,34707,53060.6,43690,6906.34,7117.36,14.7608
1.49699e+06,1.04222e+06,861810,504219,366683,262624,837737,402817,751039,13631.9,2895.46,38321.5,38291.2,20401,7678.86,4601.73,14.7627
2.53575e+06,1.7828e+06,853405,544257,401340,290426,829140,408904,798608,12294.2,1985.99,72304.9,45660.1,16323.3,8787.77,6497.83,14.7641
1.74347e+06,1.20578e+06,867555,496798,305438,207498,883203,389884,764532,10656.7,2401.53,27135.9,31068.5,13987.5,6575.17,3564.82,14.7673
1.1732e+06,902800,779710,509008,327598,228497,860224,372677,819488,10307.4,-50.108,97712.4,37664.9,31082.6,7795.73,4537.78,14.7685
1.66985e+06,1.10635e+06,905600,506072,419042,286514,877531,376398,806708,9119.16,2008.63,44449.2,26153.9,19253.7,7267.69,5313.47,14.7736
2.24642e+06,1.58168e+06,852166,611518,454828,309790,880908,429473,854328,8340.25,2945.98,355661,44970.6,29510.5,9184.94,8517.35,14.7776
2.05795e+06,1.49005e+06,828678,394407,312319,235897,794377,320672,737963,7673.62,616.682,39896.2,42939.7,25428.1,7060.56,5641.11,14.7787
1.71417e+06,1.30163e+06,790163,520875,480456,363657,792708,420945,742437,3243.07,3338.92,1.03132e+06,23088.2,23232.6,4981.69,3589.9,14.7795
1.30987e+06,949978,827302,473192,324412,248862,782150,395207,718396,9420.33,1368.5,60172.7,29355.5,16859.5,5864.73,3667.26,14.7801
1.35181e+06,968378,837570,624217,471292,346486,816123,479834,780541,9651.41,2533.15,174971,49412.7,34795.6,7985.84,7158.25,14.7804
1.40562e+06,769738,1.09566e+06,943559,497601,277715,1.07506e+06,561672,1.00795e+06,3885.53,2162.8,110548,25737.2,27486,7878.7,7363.67,14.7885
1.10671e+06,810939,818835,565118,287363,202382,851943,453001,748499,6650.72,2613.11,61563.7,28707.8,18563.8,5322.59,2381.63,14.7895
1.7015e+06,1.12955e+06,903809,636354,519094,350760,887947,463067,824530,8735.79,772.106,30255.6,61784.3,33382.6,5870.58,4558.5,14.7914
2.41207e+06,1.58481e+06,913197,574725,451863,316314,857116,451367,763979,12222.3,1808.85,67999.3,76288.5,18954.7,8446.45,6735.85,14.793
1.36237e+06,996986,819891,512769,411907,308471,801191,417490,736931,5656.79,2183.13,62514.6,25909.4,10213.4,5284.43,4490.67,14.7936
1.32466e+06,938862,846552,698488,415365,288950,862498,534576,783972,6500.53,492.157,225028,56079,27845.6,7998.8,4649.73,14.7992
1.63257e+06,1.20627e+06,812043,445753,416564,323440,772751,360008,742905,9436.19,1823.7,98486.2,31482.9,10062.5,7595.08,3454.63,14.8036
865157,544381,953550,710210,494101,286381,1.0352e+06,445256,957036,5684.84,871.446,24089.5,51233.3,47670.6,10835.5,6113.15,14.8125
1.30704e+06,909060,862676,530663,408204,288011,850393,411252,774215,5888.55,-166.616,91108.9,24339.8,17504.9,5880.03,3755.5,14.8147
1.69416e+06,1.11981e+06,907738,790064,573147,391056,879384,599324,790956,11161.1,5454.89,30307.6,67129.1,35540.7,10403.3,8427.41,14.8154
1.25857e+06,899468,839544,646481,531228,422131,755066,541765,715972,6483.96,1359.84,24948.4,42578,14515.7,5392.19,5178.28,14.8162
2.12785e+06,1.47472e+06,865731,536480,370135,246591,900604,391884,821387,8341.09,3818.05,22411.3,38896.8,22890.6,9188.38,4515.09,14.8162
1.50485e+06,1.05081e+06,859250,517891,448714,324340,830080,409394,759012,6786.33,339.002,26765.8,28706.2,21200,5165.17,4333.39,14.8227
2.03924e+06,1.59704e+06,766134,471645,295239,220493,803398,386859,731499,11605.1,2633.79,62504.6,39367.5,11415.5,7473.64,6751.43,14.8231
892845,552013,970461,696916,619996,400669,928442,486655,859232,8330.6,725.566,43601.9,37772.5,30064.3,9760.35,6302.22,14.8248
1.70092e+06,1.19818e+06,851756,501821,298133,206905,864551,398670,755242,15665.3,3933.22,65097.5,28609.9,11736.1,8879.96,3781.99,14.8301
1.76341e+06,1.27049e+06,832787,396654,309870,231034,804739,324929,732444,8817.96,69.9483,90192.3,30893.9,11204.6,7796.5,2498.35,14.8326
1.57597e+06,1.09304e+06,865097,593498,324013,224989,864078,466838,762789,6743.36,1114.96,71668.8,29436.9,30872.5,7415.92,2999.8,14.8354
2.0964e+06,1.40183e+06,897281,578082,374040,263261,852477,459920,754151,10988.1,3121.7,18358.7,24518.4,11155.2,6071.39,3961.67,14.8376
2.63305e+06,1.98497e+06,795897,419293,218307,159982,818742,336082,748555,8007.32,2101.67,114424,28377.7,17339.5,8923.24,6822.78,14.8391
1.14988e+06,715753,963916,566674,486196,293367,994377,361824,939695,7943.41,2084.17,56545.8,46609.5,17992.7,5719.58,6148.46,14.8463
1.31223e+06,968516,812931,546270,339740,258948,787200,443481,739067,9508.83,1220.83,5054.6,53289,16962.3,7016.21,7952.43,14.8488
2.48317e+06,1.73959e+06,856466,445279,343465,245672,838839,353293,756220,5833.7,1111.89,46433.2,20333.2,31388.7,9276.66,5478.6,14.8496
1.73096e+06,1.23666e+06,839823,531079,308488,224917,822938,433908,734366,7393.28,2631.5,64343.9,74831.6,46317.9,7616.33,3573.3,14.8497
1.29762e+06,919712,846540,531082,377901,283474,799864,417414,763389,14213.5,3337.78,13763.5,40014.6,37858.7,7544.51,10507.9,14.8499
1.49805e+06,1.07818e+06,833655,591020,468774,313265,897848,432906,819142,8982.4,1763.81,113557,66720.4,28584.9,7946.37,6360.7,14.8503
1.72206e+06,1.1177e+06,924429,716666,468254,298169,942259,527602,815007,12527.8,4323.63,71152.2,36673.6,22646.7,10424.8,7031.12,14.8533
1.43557e+06,998494,862642,542685,482063,376483,768262,441474,737554,9399.62,3101.52,114617,25593.9,17134.4,5164.83,4385.59,14.8577
1.82534e+06,1.36453e+06,802622,474023,349527,252238,831421,380296,747875,6065.22,429.437,123411,40748.6,30363.2,6906.56,4986.91,14.8603
2.09588e+06,1.54945e+06,811600,419804,342822,248252,828566,334482,753053,8946,3143.87,31925.4,42264.7,15656.8,8882.05,6724.72,14.8617
1.49528e+06,1.15257e+06,778407,420608,277779,210616,791332,344009,733599,5029.34,769.76,61290.3,31168.7,11031.9,4965.91,2656.65,14.8666
1.43679e+06,986461,873905,462219,317465,209311,910028,344448,805147,9914.54,2019.06,81907.7,42508.7,21896.2,6210.49,3163.69,14.8669
1.74697e+06,1.26847e+06,826337,491442,350337,259455,810168,405051,727971,6872.1,982.384,16306.5,26722.2,17275,6211.06,3757.99,14.8671
1.0385e+06,743031,838593,521298,302864,226066,803828,414744,754150,6260.48,1636.89,107330,28421.4,8152.95,4099.84,3013.21,14.8677
1.60403e+06,1.19954e+06,802320,404731,237004,182449,779410,337929,718608,11636.8,260.374,120204,31846.6,12791.1,5880.11,2706.2,14.8678
1.86022e+06,1.14686e+06,973209,814414,632396,393073,965310,571408,855166,21360.3,3228.85,29352.5,43467.4,17003.7,10372.8,7171.73,14.8696
2.58877e+06,1.6699e+06,930149,782509,519603,344420,905179,581180,807848,12715.6,2474.23,145876,70565.7,42742.3,9983.75,10425.2,14.8717
1.37484e+06,1.06084e+06,777596,407324,287965,226842,761671,330414,739660,4607.31,-260.255,41669.4,29988.3,14666.3,4207.67,5584.18,14.8723
857886,594599,865679,737362,381882,275157,832721,608862,726629,6946.08,1760.29,164619,31039.2,15385.6,5687.74,3704.38,14.8728
1.36555e+06,847935,966265,1.08699e+06,610458,385059,951217,744795,875672,9941.56,936.44,94381.3,42054.5,228847,10957.2,10565.9,14.8797
1.64861e+06,1.32247e+06,747971,363403,219691,159036,828836,274848,793317,13417.1,1977.76,108606,27366.7,13173.7,5736.13,6202.01,14.882
1.9071e+06,1.41731e+06,807345,434507,292588,210778,832881,325773,800263,18749.1,3545.39,30866.6,42584.2,13619.2,8014.29,5426.06,14.8829
1.34575e+06,959490,841543,583659,431590,303623,852879,436325,802602,9099.54,3717.03,108234,55891,27285.4,10026.7,5209.93,14.8853
2.06867e+06,1.46105e+06,849531,287732,162420,116540,836211,231715,745050,3642.14,-858.124,52519.8,42055.4,24880.8,5984.71,3952.78,14.8937
1.35051e+06,927863,873303,690267,469765,331704,849731,530612,780533,9064.99,2979.71,55602.7,38426.9,29131.4,6618.8,4219.01,14.8948
1.57428e+06,1.04613e+06,902915,526922,260901,174387,897662,383213,825007,18808.8,5113.24,128077,32004.4,22843.4,11313.2,4294.75,14.898
1.99798e+06,1.28968e+06,929524,934643,827645,533823,930247,638437,878373,16323,3100.48,53141.6,55799.2,28770.7,10212.2,6283.97,14.8989
1.121e+06,727061,925098,475374,374621,261122,860795,346136,824025,5579.22,443.802,32984.4,30702.9,26772.1,3911.95,4328.19,14.8999
1.28874e+06,922410,838284,555913,308286,240682,768530,462128,721765,9721.27,1225.78,56996.6,28228.3,15771.1,6077.97,3469.66,14.901
1.68112e+06,1.19181e+06,846341,494960,309206,225066,824306,398734,744797,8848.61,2978.43,72743.8,29552.6,9756.73,5910.32,3786.86,14.902
2.2375e+06,1.49794e+06,896231,637986,405659,260222,935337,446276,857747,22928.6,4463.49,52975.8,61823,48467.1,10167.6,5782.36,14.9026
2.01826e+06,1.41358e+06,856655,661015,509041,360203,847924,503426,787820,12437.6,2540.72,107581,66327.7,20262.4,10351.3,7523.72,14.9065
1.58048e+06,936216,1.01289e+06,904719,658410,396989,995106,596542,909964,20016.6,4925.13,84709,110695,55635.6,14756.1,7626.74,14.9082
1.87399e+06,1.21789e+06,923234,994728,716608,430164,999537,672408,887611,15729,2711.54,239953,58484.2,30350.2,12604.8,10464.2,14.9111
1.34158e+06,1.02969e+06,781737,465491,298365,237706,753110,393733,709350,7237.42,327.623,60301.4,23722,19449.7,5548.13,4051.56,14.925
1.39499e+06,1.01555e+06,824179,493190,252697,187400,809063,400182,739448,9230.04,3639.2,28283.1,27886.5,9463.19,6752.45,4703.63,14.9284
1.49223e+06,1.12148e+06,798356,400904,202174,144393,840101,319262,753432,12616,736.663,46093,21369,18392.8,5864.63,2868.54,14.9335
1.30875e+06,904287,868366,701453,483306,327493,885466,525556,800812,13449.6,4786.52,483892,49625.2,17175.7,11014.7,5885.54,14.9354
1.34911e+06,991653,816282,629191,457907,323197,850084,484273,779549,6766.81,-28.763,150404,44576.1,20955.6,7597.83,7878.96,14.9392
1.83593e+06,1.48586e+06,741360,443501,321153,245920,783554,372128,715079,5218.58,4739.82,1.126e+06,78764.6,14021.1,4667.91,4738.2,14.9397
1.90641e+06,1.34748e+06,848878,450282,352705,253737,834024,360616,749189,8565.98,711.325,54231.6,33604.2,13556.4,6477.7,5247.2,14.9399
1.62681e+06,1.03344e+06,944501,831279,481520,316046,914145,572442,871297,11559.6,3214.77,65748.5,27452.2,24784.9,7188.17,7431.7,14.94
1.8191e+06,1.22766e+06,889062,683142,403538,274806,881069,497245,824312,13311.1,1328.36,88722.7,43361.4,44172,11671.3,4450.98,14.9406
911997,590824,926161,573841,373263,273033,820259,446636,770885,6226.87,579.807,95075,23129.2,20519,4422.91,3307.88,14.945
1.85362e+06,1.12286e+06,990483,1.04658e+06,645556,416061,930953,747282,840312,24120.1,2426.63,115882,44434.1,25459.1,10217.8,6925.16,14.9458
1.84159e+06,1.41184e+06,782637,350814,281868,218711,773261,279976,751808,9546.95,1386.77,113833,63656.3,19267.8,9129.32,2899.15,14.9464
1.63059e+06,1.04563e+06,935660,890728,471471,323425,874647,679297,786750,5393.8,926.423,115319,43860.6,43356.7,8647.78,6282.45,14.9509
1.98793e+06,1.63572e+06,729195,297645,239193,198960,721330,259048,689398,5405.37,1158.92,1.11467e+06,42345.2,8560.93,3418.13,2669.41,14.9616
1.11644e+06,856207,782365,543116,363504,283292,769885,446350,730076,4721.21,-212.909,66604.9,42007.1,48941.1,5428.01,8195.85,14.9682
1.07373e+06,737505,873537,628795,485166,351241,828775,507089,744005,5432.25,1228.46,116923,24785.4,12533.5,8244.49,4630.9,14.9694
2.06126e+06,1.52576e+06,810583,372323,279016,198028,845385,298833,747553,14138.6,520.062,23564.8,27964.2,4041.74,5811.33,3507.92,14.9706
1.29418e+06,811799,956531,995945,506146,305804,993079,684792,872625,19556.6,3301.1,48610.8,56012.1,25546.7,10013,7424.96,14.9715
1.35574e+06,975915,833520,516696,373594,277125,808863,395592,783680,8534.01,1856.45,59449.9,32430.1,17741.7,7647.19,6546.78,14.9721
1.72725e+06,1.12805e+06,918705,880282,459089,304274,905281,631702,836105,19204.7,5055.4,132294,42578.5,38226.7,11933.6,7081.97,14.9816
1.77969e+06,1.35972e+06,785316,414711,296267,215862,823489,329221,755804,15231,13.8569,103761,44515.5,14110.5,6420.76,3362.1,14.9825
1.92165e+06,1.43475e+06,803618,428810,346959,254552,817810,338733,759554,7894.65,3359.56,50987.3,27685.6,10026.5,6490.6,3583.98,14.9832
2.71949e+06,1.67255e+06,975571,652047,531449,354469,899570,456205,857570,15865.3,2958.08,107930,51490.7,22823.2,9985.01,5781.62,14.984
1.44151e+06,1.04176e+06,830236,746127,459722,343136,803859,595937,751214,8175.62,1035.67,127340,38294,17781,6434.4,5262.2,14.9845
1.70839e+06,1.35022e+06,759163,477406,439549,331390,795828,377361,759071,9697.51,1774.98,29690.1,31760.4,13873.7,7301.11,3585.81,14.9856
1.63763e+06,1.15513e+06,850623,613234,539887,390471,829593,469947,782940,6341.77,1304.06,25920,68532,36580,5313.54,6649.21,14.9866
1.64695e+06,949727,1.04048e+06,1.14054e+06,702614,436950,964797,768261,890743,8764.8,2140.95,205428,72089.2,30914.3,10092,7998.99,14.9872
1.10169e+06,798142,828189,390828,303601,232072,784932,307402,762835,5644.7,801.459,111430,19464.2,11615.3,4606.43,4307.88,14.9883
1.8838e+06,1.34769e+06,838681,543811,423328,297499,853774,424441,768745,7266.81,1936.37,54795.7,43223.1,10494.3,7345.62,6119.7,14.9893
1.1217e+06,818041,822723,500163,418491,303689,826814,386419,776613,12365.2,1840.9,46182.8,42774.9,25488.8,7639.76,4381.29,14.9899
1.77073e+06,1.28482e+06,826912,554179,448413,337719,796661,448950,740634,10558,1129.64,79737.8,27354.8,8469.62,6148.15,4095.57,14.9902
1.60144e+06,1.25063e+06,768307,371859,279749,216566,775049,290092,769119,6405.15,3713.34,102628,29463.1,10715.8,7045.24,6573.69,14.9908
1.3455e+06,946975,852504,478404,459789,339707,812093,363274,790155,10215.9,827.906,124062,30421.1,11256.2,7680.1,5975.47,14.9982
1.6471e+06,1.2046e+06,820405,660791,578368,420789,824690,504028,786613,7389.46,1574.78,59211.1,48862.3,24469.1,6977.67,11674.6,15.0015
1.23819e+06,861774,862076,547036,422618,297252,853049,435853,753056,7479.25,1925.09,32595.4,28724.9,9021.68,6308.84,5269.31,15.0036
1.57688e+06,1.1739e+06,805974,487909,301572,220480,820678,393274,744380,13216.1,899.99,142240,34783.6,11171.9,5770.64,3400.62,15.0038
2.34214e+06,1.57505e+06,892216,672691,407111,258061,946546,466236,865688,6940.95,222.778,96701.9,29966.3,22028.8,6235.54,3461.19,15.0072
1.94303e+06,1.3656e+06,853703,491699,407265,283905,860708,371594,793930,22428.4,4006.16,15712.7,45646.3,27030.7,7287.31,5646.92,15.0073
837496,555132,905185,445795,329692,215137,919484,322585,829167,8812.42,109.66,52056.1,27726,13233.8,5417.63,4010.21,15.0078
2.30658e+06,1.49126e+06,928037,508016,370278,272423,815521,416516,731808,8150.57,1460.36,48837.7,47893,57016.8,7399.21,4849.3,15.0082
2.11271e+06,1.49425e+06,848335,719304,519941,339387,919201,526916,819073,18339.5,2486.48,103801,52297.7,35748.4,9677.32,5027.71,15.011
1.7624e+06,1.17073e+06,903226,806311,496077,319874,930511,591485,817919,17965.5,4103.07,33499.7,60476.8,33844.4,13049.3,10139.5,15.0168
2.05922e+06,1.67624e+06,737086,246169,124069,101305,734825,220129,670977,1656.18,867.497,1.62056e+06,48330.6,8902.02,1649.4,2124.41,15.029
1.32677e+06,966011,824068,586459,446650,322862,830045,466677,754002,16171.1,5121.99,24657.5,35797.3,14697.4,6457.22,4333.35,15.0393
1.19857e+06,757105,949861,428545,233582,160839,871362,323523,794772,8847.09,1773.61,21889.8,71255.4,22387.7,9946.36,5161.18,15.0482
1.40138e+06,821289,1.02379e+06,1.05231e+06,756613,458417,990294,721682,874880,15710.7,2289.63,194575,55102.6,45078.9,15973.1,7840.59,15.0521
1.56874e+06,1.24232e+06,757652,537122,422558,316833,800216,407095,791642,11282.1,1293.54,1.02172e+06,53443.8,15318.6,5645.99,3367.73,15.058
1.50673e+06,859189,1.0522e+06,796409,561733,354043,951974,578754,825645,9957.95,1480.07,95078.6,55076.2,20496.1,7578.44,9921.01,15.062
2.60212e+06,1.79469e+06,869938,591765,437522,313907,836276,474320,748564,8702.92,1154.74,50263.6,34468.7,28188.1,6161.06,10771.3,15.065
1.13608e+06,840293,811203,443208,381651,289532,790899,362973,732630,7477.2,238.729,61991.9,23049.8,10300.8,6291.5,4643.3,15.0657
2.22237e+06,1.40908e+06,946306,654653,372417,240343,929715,476115,824993,6110.73,1922.08,49436.9,60963.5,73853.2,8790.74,2951.85,15.0678
1.47919e+06,1.13768e+06,780111,571550,347763,255951,815225,459766,745879,8867.66,3389.81,33454.3,44434.6,18163.6,4508.06,5998.02,15.0733
1.62407e+06,1.19194e+06,817524,538282,432990,321690,807591,428699,753371,5207.68,2913.27,213183,31024.2,20845.3,7781.6,5099.61,15.0756
1.69195e+06,1.05031e+06,966539,869202,482314,324695,891262,649380,803106,4595.85,312.854,53791.2,43018,51119.7,5044.75,5402.24,15.0773
2.00229e+06,1.38862e+06,865154,443173,307618,220118,838507,340874,780064,8367.69,1227.66,46859.3,201519,27692.3,7445.72,3955.76,15.0815
1.78583e+06,1.25927e+06,850887,870350,757367,535949,847879,652043,800883,10900.5,2497.79,60689,75547.6,46676,6930.23,11089.5,15.0817
1.59762e+06,1.23331e+06,777236,474674,415004,326511,762616,394313,722280,7608.06,390.66,140665,27655.8,14365.9,8576.19,4135.37,15.0823
2.06692e+06,1.46455e+06,846782,517448,420773,323192,781157,427816,725707,9512.65,763.437,114560,50090.5,16322.3,8695.14,11755.9,15.0824
1.73568e+06,1.25396e+06,830492,611640,540028,417732,775657,505682,725721,10478.8,1423.57,76980.5,35929.9,16689.2,5755.65,7143.52,15.0873
1.65319e+06,979296,1.01288e+06,688533,553527,359611,923543,494299,835770,12322,1389.1,28405.9,45025.6,42723.7,8572.12,8235.13,15.0912
1.61553e+06,1.27775e+06,758614,494109,412380,328660,752838,403623,734511,6162.14,4254.17,123365,32486,10192.9,6398.81,3509.82,15.0931
1.85871e+06,1.36903e+06,814607,365559,317237,233816,814069,296609,739476,10239.2,592.377,29695,42413.4,17134.1,8640.44,4202.74,15.0956
1.0534e+06,803514,786598,419902,356989,272855,785008,338199,744950,6062.16,-244.075,32164,24744.2,9562.83,4966.62,4348.03,15.106
1.61901e+06,1.25817e+06,772078,834717,551126,380933,868067,624047,802552,12437.9,772.008,727016,127261,48100.6,13706.9,8341.75,15.1064
1.40606e+06,1.04292e+06,808917,485879,416888,320729,779888,395600,736924,12577.1,3468.55,46310.2,38344.2,24644.3,6124.99,4413.99,15.1126
1.89136e+06,1.2884e+06,880794,770537,509562,348272,877870,581549,794984,6572.35,4947.99,311379,33850.5,50989.5,10053.6,8952.31,15.1135
1.71117e+06,1.15967e+06,885343,692811,494452,340056,872418,532161,781129,9706.88,3450.36,48731.5,42064.8,16800.5,8601.56,4481.05,15.1139
1.69132e+06,1.27444e+06,796262,438255,234648,167469,840685,363441,723509,3669.27,3659.22,1.79075e+06,25754.5,4206.51,3775.62,2599.92,15.1153
1.5768e+06,1.03156e+06,917137,641062,442929,291692,911089,468784,820500,11919.7,5074.15,251993,53624.6,36327.7,7909.61,4869.84,15.1168
2.17504e+06,1.69626e+06,769354,448990,234364,177308,793074,371927,724320,10674.5,-55.8499,65836.9,71873.6,29326.6,4965.16,5512.06,15.1185
2.65951e+06,1.79138e+06,890767,763832,568182,389577,875076,543379,843425,5578,2868.24,50033.6,54401.6,34561.1,7624.32,11920,15.1193
1.87755e+06,1.45724e+06,773058,455711,278633,220832,757046,377807,723720,4637.85,573.73,194785,41818.9,48672.3,5145.84,5058.08,15.1207
2.179e+06,1.44803e+06,902880,766041,620341,427428,870801,587528,782303,11610.9,2519.14,128061,150199,42757.8,7836.92,6879.5,15.121
2.90635e+06,1.95307e+06,892857,806348,625056,419426,894160,587156,823987,8811.74,786.786,49046.4,32623.5,15672.8,7034.99,6462.12,15.123
1.48359e+06,1.0499e+06,847845,606641,489437,346925,846471,475128,766076,9591.44,638.77,52597.4,42748.7,40758.2,9141.69,3819.5,15.1243
1.60015e+06,1.16201e+06,826233,629486,494956,343576,864360,471909,800348,10202.5,5234.83,72646.8,29238.3,28704.5,7262.07,6533.32,15.1246
1.63308e+06,1.09871e+06,891815,629757,495642,323509,919249,438283,862124,8913.41,1975.1,88642.7,29435.3,25191.9,5162.62,4940.8,15.1344
1.17653e+06,796426,886361,758948,374324,238039,943518,544914,835672,13178.1,4487.65,30221.6,36454.2,21662.7,9970.08,6924.43,15.1358
2.00746e+06,1.47087e+06,818887,504660,323434,255934,758243,436499,693693,7852.61,2097.72,58987.5,74755.4,13349.2,6272.63,3365.77,15.1365
1.24461e+06,957937,779559,332682,151240,117905,769634,283181,704882,2905.55,2491.89,1.21112e+06,21528.4,3374.67,2361.53,1417.09,15.1365
1.70084e+06,1.2535e+06,814123,553448,423973,323442,786489,444508,747048,7686.65,1862,58637.6,42148.5,23452,6587.04,5193.69,15.1369
1.67342e+06,1.25381e+06,800801,608890,399656,281384,852193,460714,792973,15858.1,2912.62,61854.7,35901,24238.5,8139.65,5226.41,15.1405
1.71967e+06,1.34815e+06,765349,423973,344074,260674,791964,345088,737156,8603.25,724.579,138452,40283.2,11293.3,8487.92,4281.3,15.141
1.44846e+06,1.00409e+06,865536,590211,492562,367523,804132,470866,752075,5942.67,626.775,52216.1,37797.6,24112.1,4644.44,4844.81,15.1421
1.74831e+06,1.13856e+06,921329,627396,405515,241089,1.00921e+06,400736,939365,21036.4,2778.55,114663,78113.3,37028.9,14433.6,6302.68,15.1451
1.91526e+06,1.29429e+06,887869,727437,438860,299262,879884,553666,788313,6278.07,1430.48,73527.3,47173.1,52104.5,7505.14,10125,15.1458
2.89843e+06,1.97492e+06,880571,678035,576808,409372,845404,514476,790748,7558.27,1756.09,90543.5,67995.5,28728,8206.77,8918.26,15.146
2.26254e+06,1.51746e+06,894602,718848,637845,457935,835724,539148,799983,8869.01,3903.13,32245.9,31235.1,18590.2,8500.63,11203.2,15.15
2.04454e+06,1.55015e+06,791359,445651,328363,255170,772103,360881,740938,12258.7,2267.38,49725.7,38488.7,9270.93,8067.89,4020.24,15.1535
1.73344e+06,1.29725e+06,801746,480922,470472,339096,832457,373313,772953,11366.7,3382.31,20617.2,32773,14716.9,6460.03,4153.27,15.1538
1.6043e+06,1.0308e+06,933816,805076,522509,339975,922143,601523,803037,7759.98,2395.55,101015,51674.1,44594,7133.61,9900.94,15.1557
1.66597e+06,1.10358e+06,905767,603423,324901,240618,810167,485586,745602,4392.51,2892.12,59056.8,28314.7,16936.5,5519.84,9310.09,15.1645
1.27913e+06,827790,927143,548312,409012,269245,911465,400946,820528,21274.3,2434.75,144210,41653.6,21351.7,12100.5,4224.89,15.1665
2.13823e+06,1.66946e+06,768477,365418,252071,191400,790191,291399,752408,8163.4,623.875,33040.2,40793.4,9120.45,7049.81,3824.23,15.167
1.85535e+06,1.38121e+06,805967,454799,393395,309127,763560,382561,713296,4284.37,-322.784,119182,41244.6,43399.5,6804.84,5899.17,15.1683
1.6061e+06,1.19851e+06,804052,434891,297436,201618,885147,318179,820087,12892.6,441.356,89656.8,55201.5,24974.3,5652.81,4378.92,15.17
1.58111e+06,1.16241e+06,816121,516319,389734,293924,795580,430408,719763,10314.3,-422.053,224859,30040.2,13199.8,6577.01,5389.53,15.1713
2.01821e+06,1.44156e+06,840012,571262,490314,333777,881392,429575,797898,17115.3,1855.71,22568.7,38781.8,35023.5,7687.52,9617.56,15.1717
1.99223e+06,1.54276e+06,774804,563463,398405,302279,790803,450696,750124,8428.43,2208.59,137211,52467.6,20588.8,8943.04,7368.72,15.1758
1.88054e+06,1.22084e+06,924216,694854,363205,238230,914759,494053,843861,24191.8,3055.72,127786,31908.9,16692.1,9994.57,4099.11,15.1775
1.88867e+06,1.27031e+06,892064,529804,383337,262402,876527,404151,786544,15524.8,3464.7,45974.9,62272.7,19307.8,9012.1,4509.25,15.1878
1.74475e+06,1.16848e+06,895905,558295,323247,220771,878505,425192,787825,6482.67,620.237,137499,18595.3,38674.2,6574.71,3270.49,15.19
2.30008e+06,1.73014e+06,797652,684935,574805,425471,810592,545070,753960,6380.45,2380.49,65372.2,49773.8,27878.2,7388.29,10809.5,15.1918
2.13086e+06,1.63282e+06,783009,404715,284497,210660,810301,312394,777317,18959.6,1254.82,23107.7,29386.7,15074.8,6110.91,4893.99,15.1923
2.60672e+06,1.86978e+06,836479,582793,408036,275958,887169,420680,831215,7560.89,2567.12,33263.9,59132.7,21373.8,10239.2,6127.17,15.1935
1.83231e+06,1.45408e+06,756071,438495,262331,192293,818536,340774,772057,12851.4,1366.61,69311.4,32429.3,21537.9,6182.4,4771.41,15.1957
1.0281e+06,715067,862662,492540,270216,196196,826366,394241,749603,6943.8,2448.2,27291.5,22711.8,10351.2,4826.97,2137.01,15.1975
1.90724e+06,1.43825e+06,795648,425370,293051,212709,826626,327402,779538,13746.4,3779.85,60539.4,31253.8,11159.8,6774.64,3804.21,15.2026
1.62555e+06,1.27488e+06,765041,464300,315165,226604,834491,362927,767592,10518.7,97.0357,66921.9,56877.3,29599.7,5941.72,6006.27,15.2111
1.77941e+06,1.20631e+06,885052,450550,351920,239274,882470,346779,779546,18526.1,4726.17,23847.5,34168.6,12089.1,8553.78,4266.39,15.2152
2.25211e+06,1.30408e+06,1.03618e+06,800218,674339,462685,874468,584059,822058,8903.04,1571.36,66413.3,59011.6,28755.2,12722.1,4773.08,15.2152
1.50901e+06,1.09767e+06,824847,826728,536160,380068,846417,623129,796042,8361.42,1226.87,201054,44380,52504.7,6989.74,8866.99,15.2194
2.25515e+06,1.60896e+06,840968,485403,365126,266980,820570,370393,786305,15729.1,1591.61,28191.6,49204.8,44083.6,6732.23,8286.36,15.2206
1.54334e+06,922381,1.00393e+06,925286,512079,324197,947718,648902,855556,10523.4,207.48,101635,194153,53875.6,9121.71,7519.29,15.2224
2.00065e+06,1.34734e+06,890933,714260,619799,418407,888798,513630,834368,11793.6,5173.91,28291.2,60754.3,59596.5,11209.8,7784.91,15.226
1.29161e+06,934650,829152,413317,350977,276711,761032,325872,761004,10418.9,3939.94,15727.2,30318,12607.5,6478.32,3034.14,15.2321
1.64136e+06,1.20781e+06,815371,586995,517651,368917,841898,449571,783407,9823.87,1755.72,66046.2,36859.1,30253.5,7905.8,5108.37,15.2322
1.7309e+06,1.22461e+06,848060,578386,346479,256377,810866,458925,756184,8643.18,4838.67,30958.2,27377.8,28187.4,8186.8,6255.47,15.2335
2.23194e+06,1.67127e+06,801285,490337,384313,292119,789363,397362,740388,9904.81,1194.74,33049,43689.2,20353.3,5650.39,4580.05,15.2369
1.79228e+06,1.20868e+06,889699,654603,434812,304387,857090,494668,793990,6672.79,842.748,180153,77929.1,36341.8,6719.51,3763.57,15.2384
1.95134e+06,1.43796e+06,814212,513846,330048,253971,779730,421190,731991,5456.16,1272.1,158907,38702.4,26179.6,5696.3,7570.08,15.2427
1.99799e+06,1.47718e+06,811543,391799,277318,200896,828244,316733,742201,11303.1,-156.237,58500.9,30591,36569.6,6249.44,5942.19,15.25
1.58999e+06,1.09707e+06,869586,482617,420281,314719,801250,385695,750775,13594.3,720.29,82636.1,37112.1,25089.2,7514.02,8198.25,15.2554
2.32805e+06,1.64617e+06,848536,682170,410754,275253,895366,521093,785469,10851.1,3694.47,101710,48308.4,34756,8243.42,6798.45,15.2558
1.42869e+06,1.04545e+06,819945,453998,240641,176276,819081,371370,733497,9942.78,2875.42,102001,27487.2,16899.2,5644.49,5838.5,15.26
2.34808e+06,1.76695e+06,797335,441069,383487,293988,782658,353015,749660,6521.1,976.752,48205.1,28237.2,145105,7854.11,8319.97,15.2635
1.65305e+06,1.15122e+06,861543,471711,415351,299370,832450,357117,792532,6083.71,704.866,29312.3,27775.1,9437.97,5140.05,2279.91,15.2679
1.16938e+06,870132,806344,637707,384836,279154,827149,499720,765677,5433.68,2586.32,973972,29217.8,14339.3,8124.3,5105.94,15.2684
1.17787e+06,850432,831013,519066,460851,320974,861473,386008,806822,8995.16,1691.83,56337.1,34746.2,11380.9,6289.01,4312.5,15.2697
1.68445e+06,1.2725e+06,794243,437132,342198,263067,780482,353404,742151,9036.96,2159.68,49184.1,37507.6,8292.76,7149.06,4943.63,15.2738
1.40739e+06,952680,886377,718109,380275,259576,878991,532484,809162,9022.66,2302.16,156490,36455.8,24126.5,8875.91,5975.26,15.2745
1.83484e+06,1.49282e+06,737469,439921,332469,267064,746942,361557,730044,15027.4,-279.223,278670,44008.9,8885.59,6375.3,3265.43,15.2759
1.93736e+06,1.44277e+06,805680,519351,433891,323088,805770,423618,735593,8281.14,415.773,174839,54440.6,75887.3,5958.19,4212.69,15.2765
1.46516e+06,1.07203e+06,820032,558860,392772,284730,827672,446027,751785,7371,1411.28,41256.3,35808.4,14814.9,4808.14,3468.61,15.2769
1.99374e+06,1.39671e+06,856476,386133,323840,232729,834895,308572,750813,18109,2829.49,23731.5,30106.2,10707.3,9129.44,3379.44,15.2773
1.36256e+06,918815,889770,944116,544681,373305,875447,700960,808134,14072.6,4268.87,113699,106460,52764.3,10577.6,5408.51,15.2774
2.0908e+06,1.66106e+06,755232,248093,166227,122873,811702,200851,741127,6939.43,1707.16,75826.9,19076.7,4043.84,1463.88,1399.79,15.28
2.52547e+06,1.51158e+06,1.00245e+06,914474,736124,476651,926620,661351,829642,12316.6,4447.48,69950.9,48523.8,40435.6,11289.5,12590.9,15.2823
1.75874e+06,1.22527e+06,861237,541661,436985,303313,864425,417905,777680,17073,4535.58,9677.9,24720.2,13112.1,6131.36,5702.42,15.2833
1.40445e+06,1.03891e+06,811109,403119,233713,177720,789037,348442,694151,4079.18,-128.411,56749.3,18541.6,19446.9,5164.8,2471.16,15.2859
2.21848e+06,1.70139e+06,782354,373006,302048,234057,774295,317377,705167,12824.8,725.182,48307.4,24375.6,7496.64,4919.86,8706.96,15.29
1.67347e+06,1.40425e+06,715029,339952,212426,169150,753506,296820,687188,4850.62,1965.52,1.3544e+06,29413.3,1618.48,4410.35,2241.81,15.2949
1.48202e+06,1.04063e+06,854493,450465,238627,168610,849156,355753,759737,9818.18,2964.49,37127.2,42896,26352.6,6067.64,3673.1,15.2983
2.02724e+06,1.18476e+06,1.02666e+06,822636,506965,304035,1.00047e+06,525121,939939,13766.8,5262.87,61131.6,37195,20137.1,9907.24,6924.98,15.3
2.12399e+06,1.33322e+06,955876,972062,574693,352770,977452,695020,839166,26783.3,4525.91,97820.2,71621.7,26524.7,12548.2,7607.96,15.3024
981102,636377,925020,716684,632735,440043,862736,521115,825174,8353.03,480.724,92632.7,42472.9,58908.8,5859.11,7363.04,15.3103
1.33795e+06,904849,887187,626864,526752,365256,865287,460576,816626,13205.6,1207.26,86815.8,56039.7,39412.1,8723.57,5563.25,15.3126
2.50455e+06,1.80883e+06,830773,845486,662631,474936,837120,614805,825126,9972.21,1963.91,45288,59450.6,42511.5,13390.9,8622.65,15.3172
2.5524e+06,1.58229e+06,967865,781426,570860,371974,920806,586074,799994,11432.1,1641.68,148593,63348,26902,11006.9,6429.22,15.3184
1.37969e+06,993350,833355,663374,638532,469732,815612,515363,772318,9955.01,1412.07,133230,42944.7,21267.2,7059.19,5492.09,15.3207
1.88129e+06,1.36294e+06,828190,435494,256694,181082,850533,347947,750966,6504.47,1927.8,32908.7,26644.9,12654.2,8532,5215.92,15.3235
1.64275e+06,1.28387e+06,767720,469675,328072,246261,799329,369186,763314,5044.48,74.343,56414.4,35224.2,12100.9,4905.16,6140.68,15.324
2.12044e+06,1.52478e+06,834391,466167,347697,274463,760096,391882,713736,4967.64,470.376,34157,38503.4,26136.6,5499.07,7614.49,15.3244
1.31172e+06,974802,807378,677982,469069,336534,836294,520121,782106,7774.48,658.568,197022,41021.8,20307.4,10502.5,4442.25,15.3264
1.40303e+06,887554,948471,507610,432560,296242,876095,369875,823429,14293,2647.37,59501.9,38160.8,24357.9,8113.15,4391.08,15.3305
1.33462e+06,961348,832967,526825,337987,240937,841682,408407,773970,7325.38,668.182,53586.7,24799.8,23055,4483,3615.79,15.3307
1.94616e+06,1.43339e+06,814641,414262,343481,259336,794677,336154,739415,10312.9,289.736,4610.6,21680.8,18104.8,5049.93,7271.64,15.3327
1.55743e+06,1.16805e+06,800018,672868,432870,256541,1.0124e+06,446181,904836,8123.8,2034.87,897657,36395.2,28647.3,8471.06,4452.03,15.334
1.36233e+06,863550,946554,408589,303425,193299,941832,282234,868617,19130,4289.49,66742,35886.4,14646,7604.81,5382.12,15.3364
2.39862e+06,1.60789e+06,895066,507093,386342,266710,869128,396542,767272,12390.9,2736.69,25067.9,32989.7,8730.77,8658.71,3754.54,15.3368
1.45102e+06,1.02742e+06,847378,620050,406055,299207,814262,491959,756221,12159.1,3533.24,34925.4,29357.6,21909.4,10302.3,4168.01,15.3376
1.72312e+06,1.31198e+06,788024,457136,292289,212749,824322,360973,759839,14717.8,865.353,65038.6,26262.3,15503,7639.77,3013.15,15.3385
1.97599e+06,1.50627e+06,787104,368698,318070,255977,745545,298177,741905,7260.51,1315.24,28641.1,48436.6,28291.1,7363.95,6818.14,15.345
1.53885e+06,994285,928618,774737,396598,270195,880693,584174,795726,13554.8,3218.88,28837.4,36193.3,24443.1,7438.62,4088.76,15.3518
1.47827e+06,906723,978204,417328,271563,163289,997850,267973,934412,9418.29,-206.99,39567.7,41286.8,32001.4,6575.44,3347.8,15.3529
2.79169e+06,1.85171e+06,904575,636953,485602,334421,871242,482201,792557,10817.1,1272.64,66513.7,130356,45227.6,9492.96,5762.37,15.3571
1.97696e+06,1.34813e+06,879870,702265,567492,372464,914170,501433,840310,28313.5,4046.36,119474,61205.2,38360.4,11288.4,8803.33,15.3584
1.60678e+06,996990,966979,657683,466538,307472,910400,474919,830899,6411.45,455.737,115867,60361.7,42527.4,6237.67,7467.18,15.3612
1.46348e+06,1.08958e+06,805893,361938,177655,140013,761306,314003,691594,5023.33,1443.12,61373.5,12366.3,14070.5,4053.97,2369.3,15.3613
912702,661134,828306,468661,390350,273376,856731,345009,815041,13846.3,940.748,103064,26479,17166.7,6282.36,4287.25,15.3631
1.57566e+06,1.21468e+06,778304,324872,215572,167251,773348,263811,738876,14989.7,1341.25,28281.6,37673.2,16055,6154.04,7800.54,15.3699
2.15468e+06,1.76027e+06,734435,289066,162364,132636,734481,244721,708723,5860.57,-250.637,28959.6,62039.5,20535.9,4460.16,6785.73,15.3707
1.30196e+06,953474,819292,520624,278094,206864,806598,426725,732028,6811.93,1424.63,37586.4,26943.7,16503,4776.08,5281.88,15.3716
1.43376e+06,1.06141e+06,810483,658067,544071,396435,823446,506742,779174,11509.4,4263.78,64098.3,33390.6,16924.5,6605.63,4119.53,15.3721
1.52495e+06,1.18202e+06,774068,481991,327769,253077,777082,418405,691184,6241.89,1211.35,1.02914e+06,24923.2,15956.7,4894.11,2752.14,15.3721
2.01006e+06,1.21943e+06,989014,444302,295504,159610,1.11085e+06,264292,1.00866e+06,13120.2,3638.63,50350,32364.8,22407.3,6393.64,6342.57,15.3803
2.37325e+06,1.69838e+06,838414,554034,372416,264658,844296,421126,789361,7027.2,970.47,88407.6,39861.4,63184,5091.13,6455.94,15.3809
1.48416e+06,1.05102e+06,847270,538305,408845,299833,818146,435703,741292,11281.1,1081.92,62454.7,46607.7,28205.9,8268.45,4993.06,15.3822
1.79885e+06,1.30835e+06,824936,393684,318087,243396,784123,324991,726821,9184.34,1442.98,17924.2,33416.2,10081.2,6157.53,4263.99,15.3838
953440,586712,975034,312441,234529,152724,921384,223266,839648,4386.45,111.722,96331.8,32632.3,24119.1,5369.97,3268.9,15.3857
1.31343e+06,1.07843e+06,730746,369742,230334,189510,729250,316025,701986,4164.39,-63.1291,23608.5,33676.9,25291,2800.1,4696,15.3859
1.18416e+06,866453,820008,555705,305351,236247,775506,465476,716306,10229,1033.6,68567,31356.3,21942.6,4417.82,3095.39,15.3883
941795,646890,873528,419145,251791,190600,792627,339380,741018,4880.65,1996.69,108434,27622.4,10749.5,6639.56,3200.68,15.3894
1.67959e+06,1.0288e+06,979543,792894,617430,371399,997466,537428,885209,7483.77,1320.79,12930.9,25162.1,26727.5,5509.72,3222.67,15.3919
832434,532144,938581,501819,282996,189229,897313,371400,810693,9743.81,1666.9,44045.5,30096.3,59661.6,6369.35,4431.74,15.397
2.02521e+06,1.57121e+06,773370,443270,291842,212134,825445,339418,783583,11902.2,3749.51,48529.4,29364.8,8865.83,7279.5,5557.84,15.4077
1.69457e+06,1.08931e+06,933378,620802,382392,246333,931404,452550,823071,9428.48,4499.45,48681,55636.6,52820.2,10358.4,5548.15,15.4103
1.74876e+06,1.14754e+06,914356,826416,515958,370670,835176,651874,760652,6100.59,119.732,57961.9,51252.7,85444.1,8157.68,6862.77,15.4103
1.99998e+06,1.54498e+06,776701,455585,359309,279528,771248,379862,719607,7880.99,-72.3248,54634.2,69359,58169.7,5338.19,6028.45,15.4127
1.47696e+06,935112,947671,893327,700627,439603,956263,607735,881957,29618.4,2815.35,88939,76479.8,65208.6,13373.4,7756.69,15.417
1.52154e+06,1.01366e+06,900619,859717,663783,445381,894223,625575,824570,14499.5,2552.42,205507,59366.2,57130.4,11251.4,8667.39,15.422
1.30182e+06,939739,831179,497933,294365,223647,789722,400189,746547,5710.11,505.187,53136.5,16320.8,10854.6,5048.52,3670.52,15.4224
1.88493e+06,1.33749e+06,845585,536862,365925,253649,865586,409225,787139,17776.8,3755.94,73572.8,48274.5,17185.6,7517.29,3789.91,15.426
1.4418e+06,967659,893994,814620,728919,494892,883731,602542,811183,12271.7,1264.07,70437.5,46806.4,29254.3,9717.55,6958.37,15.4324
1.39398e+06,904723,924469,509985,289887,198369,876812,389100,786407,16645.1,4585.83,59826,52740.6,26711.5,9715.22,4581.23,15.4367
1.54748e+06,1.10855e+06,837570,408184,306557,227138,809791,338070,724437,8355.48,413.321,14860.5,27386.3,20272.4,5006.35,5464.9,15.4373
1.90848e+06,1.35087e+06,847665,634248,411400,282552,873609,475357,800554,8886.13,3072.19,37870.7,49083.3,58118.5,9774.11,7478.03,15.4401
1.05301e+06,724141,872488,649440,362783,252396,862415,482195,808104,11927.7,556.072,56247.5,66677.6,9460.58,8011.07,8526.75,15.4407
1.72636e+06,1.26556e+06,818464,366989,233019,173270,806899,305022,721893,5977.63,109.27,244914,26446.6,14700.2,4290.72,4516.55,15.4429
2.35e+06,1.50096e+06,939399,949875,674046,424135,953535,681576,836187,13350.7,3445.05,36544.3,52567,24168.3,7495.12,8024.75,15.4461
1.65717e+06,1.1683e+06,851068,569981,348784,249616,838368,434739,786653,7198.45,4071.45,30029,41027.3,48951,6426.83,6866.94,15.4461
2.22431e+06,1.58725e+06,840818,526043,339179,251866,807998,415289,760015,9234.6,2376.78,32626.5,40744.7,37796,7382.17,5213.68,15.4463
1.19327e+06,653602,1.09541e+06,570865,470768,305215,925449,396258,864384,8954.67,1201.84,84065.8,31926.2,20846.6,6170.04,5681,15.4465
1.1085e+06,764286,870224,586967,323642,206743,939259,435930,807882,13187.4,2477.31,19944.1,24172,18451.4,5593.52,4839.04,15.4506
1.91006e+06,1.45391e+06,788246,439734,282028,206939,817715,350635,752465,18841.8,3549.04,54746.1,36293.6,15400.7,6490.29,4675.46,15.4529
1.73145e+06,1.21311e+06,856370,559907,296372,216509,821319,464771,722817,5430.91,660.74,26673.3,55244.1,38889.9,7449.88,4625.01,15.4533
2.73707e+06,1.91533e+06,857421,580084,488200,349862,837245,470354,739975,7394.98,429.803,98355.2,37822,36191,7358.76,3593.82,15.4539
1.21644e+06,876905,832320,562339,520889,396684,787865,449425,750744,7755.45,1650.52,46731.1,42535.9,17485.2,4969.6,4312.9,15.4543
1.93306e+06,1.44791e+06,801039,424079,375616,296283,760656,352670,721489,12772.6,2040.86,72662.3,40718.7,12134.7,5590.46,3331.49,15.4577
1.59997e+06,1.09932e+06,873250,635650,488657,341976,857353,486573,783829,8443.17,1326.38,14161.3,20560.7,13797.9,7802.54,5947.75,15.4584
1.38046e+06,1.05206e+06,787289,400187,235554,173515,814524,297944,805897,3704.86,2302.54,818261,54221.1,8452.17,6336.4,3277.57,15.4587
2.03181e+06,1.56571e+06,778616,522339,331226,241834,821786,408228,767717,7901.31,4296.55,24410.7,45202.6,23411.8,6401.93,6877.36,15.4596
942232,663287,852330,636227,371008,281567,790593,514938,741324,6632.24,179.74,231014,31462.6,23988.3,5562.67,3462.53,15.46
1.44869e+06,1.02726e+06,846150,564411,453689,339345,802173,444240,762305,10614.5,2122.35,111001,29004.2,10527.9,6639.43,3778.91,15.4618
1.65153e+06,1.21728e+06,814044,454892,364071,266695,819072,363045,751794,10042.2,540.609,69258.7,26606.5,12563.1,6831.86,5799.71,15.4645
1.49845e+06,1.04462e+06,860670,462587,313568,214905,875460,336595,824589,8863.72,2847.42,26376.7,41371.4,18340,9110,4707.42,15.4668
2.18342e+06,1.70047e+06,770406,438265,308743,247337,748960,370819,709131,6375.12,-13.2521,33425,47249.8,29293.2,5606.56,8451.65,15.4676
1.28901e+06,786389,983488,557227,320972,198726,969090,378300,883786,6056.67,-247.775,58256.3,27449.6,15803.9,5148.67,4039.4,15.472
1.64039e+06,1.13598e+06,866416,740902,591901,433648,818960,579040,767722,9470.59,4915.02,58654.3,40665.5,18520.2,7573.87,6493.48,15.473
1.8257e+06,1.36119e+06,804751,471945,402954,303823,795767,363252,779533,13290.5,510.051,231598,25304.3,18302.9,8564.6,7955.71,15.4734
1.99301e+06,1.30487e+06,916418,555004,422385,255681,991201,392701,847979,10869.6,2289.24,41350.9,35211.6,13248.6,8461.94,9258.66,15.4739
1.98226e+06,1.5101e+06,787602,454348,298051,217600,821830,335308,813010,7068.4,1107.11,92165.8,44829.3,20668.9,8451.44,5339.06,15.4774
1.54792e+06,1.12264e+06,827298,535990,427010,314831,813790,428350,750774,10181.9,2542.89,58193.4,46404.5,28641.5,6228.24,5996.78,15.4884
1.86231e+06,1.43592e+06,778169,339708,224938,175555,768777,275189,740673,10013,2309.7,29338.6,32279.7,17731.4,6142.79,3621.9,15.4912
1.81056e+06,1.37459e+06,790302,331074,293328,229884,765588,278519,713218,7432.04,-706.846,68851.9,24668.8,16816.9,4823.9,7120.05,15.492
1.83798e+06,1.3735e+06,802905,392332,252604,180678,838853,309535,760494,5839.72,820.124,31399.2,29321.7,14517.4,4837.68,4908.06,15.493
1.8631e+06,1.2665e+06,882639,487251,335066,235959,852010,385880,757621,21600.3,4738.99,45986.9,38006.3,15132.2,8465.75,4929.95,15.4955
1.45668e+06,1.15172e+06,758871,477922,331333,249856,795658,386600,741732,6246.92,-419.29,56169.3,35361.8,9742.54,5852.24,3750.12,15.4971
2.11486e+06,1.41371e+06,897580,568062,451016,299600,903236,421332,808952,10930.5,998.965,63224.9,34469.2,12918,6906.16,3945.16,15.5002
1.13011e+06,738612,918028,711871,504924,340774,889019,527075,810364,8186.28,244.766,218792,51302.5,28434.3,10984.1,4140.61,15.502
2.33645e+06,1.48701e+06,942746,995017,864423,584433,887448,712803,837553,8196.79,2582.97,51788.2,76993.7,34520.1,12490.1,8932.16,15.5035
2.49235e+06,1.71644e+06,871226,708138,603897,430103,842445,549987,772533,5769.35,823.333,179798,44590.5,25658.8,10985.9,8252.58,15.5095
1.85304e+06,1.52733e+06,727952,367300,210567,174565,723742,310378,710037,7329.84,609.9,24215.5,29476.6,17649.1,4509.49,3891.16,15.5096
1.65389e+06,1.07348e+06,924405,769153,660410,449073,882365,566356,814844,3244.8,3747.06,102852,69584.5,44078.3,11580.8,6142.65,15.5111
2.08191e+06,1.58464e+06,788285,430291,279067,209014,801095,341851,755225,14624.8,2524.99,34088.4,38217.9,17684.5,8228.32,6673.82,15.5144
2.26873e+06,1.42822e+06,953101,776868,642082,424822,906848,549358,848483,13342.6,3927.71,66412,56766.1,40976.6,10503.3,11498,15.516
1.85766e+06,1.37971e+06,807851,436868,367682,269812,817641,346654,756145,8554.14,2109.65,43302.6,39998.8,21907.5,5913.48,9377.53,15.5179
1.87376e+06,1.10345e+06,1.01886e+06,526031,427398,264777,968509,359816,877167,11206.9,1054.87,94559.2,30829.5,26781.6,6621.2,6245.23,15.5189
1.53419e+06,1.14992e+06,800498,494572,300383,206423,873110,377631,785802,12220.2,3831.71,65294.2,25483.3,12782.5,9533.94,7508.43,15.5231
1.54053e+06,988471,935101,877944,529292,373239,850863,679845,774833,6483.05,-243.05,51740.4,41272.8,19262.9,20353.7,9419.88,15.5231
1.93216e+06,1.37695e+06,841927,571019,479643,341884,841764,441996,775147,15855.1,2860.82,203866,31549.2,13924.2,8950.9,5296.7,15.5249
1.69734e+06,1.10801e+06,919130,586613,471857,322620,877548,446165,788873,9495.65,81.2005,67350.5,82767.7,31587.9,7016.02,8008.84,15.5255
1.42409e+06,1.02333e+06,834973,686606,559983,410124,819239,540340,762416,6334.9,768.68,130166,67088.8,50139,5532.08,4267.25,15.5316
1.92573e+06,1.2763e+06,905302,627671,305614,185467,988683,445540,845272,20828.4,4737.84,62807.1,43839.5,14127,10208.7,7585.26,15.5319
2.65746e+06,1.77383e+06,898888,1.20456e+06,827154,547696,906146,894478,807998,6372.79,3207.63,54480,66548.1,73301.4,13865.4,8189.34,15.5332
1.68837e+06,1.23158e+06,822541,436404,249405,180754,827883,355738,736054,9534.9,3739.28,58813.3,31181.8,11052.8,6483.79,4949.49,15.5393
1.93367e+06,1.50861e+06,769053,458258,306766,228318,806155,351317,782641,9336.66,-257.075,70134.6,55217,15471,10067.7,4292.49,15.5401
1.67948e+06,1.15549e+06,872091,594551,464198,332064,838750,467448,763145,11921.2,4091.32,68988.3,30977.5,13985.7,6947,4906.06,15.5536
2.37538e+06,1.51940e+06,938015,987663,780604,550332,851054,765123,774513,11044.7,1392.05,62646.1,99691.2,66118.1,9654.97,6813.62,15.5538
1.30364e+06,888893,879956,638466,491824,339972,867997,480306,797574,10203,998.487,29402.1,25578.8,12542.5,7135.6,5675.8,15.5554
2.05968e+06,1.4394e+06,858563,429684,341807,232663,881465,327733,786647,7993.43,2450.1,23650.9,28104.9,21081.4,7195.2,4638.57,15.5563
2.06545e+06,1.45096e+06,854101,497992,339116,243488,835646,405753,736397,18436.5,1852.3,41864.1,32527.5,8330,6533.51,3606.36,15.5619
1.25899e+06,953047,792612,392894,315393,233541,810290,304568,774003,7572.99,643.925,12822,24148.1,12957.4,5593.82,6106.63,15.5659
1.69715e+06,1.36547e+06,745742,296641,220024,168649,782776,244944,726634,8044.64,1675.87,33558,46067.8,12735.2,5327.38,3402.16,15.5662
831636,570380,874823,749076,533022,369788,864856,579994,774915,7014.95,3441.28,252463,47571.2,18566.2,6969.64,6454.32,15.5667
1.712e+06,1.30558e+06,786775,553396,437429,332326,789758,447623,741779,6622.4,309.776,29094.6,49491.2,21498.1,5207.5,5371.35,15.5683
1.24503e+06,890889,838508,438226,343854,250637,823153,352117,746728,8122.09,2713.21,22794.6,26221,15341.3,5455.69,3800.72,15.5685
1.07716e+06,831515,777251,496391,387499,296663,783716,408915,728354,5823.99,1753.39,53343.2,40419.5,16295.7,4574.7,5130.06,15.5704
1.72655e+06,1.10506e+06,937443,816493,396566,246522,965187,579020,846077,19486.3,2605.25,57382.9,54390.7,32560.9,10118.8,5441.55,15.5709
2.24165e+06,1.42703e+06,942510,747326,616602,408209,906304,538705,832358,27827.9,4490.78,40998.5,70688.5,25991.9,20144.9,5669.25,15.5716
2.08752e+06,1.48417e+06,843915,529138,437088,335265,782225,436627,727126,5741.69,22.8761,80608.6,68453.6,16449.6,5892.9,10085.9,15.5724
1.48607e+06,1.14872e+06,776207,380290,312673,236024,794850,300197,760080,16380.8,4813.63,51504.6,33558.7,11169.8,8790.02,4345.34,15.5749
1.98567e+06,1.39998e+06,851012,518949,298842,217523,824305,435487,714991,6777.53,2050.46,69014.1,30618.4,16123.4,5771.41,3706.34,15.5753
1.75132e+06,1.23897e+06,848117,508992,347627,248265,840134,409636,745528,16399.9,3724.64,60728.5,51716.7,15308.5,9571.6,3147.92,15.5755
1.80879e+06,1.37444e+06,789612,470218,344906,264407,782670,380498,741477,7859.32,1232.69,30905.1,35483,9140.83,6137.61,4433.78,15.5782
1.57091e+06,1.21244e+06,777395,488506,387466,298726,778237,411421,712418,4984.83,-317,56378.5,41231.7,25793.3,3625.07,5878.82,15.5862
1.36897e+06,955286,859831,379045,266178,193691,824544,297000,765747,8338.55,3197.36,13157.8,27073.5,14007.7,7610.74,3952.04,15.5875
1.96925e+06,1.35767e+06,870273,724912,614426,427998,861349,557498,780178,11910.8,3427.78,125332,39630.8,22767.1,14126,4833.4,15.5876
2.27094e+06,1.84129e+06,740006,359903,231258,182823,758958,299247,721618,4950.64,-151.666,48503.3,17775.5,15055.8,4167.86,4145.23,15.5945
1.5034e+06,1.25291e+06,719958,269306,189510,163880,693837,253613,637126,496.12,3510.87,1.40268e+06,14983.8,1093.45,1742.34,1253.66,15.5975
1.29183e+06,937981,826349,421475,203710,156681,780094,349479,723605,15248.5,1833.6,48243,31830.3,10958,6721.06,4329.13,15.6036
1.32804e+06,891983,893321,660267,358801,243520,884038,498802,794223,6443.5,2151.39,436648,25359.2,11506.4,8841.62,4769.1,15.6061
1.82952e+06,1.3686e+06,802068,476315,255660,189173,810876,379983,752110,8374.49,488.403,118207,33419.9,23413.9,4753.75,4393.9,15.6123
2.15667e+06,1.65583e+06,781486,264264,171724,133604,771191,216970,730784,7243.24,549.739,29733.5,44124.2,15318,3388.89,5571.11,15.6125
1.89704e+06,1.32928e+06,856274,645394,559897,405219,829028,496292,780259,7289.55,912.418,102430,26293.1,13302.9,13330.7,5464.84,15.6139
1.65709e+06,1.23563e+06,804657,642009,429776,318380,809930,519838,741010,11317.7,2127.43,179614,66200.4,62885.7,7861.36,7600.32,15.6165
1.8151e+06,1.34756e+06,808176,406790,312330,238588,785445,323033,755569,10520.1,2837.86,27664.5,30914.7,11029,6526.59,4379.13,15.6171
2.20735e+06,1.59952e+06,828006,350530,288098,215813,800965,283603,741594,4935.1,907.51,74782.4,31129.9,21666.4,10190,3079.98,15.6203
1.285e+06,871244,884944,625447,421852,293492,862412,479012,783421,12825.4,1255.29,93012.8,51910.6,20507,12448.9,4047.62,15.6218
1.8338e+06,1.16964e+06,940702,770038,534878,356823,899401,559136,826315,11649.2,2470.08,57319.8,35412.1,13387,8685.46,7917.7,15.6248
1.73508e+06,1.23929e+06,840032,476046,355031,268715,792731,378509,754613,9605.72,1319.64,27047.8,85915.4,33797.8,5032.15,6711.95,15.6268
1.10992e+06,751725,885902,663606,554128,361019,920941,474147,839747,12987.8,2391.66,114954,52859.1,38779.9,8157.29,5638.29,15.6301
2.49476e+06,1.76739e+06,846928,605732,420647,286555,880767,432726,839883,14786.9,2016.42,58815.5,129544,47528.3,10916.9,9692.26,15.6345
2.38898e+06,1.78453e+06,803228,473936,324745,250682,777268,388272,732378,5482.03,1193.42,101111,71458.6,39164.2,5644.67,6619.4,15.6365
1.99027e+06,1.47483e+06,809697,351465,291678,226088,774066,295325,714057,7200.76,801.899,27261.9,36850.8,26828.4,6810.82,3205.59,15.6377
1.23481e+06,814184,909974,676691,420150,296218,851029,523638,775373,4672.64,-88.5051,35232.4,59214.9,23589.1,5464.12,10279,15.6423
2.04575e+06,1.5815e+06,776132,366029,252725,200447,756483,308466,711966,6035.53,388.351,44199.8,21211.1,22742.7,4740.31,3548.03,15.6439
1.63455e+06,1.19152e+06,823091,551262,417205,302560,827350,431339,766815,11789.4,1337.79,50876,45072.1,11218,7645.11,4421.22,15.6459
1.52391e+06,956017,956414,391340,223980,152500,881233,283915,827023,5409.35,1914.86,113072,32619.8,13566.7,7425.58,5040.42,15.6464
1.4233e+06,1.00516e+06,849601,517349,402724,292888,825006,418238,742184,6578.7,266.007,255905,28228,8103.35,7415.32,3763.35,15.6518
1.92936e+06,1.19802e+06,966276,721517,384922,260330,887156,538244,804301,27226.8,1647.48,37181.5,44408.6,46092.6,10667.3,7467.78,15.6527
1.8417e+06,1.32859e+06,831724,619209,449532,337685,798730,522760,710700,4252.68,1330.59,100346,35141.6,14282.4,6182.88,4561.54,15.6532
1.07361e+06,725379,888039,533407,340382,245461,832022,423743,755279,8554.21,526.191,51412.3,35047.8,13767.8,5453.35,3315.34,15.6543
1.34063e+06,1.01466e+06,792760,424732,255140,179398,853319,326144,781371,7387.64,-14.8781,124473,35023.2,21351.6,6704.89,4263.66,15.6615
1.25726e+06,720878,1.04644e+06,568961,366649,222504,988699,368651,926015,5478.59,795.166,57963.7,89613.1,53882.5,7994.17,9299.66,15.6631
1.91451e+06,1.38449e+06,829694,465559,298567,224966,796299,358473,779237,6982.87,9.55441,58062.3,51934.8,24055.9,6754.04,4614.38,15.6638
1.06198e+06,715121,891023,857314,506600,320252,949127,613063,839047,7156.59,2991.7,120114,39941.7,18455.8,8619.45,5274.57,15.6665
1.35811e+06,965461,844021,521852,295211,204575,865827,416558,751663,7991.05,78.3612,23841.1,58301.7,32794.6,5017.94,5644.05,15.6672
2.18415e+06,1.63212e+06,802937,456867,379037,286901,792684,368297,744291,6085.33,1204.18,121921,31409.4,20255.7,6061.62,5839.52,15.6722
1.95893e+06,1.36807e+06,859139,522750,439126,311506,845812,409632,765688,5037.51,-532.664,210844,31593.5,16923.5,6282.58,5029.52,15.6729
1.5756e+06,1.33814e+06,706472,396131,241268,210477,687774,368768,644520,1674.86,2773.13,1.58312e+06,19835.4,2655.18,1089.17,1752.63,15.6743
1.67571e+06,1.28844e+06,780344,406896,253026,180190,842532,316912,770364,7467.31,276.897,272859,21523.3,8066.73,7384.57,4650.92,15.6803
1.83604e+06,1.34588e+06,818520,462259,376009,285678,789720,369461,750703,6149.23,2418.82,49144.1,47653.9,20841.3,7530.48,5869.58,15.6829
2.11142e+06,1.46506e+06,864711,570334,467961,328280,855296,426823,801738,7767.52,2845.99,18249,64683.9,48817.2,9827.6,6784.85,15.687
1.20659e+06,897722,806436,436297,275547,206591,800269,336858,777118,6820.88,-217.698,26408.6,27668.4,11031.7,4740.36,4752.5,15.694
1.92283e+06,1.48578e+06,776492,469164,384363,279040,826469,360070,781788,13355.4,3219.8,66448.8,62795.4,29603.4,7358.35,7436.33,15.6943
1.69526e+06,1.05513e+06,964006,694585,397662,254005,939342,503770,827264,8627.04,1879.06,249747,22017.9,19616.3,8273.05,6425.58,15.6949
2.06892e+06,1.59022e+06,780614,395114,321388,243147,793071,322674,734699,15413.6,1239.53,26745.5,62151.8,16138.7,6477.26,4754.32,15.6966
1.83739e+06,1.37801e+06,800018,374213,293670,229094,769126,318410,705153,6399.99,194.494,55948.6,22795.6,12716.2,7342.06,4918.79,15.6996
1.35696e+06,996810,816784,484615,419089,329335,763520,399126,728514,7965.41,616.542,25394.8,33338.3,17256.3,4813.64,3377.51,15.7005
1.30293e+06,870153,898415,795889,449398,316355,852330,608929,784218,9820.07,3372.14,29382.7,35514.6,42064.9,9750.33,5188.94,15.7036
2.02084e+06,1.39135e+06,871461,622736,392264,271368,867303,486649,767784,4074.71,-679.251,106925,43904.4,38236.3,6581.47,4105.97,15.7046
2.09444e+06,1.3853e+06,907141,665492,427153,291653,878756,512032,779825,11619.7,2537.96,53908.8,59951.8,49232,10899.5,6236.09,15.7055
2.06244e+06,1.52576e+06,811049,405907,346275,267838,775710,325874,747358,7516.47,2626.25,19712.6,29032.9,24811.8,6315.55,8135.5,15.7074
1.85537e+06,1.28315e+06,867569,605916,441006,309007,856303,474144,766749,14985.1,4644.32,47598.3,43396.4,18429.9,9618.15,8093.35,15.7077
1.01662e+06,727774,838133,583904,480151,341570,843430,428770,817087,12897.4,287.712,52945,48864.8,24030.6,12547,7226.09,15.7087
1.55481e+06,1.11786e+06,834532,345796,183519,132075,833705,279791,741546,5382.93,2548.1,26283.2,33202.7,10546.3,6814.98,4131.98,15.7102
1.46581e+06,1.02346e+06,859329,489094,206797,151529,818840,405410,723850,6283.94,355.142,37490,42889.1,30761.9,4396.53,3153.36,15.7131
1.39358e+06,1.12213e+06,745141,385610,270020,200671,807350,308793,749260,7597.55,-141.002,92504.3,27037.8,18487.3,5608.89,3342.8,15.7148
1.48174e+06,1.07955e+06,823532,581247,321266,225428,855082,452609,770528,13207.1,3143.44,120913,36695.2,17187.5,7243.61,4173.95,15.7162
1.648e+06,1.15344e+06,857257,571033,390195,271341,862816,431410,794186,11333.5,925.421,64353.2,50212.3,49403.1,10685.2,7653.62,15.7256
2.02314e+06,1.43299e+06,847097,505998,305001,237973,768996,418621,725236,7378.31,3752.76,30816.6,31463.2,23147.4,6289.18,7379.58,15.7278
1.85637e+06,1.16661e+06,954749,799268,510547,325117,942209,573025,836894,14927,5146.92,116500,26859.7,14122,9536.77,5364.43,15.7308
1.40822e+06,909383,929127,723059,349079,232625,900365,527106,823052,9534.73,4375.71,42839.9,58171.5,77592.6,11211,5751.28,15.7395
1.83907e+06,1.45132e+06,760300,435992,331663,257802,771902,348508,750615,5429.17,1091.99,64519.5,27697,23028.6,4786.08,4665.72,15.7398
1.31741e+06,919902,859274,665800,352457,262449,805774,553456,721792,9208.12,1409.13,51359.9,28951.7,13783.4,6709.54,4858.93,15.7411
1.31191e+06,871587,903120,756035,593088,407887,872430,560540,809257,8321.99,2877.29,115861,35628.4,34570,7983.97,6510.79,15.7424
1.45457e+06,1.09043e+06,800366,369243,180251,137961,783921,315748,701653,3790.97,877.726,52620.6,49609.8,17858.7,4461.13,2836.97,15.7436
866741,591351,879417,572246,272709,182426,896942,443592,774016,6672.17,1202.69,47828.7,25793.8,21412.7,6279.57,3930.69,15.7493
1.63537e+06,1.21682e+06,806381,436740,365850,278650,787763,367702,712653,5981.62,-113.355,29394.8,29324.6,20684.2,5080.65,4656.59,15.7539
1.5335e+06,1.12064e+06,821053,545661,459869,354101,779216,432092,757701,5726.13,2187.93,887375,31453.5,12568.2,8235.07,3593.64,15.7658
2.40122e+06,1.60911e+06,895361,668870,467100,316439,885669,472603,849173,10418.4,4115.27,52592.3,109151,24952.8,10842.5,5196.39,15.7667
1.11656e+06,777592,861553,446475,239982,175273,821514,355911,752674,8633.55,1064.02,23878.8,19933.6,13893.3,5240.44,5108.86,15.7673
1.52575e+06,1.09029e+06,839638,661593,558588,401966,833784,521193,761629,7736.08,1688.98,57264.6,37929.3,24006.6,7521.88,5698.65,15.7713
1.49941e+06,1.06947e+06,841211,523318,301228,192863,937127,395784,793338,9533.93,4323.87,54233.6,22885.3,19527.3,6528.52,4536.78,15.7797
2.37336e+06,1.56182e+06,911766,649488,393058,268420,878604,480241,811452,10511.6,2997.94,23679,73430.9,63119.6,9851.76,5641.2,15.7798
1.25203e+06,806081,931942,566209,414064,287521,864070,433323,784000,4287.19,769.392,45988.2,31987.7,12001,6058.28,3117.46,15.7914
1.48808e+06,1.06246e+06,840360,419281,344334,251979,819911,335364,750135,8708.96,1792.13,33563.9,45092.7,15622.7,8247.18,5305.01,15.7946
1.75898e+06,1.23509e+06,854502,602047,505688,328653,923201,428783,842450,19784,924.342,250791,51424.6,25819.9,10485.3,6954.34,15.7946
1.54848e+06,951067,976887,765208,436564,288674,907384,559932,819965,4882.33,852.907,66645.6,44840.4,51441.5,6069.5,5551.86,15.7964
2.01231e+06,1.35543e+06,890778,459988,377338,265033,854244,351059,786173,13978.7,1700.6,13463.7,69030.2,26482.7,8418.34,4290.66,15.7976
1.39544e+06,1.09722e+06,763075,401410,255735,191494,801284,312153,771563,9077.66,2507.71,24746.8,33142.2,19280.3,6783.5,4648.51,15.7983
1.84186e+06,1.33217e+06,829560,362907,295102,222226,796762,304403,715316,9939.53,2578.04,32054.7,19018.4,8457.83,5789.63,4272.92,15.7991
1.44009e+06,1.02264e+06,844928,874423,658873,478153,826773,670717,782228,6645.9,2661.02,69130.6,51573,75597.9,37137.7,6393.02,15.8
2.06799e+06,1.26316e+06,982290,653305,495447,307774,965865,437857,895231,24960.5,4642.28,112085,47525.1,23588.4,14379,8523.27,15.8036
1.45609e+06,1.00932e+06,865590,763622,554039,397645,835981,601327,761937,8280.73,1092.36,58961.5,73003.4,46190.5,7128.2,7728.98,15.805
1.19707e+06,727995,986605,712337,528503,356817,888696,527588,810106,5405.27,2045.96,62801.5,66472.6,50616.9,6962.94,8597.98,15.8066
2.233e+06,1.55908e+06,859356,445110,381948,283533,808262,353999,754425,9989.27,1800.28,49308.1,48674.4,27002.4,5087.97,8081.69,15.8113
1.88932e+06,1.31356e+06,862994,606880,365050,256905,852573,473285,769364,12705.4,3824.94,61448.8,72493,29899.8,6768.99,11176.6,15.8117
1.61519e+06,1.15556e+06,838648,477177,329440,220048,898276,353716,809424,8374.19,863.398,106934,33935.7,11323.1,7372.14,3908.9,15.8133
1.3616e+06,924572,883611,722627,458485,323333,850798,554775,781535,6459.77,1964.8,56858.1,29996.5,11056.9,5811.76,4597.38,15.8133
1.82811e+06,1.347e+06,814302,628137,547181,410575,799631,510683,737997,6312.38,1436.55,53671.5,56744.6,79976.5,5106.5,5156.33,15.8149
1.85663e+06,1.33966e+06,831540,460123,385811,284298,814240,371908,742318,16830.2,4669.93,63492,48318.8,14206,8076.8,4894.23,15.8161
1.22371e+06,883811,830750,630755,360215,258521,836021,489133,773722,9309.07,1545.81,44866.8,20520.7,17875.1,7692.28,4985.83,15.8233
2.12902e+06,1.39589e+06,915128,806511,632282,432846,876454,612864,789583,11929.6,5040.99,49480.6,66178.6,14620.3,11422.7,13037.9,15.8239
1.28853e+06,997651,774938,419302,278808,215646,775738,336147,748425,8353.82,593.911,81752.8,23689.3,15120.7,8033.55,4726.33,15.8293
1.56664e+06,1.13501e+06,828176,517035,446888,324365,826640,415992,745738,12470.1,3069.05,51443.4,31075.3,16520.4,6771,4605.6,15.83
812434,608192,801491,448221,212567,161387,790274,390848,688075,8166.92,1850.41,21539.6,7347.89,2943.41,268.103,1005.44,15.8304
1.24973e+06,929848,806412,487466,288754,224893,770378,403958,724035,5705.12,1307.13,55738.2,39490.4,16830.5,5141.96,3626.12,15.8304
1.73008e+06,1.1557e+06,898197,963151,558237,365788,915672,737356,783733,18637.8,4782.55,56736.1,44687.6,14755.6,9625.89,9446.8,15.8364
1.49806e+06,1.02265e+06,878929,713651,508199,361541,843387,532030,804825,9047.88,2791.02,28068.8,51184.2,32374.6,10936.3,10865.2,15.8366
2.12707e+06,1.36635e+06,934054,606489,460184,312825,882636,459253,792359,14088.3,3633.03,51455.2,47563.3,38504.5,10112.5,11013.8,15.8381
2.13771e+06,1.49338e+06,858875,357240,282711,196090,865044,262111,817759,3166.22,324.031,276555,41072.6,11646.3,11334,2416.58,15.8397
1.47327e+06,996744,886849,551827,372949,284831,785622,438745,754643,8799.71,3583.51,43309.7,28840.2,22298.7,6231.79,4582.01,15.8437
1.66279e+06,1.07924e+06,924419,788555,486659,320430,911260,552376,856542,9487.96,3314.83,65729.1,57046.3,62883.2,9968.72,8934.09,15.844
1.29617e+06,979109,794297,441167,344970,265148,780628,366758,721730,5774.39,267.117,61065.9,18261.7,8588.97,4445.55,3725.71,15.8457
2.00338e+06,1.41742e+06,848041,383495,286231,197618,869042,288567,797379,9763.61,417.872,25553.4,24839.7,25164.2,5253.17,5700.17,15.847
1.66658e+06,1.24954e+06,800251,617106,521964,368825,849125,470340,787225,14925.6,534.291,182360,43326.9,33252.1,6534.56,5844.87,15.8488
1.50793e+06,1.03738e+06,872156,558983,420738,289324,872526,427389,784742,9434.38,1065.76,40729,46736.3,15240.5,7665.39,4233.08,15.8499
1.96723e+06,1.44515e+06,816757,387382,299319,223534,803420,296387,784208,15130.7,2396.86,74428.8,33312.5,9814.38,7198.39,4891.17,15.8526
2.24859e+06,1.64545e+06,819930,663082,452268,334790,810541,526391,755805,11642.9,3675.24,30089.2,60756.4,34167.5,8909.89,7720.33,15.8551
1.64517e+06,1.2046e+06,819441,475402,271978,199073,819734,374992,760659,9494.45,5243.08,30146.2,41934.9,15904.9,6714.57,3673.72,15.8568
1.15452e+06,824942,839712,462246,326462,243241,805281,369035,751549,4754.55,373.847,267367,31051.1,21103.1,7209.87,3132.54,15.8581
1.75549e+06,1.20922e+06,871052,766188,592841,399058,891360,551068,834221,11746.8,4195.34,60220.7,44265.2,20672.2,9275.66,8989.5,15.8617
1.49768e+06,1.0197e+06,881244,688343,562160,389063,866944,535041,771914,7356.21,1777.39,70626.1,29602.1,33058.8,5106.85,6777.38,15.865
1.7169e+06,1.24765e+06,825664,755915,617011,442319,836967,561225,808141,12620.1,2418.91,226464,57293.4,24465.4,12461.4,6287.71,15.8667
1.6942e+06,1.27582e+06,796755,563598,465751,348989,800743,442626,763983,9635.08,2470.64,34892.4,35501.8,10043.8,9218.47,3629.14,15.869
1.74484e+06,1.01626e+06,1.03015e+06,724626,407435,259470,942155,502484,865252,6292.6,2673.76,353033,26681.6,28243.2,7678.78,5228.32,15.871
1.74014e+06,1.29550e+06,805926,491534,388763,294363,792416,402759,732250,8131.12,1686.45,220210,40970.2,13638,5738.48,4274.32,15.8713
1.75053e+06,1.34323e+06,781932,568145,379678,277965,819551,438931,776630,14539.4,1310.79,61868.6,40437.6,32046.9,6897.98,5452.49,15.8792
1.62582e+06,1.1285e+06,864418,519732,365792,254203,863385,411688,757464,10936.6,1509.39,51588.2,32745.3,12953.3,6477.79,5044.35,15.8812
1.7829e+06,1.3122e+06,815228,506155,346516,265158,784096,414043,733482,8572.86,2253.11,61644.9,43950.5,17209.6,6133.94,8294.52,15.8817
1.31762e+06,960860,822773,546608,429345,322342,799173,440337,744805,6081.1,48.7316,53633.4,38860.6,25728.5,3926.26,2912.14,15.8822
1.4789e+06,1.02099e+06,869103,707254,432023,302486,856945,546810,776051,8729.19,4423.53,278258,41323.3,17241.4,7569.46,6336.79,15.8854
1.5344e+06,1.13819e+06,808863,579161,420893,305998,825285,470552,738488,11564.3,106.957,229601,42809.3,26631.7,6680.13,4347.64,15.8863
1.65218e+06,1.15547e+06,857925,564364,398715,264438,904670,422712,801062,8229.58,2163.67,64034.6,82357.9,21832.9,7730.88,3927.88,15.8884
1.20048e+06,839938,857548,667436,434457,279887,931355,494976,809053,13126.8,946.419,146996,47729.7,48848.5,8957.66,6444.55,15.8888
2.19048e+06,1.62249e+06,810047,520158,331116,252389,787156,418217,746251,7341.64,980.789,27988.7,53299.3,21315.8,5739.21,5826.41,15.8906
1.64131e+06,1.17391e+06,838895,610270,502124,346537,869385,449693,814249,6017.83,694.199,125255,33786.9,15845.5,7363.03,3805.08,15.8946
2.23321e+06,1.43173e+06,935879,860810,517372,324655,956164,609109,847937,23457.5,3384.06,222855,43328.1,26374.7,14641.7,8433.51,15.8953
1.34621e+06,977169,826599,585009,409926,299434,821402,448918,781892,9587.49,2761.4,83271.4,25169.1,11649.3,7777.27,6131.5,15.8992
1.29458e+06,980311,792346,524680,255439,202103,758343,456660,689370,5735.2,-138.665,59639.3,21883.6,14467.9,4314.9,2244.4,15.9028
2.03567e+06,1.58785e+06,769216,358314,220307,174419,757856,295407,727771,9863.21,-395.593,59066.4,76325.4,36702.1,5297.91,4814.18,15.9036
2.06693e+06,1.63074e+06,760486,428757,358842,262132,821362,330936,777352,13133.3,2421.58,107803,38953.9,9960.53,6294.24,4540.38,15.9041
1.20427e+06,831535,868951,678049,492118,351338,840417,516589,787530,9254.98,4166.5,45384.1,49005.5,21712.3,8571.7,4480.13,15.9046
1.65928e+06,979737,1.01616e+06,1.12694e+06,998875,711895,841873,815109,829536,17543.2,2068.34,198500,118162,85401.3,19056,9598.65,15.9082
1.86841e+06,1.32592e+06,845488,432417,246928,176512,839359,344496,753131,16893.6,2677.17,37325.2,22711.4,11943.6,6233.52,3838.15,15.91
1.18994e+06,858726,831421,504293,298720,212771,842370,388234,779365,8585.88,803.469,58679.8,27599.7,14742.1,6374.58,5569,15.9113
1.56021e+06,1.22724e+06,762790,538558,374905,276437,813722,423693,762662,6469.05,3560.98,50322.8,23850,10119.8,5287.64,6378.73,15.9124
1.49976e+06,1.18231e+06,761102,413523,343970,259444,795479,342636,724132,5496.93,648.363,27572.6,28006.7,7958.3,4573.49,4687.65,15.9126
1.75901e+06,1.31455e+06,802868,501043,285951,208729,821977,392565,765799,12202.5,2622.58,83715.6,27683.6,7904.65,7062.38,5018.34,15.9137
2.20191e+06,1.48249e+06,891166,425124,290679,204978,850860,334980,761461,5550.71,492.947,61566.2,35882.3,35419.7,10392.8,4584.97,15.914
1.50592e+06,1.1287e+06,800524,803863,689578,489291,845604,590986,816124,17871.1,3971.08,231394,40880.1,27685.7,12349.9,10885.9,15.914
1.23813e+06,961223,772844,372834,261860,190622,824228,297117,752903,11966.9,2315.58,1.49292e+06,26176.5,8236.42,5535.74,3347.09,15.9154
1.91288e+06,1.40705e+06,815700,525068,435490,321064,813838,409752,768857,7208.84,1152.32,110662,32308.4,19021.4,6226.5,4062.58,15.9159
2.14526e+06,1.51011e+06,852362,632813,445557,301559,886507,464012,818271,4202.01,1549.17,102148,58973.1,44055.4,6452.65,4267.54,15.9166
1.57738e+06,1.18907e+06,795937,412771,282229,207497,816097,341535,725145,11073.9,320.326,104159,30342,14309.6,6162.56,3031,15.92
1.21948e+06,856777,854002,674907,444138,300472,886880,520801,777542,7421.82,540.275,222696,26763.4,13180.7,4787.78,4988.27,15.9207
1.42087e+06,1.00986e+06,844200,529297,345354,238973,867096,402450,789112,11043.4,4069.81,23237.9,29276.1,16540.3,5772.61,6477.86,15.9213
1.41793e+06,922014,922716,759614,646043,454703,852481,569833,799828,8089.83,2232.23,20723.6,46793.4,47367.2,6459,7378.99,15.9215
1.24894e+06,858241,873138,812774,529917,362360,877443,597029,816819,11296.3,4321.94,63875.2,59512.1,42324.3,8729.21,7167.27,15.9238
2.23365e+06,1.43571e+06,933473,839444,491076,331530,888744,626539,803887,10167.8,2008.4,12918.8,43307.3,53413.6,9896.33,10819.2,15.9244
1.1515e+06,837829,824629,470945,267057,199310,803944,385084,733781,4541.39,309.58,27222.4,23006.6,8712.66,3908.78,3806.51,15.9257
1.71556e+06,1.34806e+06,763568,323002,230816,176758,783498,274426,706207,5923.91,516.978,32956.7,20752.5,6046.94,4602.84,2836.61,15.927
2.37362e+06,1.66319e+06,856288,576192,445165,305668,873820,449871,768477,6574.32,1961.53,51200.2,75357.3,39926.6,5408.68,7045.96,15.9285
1.1235e+06,781031,863091,515008,465536,332667,839644,397350,777665,8157.56,415.888,42126.1,29247.4,14520.6,4921.54,4598.1,15.9303
1.76412e+06,1.29767e+06,815670,434854,279955,198060,848092,336479,775419,10461.2,1895.33,61110.5,59317.5,17569.8,7386.31,3457.21,15.935
1.58708e+06,1.07359e+06,886978,651551,521868,373096,839251,481151,812490,11719.7,3920.86,29513.8,61823.8,34419.1,9391.4,5695.1,15.9362
1.91677e+06,1.20212e+06,956696,929467,637416,416156,919005,656368,849646,6159.11,4510.71,1.68384e+06,66894.7,18096,10929.9,8492.06,15.9368
1.1828e+06,891974,795628,486001,340526,264555,772300,415054,702561,6306.42,106.49,230007,39062.8,32151.4,4530.25,3550.38,15.9375
1.88796e+06,1.3769e+06,822703,464479,411753,325515,758958,388700,716972,4656.55,1033.7,94735,34392.7,20586.6,5389.5,5215.18,15.9386
1.45913e+06,966591,905740,376112,200529,116390,1.03374e+06,263520,856357,5593.38,1466.88,58233.7,22861.3,32843.9,5608.03,2002.6,15.9419
1.60136e+06,1.13043e+06,849956,602184,486109,353985,823948,478687,754794,5796.63,2622.82,49976.6,49937.1,23630.4,9300.57,6368.67,15.9445
1.13096e+06,842055,805860,702524,457215,348856,786368,574229,734053,4954.73,2704.92,110904,26697.6,16975.2,5497.19,5808.4,15.9526
2.23948e+06,1.63742e+06,820611,481602,299051,213677,839728,380850,758728,9145.06,2386.09,36953.2,46247.2,33854.4,7767.5,6115.89,15.9548
2.05055e+06,1.49956e+06,820460,383716,343881,256352,804864,300758,765499,7911.01,1578.38,55092.3,24084.5,8185.57,5668.88,7190.77,15.9563
1.78605e+06,1.30059e+06,823958,447518,292355,205129,855136,354579,757266,10996.6,503.096,48864,31086.2,15051.1,7106.22,4562.7,15.9592
1.58692e+06,1.14675e+06,830306,625599,407064,301187,810920,490956,764548,5512.41,1242.1,37044.8,36376.7,16438.7,6552.24,7674.5,15.9632
2.07968e+06,1.32682e+06,940455,976121,558789,362399,925150,661625,885204,17082.3,4394.14,63098.5,48331.3,43488.5,12488.6,6746.33,15.9661
1.35397e+06,1.01635e+06,799315,429922,395910,308278,770558,352915,730921,5415.93,3531.37,396124,29038.5,9829.32,5256.05,2814.03,15.9694
1.44669e+06,1.05445e+06,823187,582891,420567,313649,804531,458323,763074,6973.05,2578.73,50009.3,42768.2,20239.1,6994.87,4443.09,15.9703
1.86215e+06,1.35971e+06,821711,395723,336743,251337,803884,325959,728417,6999.77,584.384,60262.3,32801,10374.9,7491.3,2963.34,15.9709
1.66048e+06,1.27195e+06,783273,382219,247968,187372,794038,298226,768985,13608.7,191.827,51933.5,75814,33600,5870.08,5754.24,15.9717
1.80898e+06,1.41548e+06,766795,395028,257905,184639,838086,316088,749844,6146.76,879.751,53933.3,31535.8,19101,7393.82,2920.68,15.9719
1.93963e+06,1.20133e+06,968742,563595,371937,242027,922054,395575,854849,15904.9,2856.31,54687.6,53010.3,23461.4,11833.7,9961.38,15.9764
1.29646e+06,784834,991133,720214,512183,332805,923393,538684,802193,8877.68,4100.55,32242.6,43200,35497.9,10368.5,5122.44,15.9792
2.74681e+06,1.93074e+06,853603,873191,757589,527386,861899,660246,793514,9910.84,1152.8,568116,138246,32663.3,12159.1,9400.38,15.9792
1.59512e+06,1.00212e+06,955046,789123,559159,370703,905025,591833,800013,7344.78,2642.24,55007.5,57806.7,43082.7,7414.19,8621.99,15.9819
2.10225e+06,1.31937e+06,956024,898973,747192,488247,918214,623862,864588,29572.8,3378.98,100303,57315.7,58324.1,12050.1,12879.2,15.9822
1.94622e+06,1.2464e+06,936886,643895,387003,254606,912005,455290,848551,16749.5,2091.93,47714.8,52552.4,22113.9,9634.53,6897.75,15.9842
1.85687e+06,1.41291e+06,788531,496938,422953,305967,829410,373185,798968,16711.6,1300.67,138608,30796,34914.6,8680.75,5869.84,15.9864
852478,555796,920278,567590,340263,218277,935316,399265,852952,6828.46,364.826,53046,35488.5,25880.9,8007.34,5072.58,15.9877
2.49771e+06,1.71687e+06,872884,556285,452763,325366,834930,435220,766902,10572.4,1348.47,73057.6,31037.5,26206.4,8950.36,6604.39,15.9884
1.51517e+06,1.09653e+06,829067,557863,478496,366777,782758,438096,764028,8242.25,3833.17,53706.9,62184.9,28872.2,6000.44,4837.61,15.992
1.79526e+06,1.34738e+06,799445,525054,304229,225189,810595,417733,754147,7319.12,3777.05,31410,37129.8,29345.4,7943.04,6693.46,15.9942
2.24152e+06,1.46662e+06,917017,692054,618350,426814,869254,496065,837053,9327.59,848.09,128722,52617.2,23192.2,6427.9,2973.48,15.9946
2.16354e+06,1.55482e+06,834903,518572,437233,332612,788726,416443,747145,8440.12,3163.77,24026.8,83704.5,23036.3,7226.07,7780.17,15.9978
1.93147e+06,1.36928e+06,846343,555081,303232,220635,824617,440892,755397,7641.78,4538.36,35003.9,31854.4,20506.2,10497.8,3874.36,15.9987
1.2913e+06,1.02589e+06,755224,486440,364964,259445,844025,372821,782853,8441.86,1080.87,55885.1,29103.4,16405.6,7259.44,3903.14,16.0109
1.88969e+06,1.49980e+06,755975,296926,207020,168017,739283,246033,724112,5603.7,1017.56,61168,20500.4,12306.6,5220.94,5088.11,16.013
1.70252e+06,1.24221e+06,822334,620221,422542,272351,930877,436998,851566,6822.33,2523.34,631004,55935.4,18961.3,6600.19,4981.43,16.0171
1.87467e+06,1.33915e+06,839936,565622,299392,211668,848665,457978,741026,7504.46,1823.43,194000,24653.1,8604.11,5918.16,3818.55,16.0187
953736,630374,907781,667327,579333,374857,927286,465266,860575,9721.32,2428.09,14592.7,27874.7,21642.1,7668.18,4649.13,16.024
2.11858e+06,1.4739e+06,862438,590680,438159,304179,864279,476720,743430,6531.78,884.476,107026,67832.8,39151.5,5790.46,6335.86,16.0241
1.72308e+06,1.33176e+06,776301,498605,375693,273289,824826,371409,805481,9913.36,3695.09,47633.3,35958.9,17938.8,6754.7,6599.21,16.0244
1.49506e+06,1.09713e+06,817620,384847,261882,214248,733399,320958,719435,9273.31,-73.4742,188064,30204,18030.3,6701.77,3775.81,16.0255
1.57598e+06,1.20857e+06,782403,345605,254985,197986,772737,281806,735835,7219.71,850.091,49234.4,31676.2,17489,5449.53,3041.33,16.0261
2.40606e+06,1.67271e+06,863051,659314,502829,360577,836707,503825,785170,8234.37,755.562,72364.8,41645.1,17810.3,10986.9,6350.06,16.0267
2.15379e+06,1.46608e+06,881448,712259,505735,349402,868457,518623,824020,12780.4,1998.42,49045.8,94192.8,21343.7,9785.73,6967.8,16.0406
2.14614e+06,1.49257e+06,862726,663332,560270,393985,853236,498636,798176,8996.14,3055.84,237765,65026.1,42525.1,7374.53,8211.27,16.0416
1.10409e+06,779581,849756,667716,381207,305132,749592,567054,706510,5040.88,375.273,61864.2,25639.4,21850.6,5366.96,5011.01,16.0454
1.74494e+06,1.14554e+06,913945,784110,456441,320001,855825,590849,796254,10389.7,933.089,59123.9,101450,45873.6,7900.91,7254.89,16.0454
1.67795e+06,1.19518e+06,842361,625494,514578,386149,799554,514457,729500,4494.98,701.048,175106,38779.3,47551.9,6463.1,7270.4,16.0494
1.9258e+06,1.39491e+06,828353,377776,267553,192517,833858,297635,761555,20978.3,1678.39,96352.2,35779,10954.9,8160.87,5520.27,16.0518
1.33278e+06,775711,1.03088e+06,894645,552761,362619,914614,632843,848215,8575.31,1824.46,426694,74781.1,28933.3,12857.8,6368.9,16.0536
1.68754e+06,1.03703e+06,976370,1.07306e+06,626967,405416,927887,748017,860726,15100.5,4067.35,106934,47876.4,87062.3,10622.8,6521.84,16.0562
991943,676324,880001,586691,351304,257001,820162,474447,741947,5870.4,1199.52,34078.2,32256.5,20262.6,5311.09,3145.62,16.063
1.53786e+06,1.1241e+06,820849,539675,461974,327786,845626,422786,765884,7237.3,76.8434,155855,42438.4,21467.6,6539.82,4476.34,16.0665
2.14323e+06,1.5887e+06,809431,400328,272692,204921,798430,336108,714642,4269.72,-597.477,29804.5,46451.3,25996,3029.05,7695.01,16.0669
1.88951e+06,1.29077e+06,878318,516264,336684,222671,907214,387506,799364,9205.31,1604.22,156825,36665.6,13807.3,6605.87,5384.31,16.0765
1.95589e+06,1.43557e+06,817469,447557,380233,278350,819616,361398,743043,11985.1,2393.14,218397,25347.8,8870.38,6318.14,4379.51,16.0773
1.37927e+06,986127,839205,473947,270219,188078,862044,372351,763710,3366.38,825.483,153012,12201.2,22523,4487.6,3024.28,16.0838
2.11867e+06,1.55145e+06,819361,455372,291068,204983,851978,345876,789945,9408.32,1670.52,23619.9,72834.3,16326.6,8335.76,3634.92,16.0889
1.83808e+06,1.34117e+06,822304,485029,384700,287509,802828,382277,761274,18371.5,5227.25,34736.7,33834.9,16876.6,10023.5,5216.91,16.0898
1.33555e+06,1.00411e+06,798047,655912,458857,333504,825520,518252,759374,7342.39,2162.6,219768,30392.6,13642.2,6195.08,5559.85,16.0901
1.22667e+06,849362,866534,582048,475357,350663,813356,465664,749958,10586.9,677.609,62566.5,33810.1,13079.2,6841.66,5298.37,16.0955
2.38306e+06,1.64303e+06,870242,544282,292788,196463,894177,407173,802041,9900.39,1596.9,105898,66393.1,17776.1,7350.7,8090.43,16.0964
1.58249e+06,1.09427e+06,867696,652235,555732,411876,809562,510089,767202,11793.5,3573.62,16135.2,54205.2,25031.2,8722.96,6406.7,16.0971
1.09048e+06,740969,883017,709882,446009,298220,897343,524799,811605,11899.4,4080.25,54061,32223.1,15942.8,7783.44,4652.32,16.0977
1.65153e+06,1.16077e+06,853674,453152,262370,186691,843224,362878,749263,8545.75,3414.49,33200.7,31561.8,33413.6,10237.5,4016.82,16.098
1.95069e+06,1.49355e+06,783648,388552,261901,199639,787123,325369,716513,5673.44,-453.027,78301.5,38342,32097.6,4332.31,3673.52,16.0985
1.93555e+06,1.2715e+06,913351,513924,431305,321193,805694,398368,774045,3235.04,2312.92,281396,20178.4,4442.55,1338.48,12738.2,16.1024
2.07836e+06,1.43576e+06,868541,620487,326734,233467,839691,491430,757569,6126.72,4891.13,2.70533e+06,39017,8834.02,4802.32,2598.79,16.107
1.4818e+06,1.07357e+06,828158,720225,585112,391180,897456,523959,824750,6458.35,2176.55,918993,22971,15347.5,11124.4,6537.55,16.1108
2.09723e+06,1.64612e+06,764426,328044,238127,189480,754043,273541,719549,4954.26,-388.865,29004.9,24913.9,37579.5,7751.29,3812.81,16.1167
2.00677e+06,1.4855e+06,810544,435797,332788,249441,800480,353125,740470,7229.6,-80.4132,30140.1,44436.4,36527.7,5373.96,7348.32,16.1178
2.19873e+06,1.53667e+06,858506,587071,426455,308223,830155,468841,751305,7556.55,600.727,55696.3,61446,49077.9,7336.88,6188.68,16.1248
1.53018e+06,968479,947990,941247,599770,379313,948721,678124,832810,17583,3023.25,106486,65193,66019.9,12958.5,4425.11,16.1278
1.36172e+06,948041,861811,839550,490289,320482,917910,598954,841017,10375.7,1386.79,184721,39120.7,42014.3,7184.12,5054.37,16.1291
1.36552e+06,1.03795e+06,789352,566204,407592,294978,829062,433579,783530,8952,927.525,96824.1,39159.5,14227.3,8357.55,5299.79,16.1317
1.35313e+06,984891,824335,506372,372822,272730,820200,384532,790112,9151.31,1199.4,81801.6,48865.6,36896.6,5516.79,7299.49,16.1352
1.13356e+06,742750,915701,486862,392398,285858,823622,385979,756821,11588,1339.94,47038.2,36063.2,15869.1,9626.6,3837.8,16.1388
1.57147e+06,1.14502e+06,823459,592375,492091,354910,831913,462463,768548,9737.62,2853.75,46274.7,38430.2,14846.2,5440.81,4791.23,16.1407
1.67944e+06,1.17368e+06,858552,607079,362624,260923,833864,494006,737334,5058.75,609.028,54359,31227.4,23279.1,4841.41,4976.34,16.1424
1.95433e+06,1.46318e+06,801405,395393,288725,216149,801462,319285,743022,9971.49,1857.67,41803.9,26168.8,10529.5,5581.32,3446.06,16.1425
1.91071e+06,1.27063e+06,902251,603406,331671,243968,815692,459886,787246,8650.66,4997.91,53291.4,28309.8,33745.2,9758.61,4439.19,16.15
1.30614e+06,917080,854540,680188,584560,445637,787045,539245,756822,6844,2776.19,32337.4,50186.3,16748.8,7849.62,7878.91,16.1504
1.8113e+06,1.33573e+06,813622,368339,264191,196276,807611,296671,744944,7737.44,1590.75,51142.5,52849.2,21780.6,5135.43,4820.49,16.1578
2.64106e+06,1.93073e+06,820744,557893,342148,256220,801221,440299,760247,7296.73,1647.73,48235.6,68233,24652.7,6892.67,6225.9,16.1579
1.4767e+06,1.01855e+06,869882,822446,732293,500318,878193,616519,800410,9834.33,3809.07,100130,56363.4,68235.4,9364.52,7180.49,16.1599
1.57993e+06,985022,962371,556716,472058,293746,964216,372611,896456,12327.2,1924.66,59026.5,78085.6,26313.7,17018.2,5614.76,16.1689
1.92725e+06,1.37847e+06,838864,412987,368688,267885,825775,320159,773966,6430.81,938.367,127850,34430.1,35259.1,7090.14,4127.91,16.1719
1.464e+06,1.13367e+06,774825,450552,330498,262361,755825,367287,736022,5823.5,3489.05,251473,33918,9208.91,6740.82,4248.1,16.1773
1.102e+06,723491,913906,760556,414936,281898,883161,559325,815865,8557.98,4079.73,16675.1,26829.6,26409.2,9253.51,6125.3,16.1778
2.24543e+06,1.63213e+06,825460,475359,365622,282731,775908,391826,727914,6045.67,2073.49,42159.5,35941.9,25662.5,5345.42,8577.13,16.1821
1.77074e+06,1.27924e+06,830526,628502,521396,391647,798774,489402,770534,7175.48,3001.6,61864.6,105944,22743.2,7547.12,8374.94,16.1868
1.83203e+06,1.36608e+06,804651,438035,305964,233317,786819,347651,755992,8884.22,624.615,105242,64048.2,27541.4,8574.07,9353.41,16.1879
1.69397e+06,1.32502e+06,767068,350185,214170,160828,799002,286846,732488,10595.4,192.955,69001.2,24848.5,8715.12,5518.47,4424.69,16.1897
1.48042e+06,1.07912e+06,823120,665192,478049,360594,795436,538592,741035,7823.42,889.125,63184.8,31532.4,15626.4,5514.29,4143.59,16.1901
1.71781e+06,1.17774e+06,875142,461962,265935,191204,834506,357057,776283,14164.1,2667.05,31097.7,30162.5,18065.3,6666.39,6187.49,16.1963
1.79672e+06,1.2451e+06,865823,662348,609107,420637,868835,471432,842982,13856,2627.2,124607,43334.3,20017,8758.74,6553.74,16.2074
1.46742e+06,1.07746e+06,817153,460742,251875,186563,810048,370833,745471,12720.5,1957.58,61662.4,44434.2,27172.8,8432.95,5194.29,16.2105
1.45047e+06,1.0263e+06,847984,584575,379142,259530,876527,457990,765836,10122,2581.84,88831.8,49251.3,13678,7206.97,6005.05,16.2126
2.14875e+06,1.69193e+06,761999,458990,356583,287069,745292,391001,704331,11422.7,-55.6741,30870.2,70103.1,15799.9,5965.75,5329.28,16.2157
1.92877e+06,1.34086e+06,863076,695738,435573,316096,826786,543934,767451,9250.17,12.9818,139338,92127.9,51320.9,7954.6,5708.04,16.2179
1.20486e+06,897791,805219,585643,467820,355548,789463,460295,763393,6166.21,456.023,54014.5,36371.1,19924.6,5812.25,5533.17,16.218
1.38378e+06,1.01921e+06,814617,474832,373706,275598,813590,371496,766897,5867.79,-409.046,30500.1,59288.8,22113.8,5299.45,5876.06,16.2182
1.73559e+06,1.29335e+06,805160,414868,240092,182643,788724,320434,776825,4992.23,1025.87,44996.8,37084.2,17485.7,5543.08,4593.08,16.22
1.2974e+06,914354,851355,451014,193517,131800,880957,346704,780518,18634.4,2785.52,60235.8,19321,18991.4,6186.75,3351.48,16.2236
1.6595e+06,1.22148e+06,815154,631224,439238,305530,862576,476505,794817,16903.8,2903.15,141559,43072.2,14011.4,10500.2,8316.84,16.2237
2.0187e+06,1.52273e+06,795429,355135,293544,231413,761092,297110,717179,5452.87,349.199,55114.4,81088.4,30019,4788.75,8332.67,16.2257
2.23854e+06,1.4922e+06,900096,716997,631177,451378,839000,563606,763296,16009.2,-441.211,83190.6,132570,53058.8,6600.09,7358.46,16.2263
2.13114e+06,1.52724e+06,837251,575219,481679,354725,814737,454999,758532,10605.6,2553.46,27596.9,37154.3,40581.9,5925.26,10314.8,16.2332
1.06937e+06,638018,1.00564e+06,810988,459049,289518,951338,580964,837561,4906.47,1164.37,66989.1,35906.2,29809.9,5130.48,3354.21,16.2349
1.10142e+06,785108,841731,565979,401678,285634,843762,451079,752834,8928.3,1207.21,55707.7,30615.2,20346.8,6520.93,5387.53,16.2352
1.78239e+06,1.27969e+06,835701,640376,534902,387599,828025,504744,761228,7674.53,838.787,110450,53463.6,23249.7,7640.47,9488.92,16.2355
1.91713e+06,1.38932e+06,827946,406767,319780,231983,827078,328555,742829,9771.6,1972.77,32783.4,31853.3,34839.8,6038.21,3899.72,16.2407
1.42456e+06,1.05785e+06,807997,567790,445399,335670,796137,452031,753652,9436.23,183.914,80953.9,36446.4,22659,5465.17,7321.67,16.2433
1.70834e+06,1.30273e+06,786810,542789,487412,359388,813737,429052,759054,9108.89,1155.31,61537.5,41292.2,12121.3,5684.39,4928.52,16.2449
1.0714e+06,762917,842610,499475,428578,310262,828805,383496,781455,5724.99,-31.6221,88148.1,35441.4,10041.5,5354.7,3974.84,16.25
1.23609e+06,856599,865811,601105,427165,286395,894914,452922,796303,12379.1,1209.23,89915.6,44056.2,15936.6,7815.4,3320.81,16.2506
1.12558e+06,916261,737071,179074,78004.8,66390,704969,171115,627908,701.576,1800.52,1.37956e+06,10070.3,1553.38,1643.56,846.163,16.252
1.37644e+06,1.01986e+06,809779,404642,323308,246666,786428,330374,734880,7061.62,-170.698,19388.3,24782.4,13938.1,4380.92,3140.42,16.2535
2.14443e+06,1.35913e+06,946678,476671,284108,189153,901200,349630,818014,15991,2222.76,56335.8,58576.5,21358.5,10986.6,6505.61,16.2537
1.55338e+06,1.03e+06,904877,494098,418220,291608,860511,365105,811982,7479.58,915.534,90568.1,31465.1,14493.5,6817.34,3728.14,16.2566
1.38616e+06,996639,834502,614240,491223,347978,846990,472338,780254,12312.8,1547.42,122753,47450.3,24567.7,8182.57,5134.67,16.2586
1.6447e+06,1.19114e+06,828471,452934,322329,225852,856302,372494,729570,13483.6,1480.21,26267.4,34598.4,16756.8,7857.69,3464.99,16.2678
2.28518e+06,1.61805e+06,847381,963113,765989,563112,816167,769913,750563,10415.3,1916.48,141956,59133.3,50869.9,7746.34,9149.49,16.2724
791218,604878,784837,527034,412171,316503,781360,413755,764270,3017.68,1904.58,718620,42517,7159.32,6392.92,2025.31,16.274
1.34075e+06,1.02877e+06,781950,437176,302887,215168,844606,334103,785104,9265.14,2268.16,48790,26969.7,16406.5,7110.79,5186.22,16.2743
1.17349e+06,726970,968535,508143,257913,166168,931273,370868,822088,4971.17,576.641,48049.3,14747.5,18165.7,5616.15,3526.06,16.2777
1.39219e+06,974007,857603,660785,369739,246237,900934,498332,795596,15128.7,2805.91,232515,53757.8,21853.5,8598.43,7284.16,16.2781
1.96843e+06,1.4026e+06,842051,482628,391742,285265,823953,377414,767265,11287.3,51.6214,48565.3,26045.7,22127.5,9079.28,4082.42,16.2794
1.37028e+06,1.07816e+06,762565,373098,232742,184657,756240,302093,741026,4486.37,398.497,93098.6,32121.4,8487.51,5265.61,3587.2,16.2855
1.31688e+06,918921,859845,809236,481226,336179,858875,599625,809742,4972.07,1772.46,57788.4,30897,26034,7087.4,4018.86,16.2864
1.34776e+06,943603,856985,463513,387673,287678,808557,369361,752944,7936.81,939.358,23007.2,28635.6,12119.2,5016.81,4371.34,16.2931
1.19173e+06,837573,853700,628628,303193,216130,841696,492040,766558,3797.95,2570.21,31498.1,21355.7,33552.3,4958.91,8866.01,16.2979
1.82453e+06,1.10186e+06,993521,767573,571173,384763,890687,572126,804970,10172.7,1326.49,67734.5,79848,39989.5,8467.33,8535.19,16.2996
1.45843e+06,1.05149e+06,832209,376060,171289,124958,822462,303055,744538,6188,1747.08,57813,30448.5,16661.1,6219.03,3753.36,16.303
1.56696e+06,1.15216e+06,816009,532050,360108,260736,828674,418335,763096,13357.3,765.562,162143,39077.5,15387.4,8030.04,3735.63,16.3039
2.02186e+06,1.4161e+06,856664,543224,451012,336019,805332,436592,746542,6316.3,688.152,53873.5,46559.9,44675.3,6880.79,5943.6,16.3044
2.13779e+06,1.63769e+06,783225,456030,422681,325720,778608,368766,741983,8332.55,1499.89,30460.1,61409,26601.2,5441.61,6827.07,16.3044
1.92816e+06,1.26411e+06,915188,715855,600179,405843,887307,499231,860349,5523.9,2878.82,88584.5,40792.9,25967.6,8193.4,5621.36,16.3051
1.79598e+06,1.41332e+06,762454,395291,221249,166966,795068,326839,725661,6658,153.905,231365,32540.3,18997.1,4748.9,6672.08,16.3073
2.24175e+06,1.653e+06,813706,656710,442697,320595,828517,521836,755077,10400.1,867.844,138448,27300.4,8858.12,4637.32,5962.46,16.3114
933681,611458,916185,621541,429470,295995,870563,458625,813137,9480.18,847.441,56460.2,49185.6,36136.9,6132.35,4419.7,16.3167
2.351e+06,1.643e+06,858552,625048,453103,312182,870844,456280,821927,12013.2,2557.94,114686,42392.7,14767.4,9640.87,6788.02,16.3171
1.3049e+06,954058,820645,506567,338452,254087,799220,399948,759950,7108.94,1672.81,65877.1,37328.8,15770.8,6993.1,3603.68,16.3183
2.37078e+06,1.60832e+06,884442,445448,330404,230971,858301,344102,776714,6253.23,2549.97,23711.7,28124.5,24169.5,7023.53,6843.39,16.3191
1.44709e+06,1.04498e+06,830882,475612,313211,221791,847314,366751,778095,12253,1092.23,65831.1,46943,19044.4,6325.78,4074.66,16.322
2.21503e+06,1.58207e+06,840051,423616,368960,267047,828978,340420,746635,6112.18,777.079,57764.8,32827,37303.8,5751.34,5215.28,16.3283
1.23854e+06,863967,860128,518843,263537,188090,840673,415957,748409,6359.54,3148.72,30907.7,40270.1,12168.7,6192.67,2325.2,16.3321
1.52966e+06,1.07195e+06,856196,712633,404926,285088,852213,533564,801365,5424.99,1762.93,25973.8,36274.5,56565.1,6714.09,5314.76,16.3398
1.38385e+06,1.03161e+06,804868,636220,463992,322186,864083,471096,810307,11401.3,3194.69,213836,46676.2,10065,8665.95,4696.31,16.3457
1.72109e+06,1.23635e+06,835244,573611,394297,288458,820147,434880,791406,10061.7,5390.14,55246.4,37446.1,13538.2,10858,6086.13,16.3475
2.1536e+06,1.68769e+06,765641,384790,257836,203850,758898,314820,733352,5791.67,1514.31,25228.6,26653.1,20203.7,6373.24,4786.84,16.3484
1.89199e+06,1.47439e+06,769942,484020,377164,286763,789149,388204,748091,13726.9,2612.79,60992.4,32697.7,9697.91,8529.91,4790.96,16.3627
2.07042e+06,1.4244e+06,872119,539726,472458,347936,814732,427719,757122,9422.05,1697.85,27234.7,22818.7,11671.5,4876.19,2788.83,16.364
1.53297e+06,1.20288e+06,764648,447313,312331,232324,806627,358171,749329,9240.05,589.451,115121,28644.6,17659.1,6481.57,3736.74,16.3648
1.37421e+06,967011,852654,741730,510686,331840,923371,521735,852996,14681.1,5098.17,50848.8,59283.7,43038.3,11300.7,5330.2,16.3665
1.9155e+06,1.27809e+06,899236,475962,312459,210887,888985,365846,780594,11718.4,4475.42,61281.7,47600.5,15595.3,8713.34,5968.17,16.3668
1.6287e+06,1.2513e+06,780964,504350,351540,277446,760234,406048,745257,3669.32,2871.13,241654,31199,6806.78,7253.13,6095.01,16.3702
1.83398e+06,1.25119e+06,879473,745124,690982,491534,843460,553731,807385,13988.2,4049.57,101876,57204.5,50459.6,10109.5,5369.69,16.3716
1.38075e+06,969900,854161,597100,477517,345921,828254,464410,771430,12173.5,2706.23,28404,60066.1,25857.2,8461.23,5872.5,16.3751
1.64171e+06,1.07938e+06,912581,550829,301473,207944,869869,428773,770798,7860.08,4161.8,61571.6,54480.8,48081,6964.86,4482.08,16.3766
1.99377e+06,1.28915e+06,927944,739777,519150,336939,924470,522911,848837,24679.3,5412.66,52938.4,49071.2,14130.7,10808.1,6906.11,16.3793
2.19757e+06,1.58861e+06,829998,549860,478050,349966,819594,431022,765427,12725.3,1947.26,66747,47309.6,28856.4,6641.92,6778.09,16.3836
1.53875e+06,1.08924e+06,847612,613024,467799,317550,883890,454541,809200,12002.9,1727.52,48947.4,37632.4,31557.4,8148.3,5198.38,16.3848
1.59759e+06,1.15602e+06,829181,531286,363963,261236,835940,423750,752264,9902.1,2189.42,27263,42507.3,28927.9,7451.09,2578.98,16.3885
1.69915e+06,1.22251e+06,833929,441370,281319,195949,861404,349422,757887,16006.9,2247.86,31816.5,25502.2,16305.4,6772.79,6104.54,16.3885
1.40593e+06,965189,873983,566985,353517,237812,891923,426405,797812,8381.05,2750.98,32500.5,33041.5,24518.7,6985.11,6944.67,16.3967
1.57529e+06,1.19505e+06,790907,507752,313866,226298,832175,401188,759373,12843.2,3660.9,24401.1,50298.5,14708.4,6206.05,4417.61,16.4
1.20532e+06,830690,870593,623429,482693,329967,877711,456939,818615,5665.17,3257.92,64266.4,39522.8,12560.5,7202.34,4980.5,16.4026
1.50399e+06,1.09403e+06,824838,582651,348601,257212,813184,479102,729679,4234.27,2280.84,143610,29938.9,26397.8,4562.38,4655.81,16.4036
1.21221e+06,868956,837009,558217,485866,357566,815289,436511,767289,9223.4,2462.32,52359.6,26319.9,20063.7,5935.15,4291.21,16.4059
2.26307e+06,1.64585e+06,825012,581454,450571,349074,774457,482773,722642,7221.84,1231.95,64937.5,79791.5,29567,6588.17,12190.6,16.4067
1.02065e+06,636905,961506,588467,525137,360819,873242,414015,852820,9100.58,1538.19,49786.4,41504.7,21014.5,9749.67,4869.09,16.4076
1.86441e+06,1.36604e+06,818895,468844,306731,232565,791342,379645,740972,6396.88,1283.08,22931.7,36963.4,20130.8,6408.54,7549.03,16.4096
2.04347e+06,1.57865e+06,776664,311062,248233,190859,780367,258129,723039,8190.97,-373.709,124151,24766.6,6303.97,5290.06,3056.71,16.4121
2.60889e+06,1.68119e+06,931087,984276,813356,545876,894001,700751,842761,15791.8,1833.33,117685,149170,61347.1,18319,10113.4,16.4141
1.4129e+06,1.0139e+06,836120,643811,483723,355123,817277,527431,732393,9262.93,281.337,103781,29847.3,21925.3,6210.53,5206.81,16.4141
2.02061e+06,1.44834e+06,837068,419162,337965,238401,850578,328410,765803,17872.6,-623.748,218432,27019.3,15744.4,5247,4351.28,16.4168
1.85874e+06,1.38859e+06,803148,478655,438076,337189,779520,391052,734412,10830.2,-178.103,8806.38,65924.6,17017.9,13996.2,2071.13,16.4246
1.38013e+06,1.01762e+06,813740,608044,462596,324653,854937,460788,791745,6527.62,1095.35,127535,36363.6,9674.88,7069.08,4017.38,16.4304
1.20393e+06,838749,861235,726512,430817,301551,857202,556483,783325,6797.74,1534.63,96913.9,55533.2,36885,6636.68,5620.95,16.4313
1.99582e+06,1.23241e+06,971668,1.08197e+06,563812,337739,1.00162e+06,742094,874801,9927.49,4148.57,122334,106638,57522.1,11500.2,10672.2,16.4333
1.84235e+06,1.17269e+06,942629,532174,299577,190044,945813,376155,848863,6747.15,65.3446,54061.9,20340.2,12313.8,5866.26,4188.62,16.4378
1.57311e+06,1.17534e+06,803057,561587,301976,217425,833326,446001,755497,5938.73,3646.86,36584.3,30142.5,20785.2,6303.71,5426.74,16.4383
1.72662e+06,1.32683e+06,780783,501022,309218,222687,833146,382350,786225,16767.5,4408.77,58688.6,33142.3,22105.9,9062.08,3624.12,16.4411
1.77995e+06,1.33557e+06,799633,386660,231507,173294,801553,321471,721670,9296.2,590.345,63874,46625.4,20232.1,7750.47,2438.2,16.443
1.58009e+06,1.0045e+06,943805,827333,527442,365457,865944,623750,795831,12119.1,2538.47,38757.2,45919.5,24816.8,8947.14,4627.45,16.4459
1.44758e+06,1.05999e+06,819392,536957,330863,245541,808491,435719,739408,8185.71,1071.83,56460,34915.7,13278.8,10611.2,3151.48,16.4494
1.36696e+06,946688,866364,757584,840382,628537,802227,552128,823270,8843.54,3562.43,120335,67046,18616.4,7629.46,7094.85,16.4502
1.52218e+06,1.13976e+06,801319,457636,385308,300301,769844,376675,728961,8208.34,1569.92,42133.1,32286,5510.34,6393.19,5492.6,16.4523
2.89754e+06,1.7371e+06,1.00082e+06,528873,284819,179412,952508,366868,864953,7286.37,378.278,74438.8,33594.9,26160.3,6260.88,4004.52,16.4525
2.33659e+06,1.55391e+06,902211,757449,544963,373026,876555,552158,823079,25918.9,2592.21,278486,67718.4,32198.9,16092.3,7395.06,16.456
1.99462e+06,1.36135e+06,879105,572467,395836,259684,914579,407794,842288,12356.2,3182.63,62912.5,39258.8,18016.4,9019.51,6026.04,16.4571
1.86513e+06,1.37849e+06,811814,424570,224151,166306,808694,348708,730532,5964.74,626.574,67309.2,56978.5,23537.7,5205.18,6411.3,16.4577
1.96127e+06,1.38581e+06,849151,430649,221566,161693,822173,337320,766006,6787.9,831.948,43369.5,62910.1,27254.6,5175.83,3817.93,16.4665
1.18892e+06,725581,983146,781413,432944,278281,933468,573344,817742,6039.26,2569.42,72004.9,37669.9,39694.5,7686.84,6952.07,16.4675
1.97204e+06,1.33563e+06,885889,566763,286938,213280,807214,463608,733503,5753.49,-592.129,74106.3,34621.3,38098.9,5977.82,4528.26,16.4682
1.28238e+06,912341,843355,603892,409098,304755,805429,496888,729209,7956.27,1539.6,27899.8,31368.7,21576.9,7556.16,3939.55,16.4744
1.64004e+06,1.08960e+06,903101,477620,244075,163876,893634,364500,786206,8869.1,3141.56,36073.4,28070.7,15221.5,10091.4,2809.79,16.4756
2.1386e+06,1.45703e+06,880671,499633,391565,282276,832302,394575,759753,8998.4,2610.42,18180.1,44640.2,37982.8,6414.54,6854.68,16.4758
1.23119e+06,678683,1.08845e+06,617518,413799,237675,1.04462e+06,406019,912545,47147,181.883,140390,27764.4,16391.1,8139.62,5838.03,16.4777
1.00361e+06,624600,964079,855183,555576,349435,953956,601556,852971,14473.3,2077.93,236756,39951.5,33302.1,14727.5,7341.62,16.4781
970045,674995,862269,538549,399055,290379,824554,440062,734281,8021.41,2101.3,46612.6,26764.1,13249.4,6117.72,3529.22,16.4785
1.42569e+06,986365,867236,686000,565079,407849,831306,529276,777666,10581.3,1112.35,47385.1,34535.6,34224.5,7876.95,5691.25,16.4795
2.10586e+06,1.53024e+06,825700,475300,391245,292282,803152,388612,733842,14332.3,1935.77,33284.4,60990.3,14819.2,6836.25,11162.6,16.4797
1.6448e+06,1.16963e+06,843751,405893,267165,201562,795283,335442,726015,5825.28,778.289,63495.8,38164.5,8364.23,7121.57,4631.39,16.4799
2.06629e+06,1.57027e+06,789529,321565,253344,189161,803582,262954,733737,11024.5,1555.47,12540.2,35218.1,10407.3,4337.91,3280.93,16.4799
1.50239e+06,1.05128e+06,857458,566550,281430,202732,832912,454791,747442,7423.4,4153.14,212116,32582,20113.4,7255.97,4213.61,16.481
1.6427e+06,1.22332e+06,805691,461135,410478,313836,784763,384713,719188,5499.25,-25.4016,108391,39182.7,24526.1,4783.16,3666.26,16.4819
1.54431e+06,1.07488e+06,862040,1.00736e+06,832060,600736,831041,737137,819951,2700.88,723.936,1.05808e+06,58935.3,19683.9,10370.6,4325.78,16.4839
1.1871e+06,833226,854820,588486,387851,288314,807143,471983,748102,10743.4,1827.02,127368,31380.5,37020.2,6594.27,6093.55,16.4851
1.4494e+06,854991,1.01713e+06,611126,369977,246092,902046,435901,841190,4473.61,1943.51,207130,63091.9,40334.6,7717.3,5487.1,16.4886
1.17946e+06,846965,835544,697794,690033,492133,841276,516886,809998,9117.44,1835.74,54968.1,30682.7,24467.4,6926.8,7001.83,16.4964
1.57966e+06,1.15482e+06,820732,692419,434051,310996,837409,523558,793516,11740.8,2521.91,54192.3,33625.5,20662.3,6973.28,4015.68,16.4977
2.14652e+06,1.53042e+06,841539,434175,340214,247684,824148,358903,725837,7070.31,476.566,49441.7,27393.1,18049.5,6533.38,3809.54,16.4993
1.65824e+06,1.19005e+06,836049,490959,316547,229209,828624,401454,733771,9796.02,2787.63,120532,24486.4,17270.1,6570.76,4038.43,16.5019
1.42961e+06,1.12214e+06,764403,300568,199318,158724,753450,249709,722203,3688.52,-513.122,92848.4,16527.9,8727.42,4731.79,5118.93,16.508
1.21209e+06,903708,804741,611982,382701,290601,790158,510423,719383,7488.74,2404.82,70618.6,24494.4,12503.6,7645.24,4230.84,16.5093
1.36725e+06,971129,844738,525451,408085,316448,773747,418997,752441,8571.54,704.042,67337.3,37061.9,28127.8,5830.9,6304.62,16.5114
2.41222e+06,1.55914e+06,928291,574699,406000,279965,870110,440829,782207,12344.7,1805.33,60027.8,48764.9,32813.2,11299.4,6033.19,16.5126
2.01828e+06,1.57063e+06,771007,370718,307350,240049,768218,304004,731670,10619.8,1489,27536.7,36785.4,12315.1,6103.32,3874.02,16.5126
1.64341e+06,1.1924e+06,826942,515028,456321,332859,822548,398792,774882,10324.7,3960.97,43106.4,25870.7,13280.9,8382.98,7659.02,16.5151
1.9522e+06,1.36436e+06,858513,521377,381480,268224,853347,412395,758560,7823.18,2327.8,58374.9,53405.6,11739.4,7307.42,6749.66,16.522
2.12109e+06,1.51459e+06,840263,666717,417221,283230,883849,472336,846918,9401.23,3905.06,61160.9,62570.7,56257,9949.15,6256.49,16.5231
2.2362e+06,1.72928e+06,775881,298721,232647,183175,762049,244090,734289,10338.4,340.798,24958.1,70007.5,41318,8347.83,6036.44,16.5247
1.70247e+06,1.17812e+06,867040,732406,551731,406856,813650,599581,732918,6827.53,1497.72,70989.2,67034.9,23976.8,5449.86,8483.75,16.525
2.09154e+06,1.44052e+06,871161,509367,264874,179906,883374,394865,773987,12028.1,2587.79,140783,32930.4,15909.9,6122.73,2986.49,16.5256
2.20286e+06,1.63079e+06,810473,407621,338834,266831,761907,334628,730879,6970.67,1463.56,30951.1,60435.7,19998.4,4898.72,5554.58,16.5274
1.15483e+06,763612,907395,754839,423229,304215,834730,593834,762677,10975.5,743.885,51817.5,82897.9,54300,6379.5,5146.1,16.5287
1.42838e+06,1.01003e+06,848518,529829,341986,242010,847864,422100,753133,4949.73,1401.88,58781.8,20858.2,9786.99,6263.84,3527.74,16.5304
1.46868e+06,1.01473e+06,868413,526550,447108,300188,893657,388325,813572,14207.2,1178.99,112153,53596,14645.6,7291.77,10435.1,16.5309
1.83186e+06,1.23898e+06,887117,644330,527622,378743,835852,486386,794837,8000.36,1260.57,37898.3,74352.8,65642.3,6545.91,5525.32,16.5337
2.33677e+06,1.48917e+06,941506,881958,737925,473229,935605,623771,848348,15731.4,2333.91,84743.1,41114.2,29583.5,10727,7666.56,16.5346
1.70849e+06,1.23542e+06,829757,449922,365802,272214,806282,355432,759507,5072.25,273.545,25479.2,26115.6,16437.8,6953.13,6145.31,16.5361
1.62241e+06,1.27794e+06,761729,426548,348464,272470,767346,350109,730997,5917.07,1147.74,109099,41124,10677.8,6698.22,3736.5,16.5428
1.88891e+06,1.28428e+06,882477,916246,526231,359024,879436,690172,796537,11776.8,4339.58,62865.3,39380.3,35037.7,9924.15,4875.42,16.545
1.41743e+06,957256,888432,816385,854424,643018,797262,593562,825240,8248.64,1813.12,100988,38983.6,34106.3,6710.85,6324.19,16.5487
1.7311e+06,1.19595e+06,868478,850840,552135,374979,883465,645813,790483,9018.65,457.971,63223.6,33358,27415.3,7905.86,4351.3,16.5544
1.50486e+06,1.035e+06,872380,571502,309209,211837,875793,440227,778919,9177.5,3850.19,58088.4,29552.4,16046.9,5382.28,4116.51,16.5545
1.07552e+06,755693,853938,699752,617025,416456,888966,507707,826956,10383.6,3362.15,202862,47420.5,40846.8,11071.1,8045.13,16.555
1.75062e+06,1.1709e+06,897058,650489,371413,256578,868539,513274,760400,24466.7,1591.14,130044,62384,20139.4,8417.71,4262.07,16.5555
1.70865e+06,1.20979e+06,847410,676057,493018,352595,838953,510929,793915,12264.9,1041.19,121134,63599.8,20396.5,7284.91,6263.59,16.5578
1.0144e+06,731245,832331,747905,540960,409477,792659,622347,721050,8794.48,1575.72,49776.8,42609.6,25273.5,6707.66,4195.5,16.5594
1.58512e+06,1.15073e+06,826493,569039,520345,380597,820309,455732,749176,8567.34,749.735,121132,39259.4,17069.2,6371.45,5343.44,16.5621
1.36643e+06,958170,855651,485090,210357,148896,847668,380327,765274,21586.9,2796.62,97003.8,18984.9,13644.9,6967.51,2273.49,16.5637
949303,611693,931156,505733,311260,214709,869809,382847,792587,8641.88,354.677,35429.8,38262.3,32609.5,6534.04,3972.94,16.5654
1.32635e+06,992684,801673,469848,381929,287925,795893,367241,767640,10055.8,3003.67,17670.3,32679,20409.4,8512.15,5929.6,16.5687
1.21978e+06,873444,837908,559897,411927,303712,813785,445497,754075,6343.77,372.111,125235,26073.4,15469.3,5036.25,3868.77,16.5696
2.03969e+06,1.33605e+06,915993,748850,643440,463897,832220,586219,766454,5472.27,4697.21,61059.1,51495.2,42765.4,9102.07,5200.89,16.57
947924,686219,828824,553587,304625,215279,849014,438190,758010,9012.03,3434.94,27276.7,24900,9490.85,7215.02,3893.46,16.5718
2.13803e+06,1.56967e+06,817254,398033,326828,240956,813829,327269,729735,8040.01,283.55,23212.5,37837.1,22372.1,5370.37,7504.76,16.5728
1.26525e+06,883473,859276,602026,392639,281431,837092,476157,758606,9282.21,2314.1,45816.2,39293.3,8519.24,5537.24,4012.13,16.574
1.75672e+06,1.30308e+06,808873,356388,200714,148616,810331,283996,752943,4666.04,1397.04,31851,19800.5,19048.5,5055.53,2187.84,16.575
1.7902e+06,1.29853e+06,827182,453695,302816,230624,787816,366060,743640,5919.74,1238.5,51535.8,52605.5,34762.9,7404.27,5642.37,16.5802
1.50998e+06,1.13319e+06,799504,448383,221897,163059,816504,367012,733028,8478.72,499.652,33931.8,34185.4,14352.2,6198.74,3396.08,16.5869
2.60234e+06,1.78949e+06,872541,404854,243788,165091,886012,304709,797196,19985.5,845.128,54008.4,38074,29597.2,11657.2,5096.66,16.5897
1.26176e+06,899629,841517,780215,528473,370435,855977,624038,750161,3551.06,1913.32,110007,49998.8,17002.9,7967.91,3323.87,16.5906
1.75665e+06,1.26483e+06,833304,430736,245700,179216,822583,344697,749765,9611.78,3369.04,26561.5,36952.4,20009.5,6979.45,3071.99,16.5938
1.58447e+06,1.22285e+06,777432,444991,407680,317704,769924,361065,739464,8530.92,-312.022,53269.9,32913.8,32195.5,5961.18,3931.74,16.5938
1.78853e+06,1.4215e+06,754920,374980,220074,166656,792317,302067,744829,6246.8,52.2376,91693.4,44425,19860,4716.46,3063.34,16.5948
1.34784e+06,830345,973939,811995,428468,277307,927062,598427,814129,10933.8,1426.04,98681.3,48092.2,22461.8,10270.6,5346.22,16.5972
1.65524e+06,1.12207e+06,885099,639389,345951,240605,862703,502378,763635,10628.8,1994.44,75848.4,66361.6,59658.2,7522.71,5782.24,16.599
1.89971e+06,1.45123e+06,785421,487489,388142,292962,794933,383969,761763,12272.6,1790.41,46009.5,43454.8,35938.9,6446.39,8645.33,16.6003
2.02931e+06,1.3843e+06,879568,646200,453575,296703,917230,470826,823488,13432.6,2859.27,55264.9,82845.7,45886.8,9182.72,8181.38,16.6015
2.03292e+06,1.51968e+06,802636,813853,642183,477624,806722,647688,753931,15571.9,1083.63,122200,74889.1,27737.6,9724.31,6815.37,16.6022
2.34879e+06,1.37934e+06,1.0217e+06,881968,524284,350552,897358,615774,859375,10556.7,4270.77,27012.9,28389.8,12640.5,6633.94,5217.02,16.6036
1.86438e+06,1.33917e+06,835314,451269,322201,235225,821854,362873,746161,9493.07,884.525,56032.1,41996.2,10026,7242.74,3049.16,16.6038
1.90005e+06,1.3957e+06,816819,678812,411994,302061,818366,534670,761754,9207.93,742.016,238488,30726.4,17732.8,9196.6,7515.37,16.6073
1.92536e+06,1.49346e+06,773514,511888,337398,251311,805531,419242,732591,9818.61,2288.39,47750.4,48177.9,24522.5,7346.37,5908.09,16.6073
1.43821e+06,1.01989e+06,846102,693155,459791,331009,833436,555049,749291,6975.02,2240.28,54356.9,28132.8,5477.75,5838.85,3776.71,16.6075
1.48562e+06,876355,1.01714e+06,906548,598894,354344,1.01409e+06,585443,929089,20841.9,4333.46,141367,64562.5,32630.4,12794.5,8125.99,16.6117
1.29618e+06,1.03988e+06,747884,273354,127633,100669,760712,247260,663319,1786.49,941.294,1.08938e+06,12008,4192.51,823.258,944.091,16.6142
1.97198e+06,1.62324e+06,728907,358258,175042,140115,749563,305018,704729,4008.82,85.0545,952568,25580.3,3313.19,2240.82,2487.69,16.6179
1.31089e+06,945059,832257,621556,543414,376140,866826,488428,763538,5263.23,58.9208,108387,41934.5,16794.7,6535.61,8539.32,16.6184
1.58621e+06,1.03477e+06,919742,871295,1.12403e+06,814251,828264,505171,1.03485e+06,9014.69,2302.03,52146.5,34159.5,14890.7,7686.94,5548.07,16.619
2.41776e+06,1.53046e+06,947858,569380,423493,239795,1.05964e+06,345275,989437,6918.59,133.236,256898,52685.8,33270.6,6977.93,5682.31,16.6196
1.73652e+06,1.18772e+06,877233,503740,289463,202799,856404,388791,777394,17382.7,3609.45,67931.5,39723.5,40133.6,9173,6314.74,16.6205
1.58177e+06,1.14248e+06,830703,552327,288406,203205,851573,422096,785121,9984.4,1182.83,76914.2,33982,34955.7,6870.83,4244.44,16.6218
2.04429e+06,1.56769e+06,782412,380718,287331,222815,773729,311462,733416,9702.39,3921.76,35737.5,36285.5,21648,5363.21,4551.32,16.6237
1.01493e+06,663682,917545,879228,559586,382645,877450,636668,828590,5404.17,1188.76,102433,36838.2,22603.4,8148.03,5997.45,16.6255
1.67012e+06,1.25326e+06,799570,593536,401538,287874,836903,444424,801310,13998.2,4538.72,92571.8,44075.4,16737.9,8980.74,5023.47,16.6264
1.75998e+06,1.23328e+06,856243,440193,369218,268701,824452,346594,762033,11410.6,3554.25,15123.4,30903.7,22795.1,8069.9,5111.42,16.6322
2.03905e+06,1.38748e+06,881764,522391,367440,267247,824944,420091,746112,8679.68,1524.37,60991,80528.2,24839,6990.01,5486.27,16.6322
2.32628e+06,1.53389e+06,909950,550865,339180,244962,830775,431300,766332,13578.2,2725.65,19304.5,32041.7,14246.9,7955.16,7219.98,16.6326
1.53925e+06,1.16625e+06,791900,474017,304985,241161,758791,396525,717257,6760.29,962.605,68254.9,27321.4,11582.3,6904.25,2242,16.6326
1.63528e+06,1.20296e+06,815630,586371,482008,337870,855964,447456,786273,13244.8,607.819,200282,34515.4,24086.9,6641.98,4061.22,16.6333
1.89649e+06,1.38345e+06,822504,392618,284706,209332,816041,298008,790484,20034.9,5261.92,58022.1,45497.8,14541.9,10305.3,4719,16.6341
1.69845e+06,1.18479e+06,860127,921988,541074,395615,820607,726280,761679,6231.73,1566.43,152466,43160.7,19202.6,5946.57,4452.61,16.6349
1.91276e+06,1.20947e+06,948892,823584,721081,499530,866111,608573,811982,12485.5,2856.55,81741.1,47558.7,16437,10423,7092.63,16.635
2.04212e+06,1.53786e+06,796742,551461,417588,329194,761110,443078,746769,7624.27,1438.29,120065,66926.6,49213.1,9045.48,5098.8,16.6524
1.22638e+06,844744,871068,697785,668981,489058,820739,512956,816193,15018.8,2653.75,53822.3,40743.3,30246.8,8610.4,4160.96,16.6536
1.97881e+06,1.4103e+06,841867,730288,429393,326877,788174,576295,760327,9395.46,1666.75,301270,86573,36760.9,6865.94,9802.85,16.6546
1.4463e+06,970208,894429,875371,515817,347176,891451,624019,841677,2503.67,1599.04,714838,61216.3,12496.7,9585.5,4838.37,16.6598
2.68828e+06,1.60305e+06,1.00618e+06,1.08911e+06,583424,366600,954868,789892,827287,8825.5,3098.54,119851,34670.1,17613.9,10220.5,4241.16,16.6628
1.50901e+06,1.19664e+06,756624,439450,329242,252245,783147,361024,730340,4711.13,1312.34,58361.2,29211.5,7462.96,6110.29,3418.1,16.663
1.93426e+06,1.3045e+06,889660,697098,458867,315722,872034,509454,820995,10660.4,5426.11,62262.9,58625.8,56477,11363.4,7963.81,16.6645
1.84359e+06,1.4534e+06,761079,366541,242990,181585,802896,281981,779928,12703.6,-32.8132,120685,42341.4,20310.4,7462.88,3790.81,16.6648
1.54778e+06,1.12923e+06,822394,473864,362225,268529,809354,386538,735551,4938.33,731.435,20690.1,38110.6,9035.24,4641.71,4601.56,16.6706
2.14428e+06,1.41365e+06,910100,755624,645053,431566,896808,549541,825006,17120.2,2903.65,110830,54005,27499.5,11291.5,6986.43,16.6729
1.19966e+06,915393,786324,398659,244261,179972,814330,317845,752554,5031.99,3977.45,1.55689e+06,28970.3,4982.5,3345.61,2602.36,16.6787
1.52341e+06,1.28441e+06,711646,330613,211264,153661,824922,275367,720376,2061.85,2663.42,1.43492e+06,18362.5,1076.88,4654.2,1611.91,16.681
2.59e+06,1.81502e+06,856192,446546,374508,271584,827386,366524,730996,11657,51.2894,90263.8,27378.1,11828.8,11163.5,3343.46,16.6814
1.51433e+06,1.07295e+06,846823,558808,472584,334914,846636,437238,766824,9420.87,1837.18,44333.6,35500.7,15742.8,5632.47,4490.49,16.6874
1.57629e+06,870141,1.08692e+06,880455,557171,338185,988520,593211,890531,7151.12,2333.81,274906,72066.2,47972.5,9000.51,5940.42,16.6882
1.84247e+06,1.5596e+06,708825,270135,141254,115005,736943,224005,723560,10445.6,60.4762,619337,18346.6,6806.55,6356.29,2691.31,16.6945
1.7453e+06,1.28842e+06,812761,471106,326987,227327,863039,361433,782063,10704.1,2720.6,49899.1,76557.5,29480.2,6925.09,4140.31,16.6993
1.96522e+06,1.40163e+06,841256,771305,502426,360335,836598,596404,775956,14385.1,4248.55,54765.7,62847.7,30246,10186.3,6140.69,16.6997
1.39783e+06,868419,965773,986201,537228,322534,999388,649386,911200,15885.1,3587.8,24481.2,64047.2,48752.9,11648.4,10209.4,16.7049
980705,752251,782217,582674,301048,223918,806673,469883,744024,11462.9,3015.61,33870.3,32130,20860.8,7377.41,5877.75,16.7055
1.93959e+06,1.28597e+06,904957,690457,507505,267245,1.13942e+06,438145,945519,24123,5356.24,50417.9,40275.6,24224.8,10622,6741.62,16.708
2.85165e+06,1.72775e+06,990300,980572,722667,456818,949175,664608,885249,16701.7,3456.76,117174,92940.5,68473.1,30777.6,11207.7,16.7099
1.94266e+06,1.46985e+06,793003,348978,305878,240441,763293,289192,724040,3781.33,649.269,107348,28658.3,10237.7,4380.11,4362.1,16.7107
1.75413e+06,1.2526e+06,840237,466490,308886,213336,868730,348487,803169,20248.2,3805.93,93460.4,34119.7,28556.5,8697.49,5858.19,16.7131
1.87378e+06,1.25916e+06,892874,796513,457164,314053,873414,585412,816362,9911.11,5590.22,54554.9,56042.7,58546.8,13590.3,7111.01,16.7148
1.77856e+06,1.17764e+06,906162,981979,572261,350956,978346,691869,851588,19984.8,5478.88,52612.2,41121.5,25299.6,10802.9,6878.93,16.7173
2.30325e+06,1.65988e+06,832561,537096,365248,272827,803253,426416,755735,7414.35,911.167,72458.5,47933.3,38948.8,7981.44,7583.06,16.718
1.46344e+06,1.06869e+06,821627,397759,181376,132945,818574,327009,729813,5398,729.282,55703.9,30758.7,13555.8,4324.93,4301.77,16.7221
1.25411e+06,928866,810094,471614,235293,174009,811312,391624,722551,6524.42,1906.99,62511.9,18913.7,15824.2,6035.01,2537.71,16.724
1.62295e+06,1.10465e+06,881520,678916,398080,286026,835057,523479,778158,8776.32,1920.31,57778,36083.7,26704.8,6253.33,3442.26,16.7284
1.44109e+06,994544,869396,596970,489370,348326,842952,476352,751927,10407.4,163.624,21303.9,46142.1,18854.3,9133.56,3851.85,16.7322
1.64437e+06,1.28736e+06,766393,348232,197641,149825,791488,280375,745213,10861.4,-187.698,146054,27444.6,10266.7,5126.31,2234.13,16.7323
2.04629e+06,1.53722e+06,798698,494147,323535,251151,772924,399071,742945,7562.6,1288.82,63730.7,66300.3,31621.1,4785.09,6039.33,16.7326
1.90135e+06,1.44830e+06,787684,497836,312679,231498,810406,399915,746913,5802.49,12.7238,100511,29482.8,11280.4,4911.83,3656.37,16.736
1.62248e+06,1.30732e+06,744640,479082,362585,287638,756337,405823,708312,8775.25,223.893,63547.8,44663.9,15454.4,3760.22,4053.56,16.7468
1.52406e+06,1.14091e+06,801496,498849,276042,204463,810050,413638,723602,3794.49,2343.97,158808,20049.6,23458.6,6049.57,4599.03,16.7512
1.41155e+06,1.00292e+06,844461,565096,412939,302213,819831,462856,732534,8109.82,592.913,27585.5,32546.8,20335.6,7161.88,4271.27,16.752
1.36094e+06,1.00731e+06,810642,597842,443965,319307,834242,478232,750065,7831.7,-160.227,211259,25077.8,15417.6,6477.3,4638.67,16.753
1.15768e+06,769237,902984,459259,231587,163397,850395,353389,779750,4545.78,705.435,24639.5,33149.4,26156.6,6787.15,3367.96,16.7558
1.06242e+06,714377,892317,549765,259605,176371,883156,414645,795522,11781.2,1520.13,80256.6,28881.8,13991.1,6471.57,5205.39,16.7648
1.53384e+06,1.08855e+06,845441,364443,184114,130795,844590,291075,751234,12221.5,2867.33,25508.9,20822.6,12531.6,4221.99,5233.24,16.7699
2.05931e+06,1.4765e+06,836834,660515,542389,392208,829748,514252,770651,10533.2,1374.35,62001.6,85665.4,53252.9,7056.03,8235.2,16.7729
2.83662e+06,1.76524e+06,964157,679719,405369,268200,906867,497573,819642,11896.3,3096.99,114333,57946.3,31693,10437.7,5433.58,16.7732
1.18162e+06,777712,911613,551534,329875,231500,854967,421612,784893,8751.29,3348.47,50842,36888.5,18013.5,8601.5,4261.52,16.7779
2.03757e+06,1.48638e+06,822493,571202,465223,346810,804862,459081,746537,5103.8,2310.96,24826.6,45951.8,15009.8,9358.3,5308.18,16.7785
1.86488e+06,1.31558e+06,850522,442990,357058,271946,787784,368549,721190,6474.63,2078.39,25361.6,36885.2,26049,8755.87,7096.1,16.7814
1.01063e+06,675621,897516,769790,518428,346282,898277,573110,805908,8218.14,3264.34,119559,34740.4,16632.1,7214.56,6817.35,16.7858
1.2935e+06,898126,864131,473978,370125,251102,884403,366981,774936,8276.07,1294.14,66830.9,29181.2,10288.7,8248.43,7292.71,16.7877
1.89541e+06,1.33687e+06,850680,615216,529582,393029,808462,496024,744177,8913.5,1530.38,53597.6,35019.2,22625.7,9081.47,4918.32,16.8043
1.08515e+06,767157,848705,479103,342421,251839,815808,398488,721381,8635.32,-156.617,96853.2,28948.1,14229,4921.75,3753.72,16.8059
2.05646e+06,1.69196e+06,729260,354136,187522,157334,715122,309141,687330,3837.63,59.011,1.40799e+06,63992.3,4652.01,4488.62,3687.58,16.8086
1.72127e+06,1.10313e+06,936212,495626,376311,263698,856232,385371,771661,12804.2,2009.52,27594.7,51054.2,17503.7,8741.71,6695.98,16.8098
1.74903e+06,1.14294e+06,918168,827464,530174,335670,947670,567843,874323,13102.1,1911.92,27537.8,87648.5,35680.6,10332.3,8217.19,16.8103
1.72824e+06,1.21294e+06,854900,586060,462924,349070,795698,472148,744758,5444.28,1032.58,41224.2,30600.2,21002.9,5375.6,4248.76,16.8118
1.74755e+06,1.18646e+06,883751,629890,413668,287151,864356,484181,780564,12058.3,893.536,72462.3,87089.4,46129.9,8413.76,5870.77,16.8218
1.94275e+06,1.32368e+06,880616,817180,752214,503052,897180,573798,854496,23518.7,4353.37,76321.3,52223.6,29095.7,12480.9,7383.15,16.8223
1.05689e+06,703932,900848,623408,410049,295441,832754,486371,769052,5866.77,2634.18,54734.3,29120.3,16316.9,5305.79,4145.08,16.8252
1.92561e+06,1.43315e+06,806174,395087,249964,187517,799812,330696,716828,10035.1,176.887,70262.1,18606.6,9549.51,8390.59,1873.55,16.8265
1.92674e+06,1.35341e+06,854174,467599,305251,226483,808674,389174,720910,6283.76,849.399,56010,62184.9,30365.5,7581.07,3787.04,16.829
2.06508e+06,1.56646e+06,790984,444648,371304,270537,823481,352001,757921,10272.5,482.866,122279,32668.7,11746.8,6095.95,6026.38,16.8313
2.25223e+06,1.59274e+06,848432,636244,533514,359901,889434,452473,843688,9615.88,2520.51,87796.7,123782,82506.1,14701.7,5904.77,16.8314
1.81127e+06,1.32893e+06,817768,576203,393837,263239,897672,441068,783829,21449.7,2655.77,56667.3,45740.5,21969.2,8524.47,5874.15,16.8341
1.40116e+06,1.03016e+06,816087,504679,437162,342514,765800,427049,709070,4234.07,239.54,74756.4,27132.1,10062.6,5154.1,3806.26,16.8348
2.19497e+06,1.64896e+06,798676,474934,409590,336620,730064,411595,692332,6165.51,861.072,25582.4,30179.8,14737.4,4421.82,12153.6,16.8417
1.85286e+06,1.25853e+06,883343,858482,786490,533984,883723,626409,822289,11522.7,4128.98,112105,61996,19025.3,10904.6,6011.16,16.8427
1.60515e+06,1.22946e+06,783345,448064,371661,269064,828786,348538,771331,11305.2,1669.75,56380.3,54363.9,16207.3,6125.26,6128.36,16.8447
2.04064e+06,1.46180e+06,837584,468592,398359,297141,804383,375199,749349,5833.48,2131.46,22802.5,46012,28798.8,6261.8,6146.36,16.8476
1.18255e+06,918697,772322,495310,272399,214867,760655,416923,712808,8110.13,1028.94,115567,21094.3,12491.6,5253.28,1839.97,16.8485
2.61799e+06,1.8035e+06,870969,770937,722222,447394,968572,534084,866086,12165.4,2228.44,85553.7,107874,40339.1,10961.9,6390.38,16.8611
2.72846e+06,1.84736e+06,886170,569855,451587,315632,858444,437444,781615,10179.9,1589.66,57312.7,98085.9,34339.3,6737.67,6117.04,16.8633
1.92855e+06,1.30936e+06,883739,663980,481541,335383,861476,481311,827714,16065.9,5056.54,182482,90172.1,13467.4,13326.9,7167.56,16.8684
1.53047e+06,974831,941991,526366,387891,255167,912086,374543,843213,10024.3,3274.1,12855.2,49414.3,17944.3,6447.96,6740.48,16.8732
1.13704e+06,769256,886862,507582,394493,286925,824940,396053,768961,7859.93,1180.53,48735.7,26228.9,24930.6,6467.21,3936.34,16.8756
1.84421e+06,1.35065e+06,819254,508151,288701,212297,815935,406462,750108,9359.29,2385.21,53306,22952.3,24283.1,7263.08,5467.68,16.8774
1.52104e+06,1.14204e+06,799116,644702,440346,311438,848347,499760,774014,9457.28,1890.38,979902,34388.1,40885,10322.5,6333.54,16.8782
1.75699e+06,1.25071e+06,842878,556108,474458,345584,823750,419651,795101,10187.9,1780.85,61786.2,67000.1,50773.5,7655.92,5045.02,16.8819
1.19354e+06,755120,948358,516498,277105,181596,915564,378968,817745,6708.44,780.618,24663.6,19670.7,12013.8,7507.46,3313.54,16.8858
1.15244e+06,849028,814416,579083,389404,282520,826994,461090,753540,6669.48,1911.99,58212.1,26904.5,10599.5,7374.91,3670.42,16.8878
1.4645e+06,1.02277e+06,859135,739748,418268,301464,832473,598643,741425,8883.02,5155.34,33259.2,36288.3,20864.1,6676.42,5915.82,16.8893
2.11202e+06,1.49592e+06,847113,558396,468660,331500,848254,429375,780291,15111.9,2002.46,102135,52554.3,14347.9,8684.47,4787.95,16.8906
1.9749e+06,1.22256e+06,969233,621532,444529,307117,868456,469991,793460,6559.65,4417.36,53790.2,45422.1,29940.4,9438.53,8928.11,16.8929
1.92788e+06,1.3218e+06,875114,1.12067e+06,576698,355824,972444,768571,874875,15248.1,3807.01,399233,105584,40576.4,12696.1,9557.08,16.9015
1.77832e+06,1.21789e+06,876100,478256,342505,228716,898507,362610,791356,19112.3,2584.13,56168.9,35634,18584.7,7452.92,3662.28,16.9126
2.04265e+06,1.59819e+06,766861,480952,384323,306143,753223,409020,705519,7186.41,250.96,252290,58644.3,22306.2,4878.2,5184.72,16.918
2.25999e+06,1.78716e+06,758744,427034,272158,214820,760147,354842,722070,5191.17,995.751,73402.5,39136.8,31264.6,4957.12,4912.08,16.9215
1.95203e+06,1.57408e+06,744064,327268,232973,183045,763657,273575,717758,12989.5,3096.57,33643.9,29390.5,9545.92,6116.73,3573.96,16.9232
1.97793e+06,1.41995e+06,835771,548008,334630,240069,836334,419129,784496,11845.2,2090.87,57721.7,27313.6,17644.9,7426.53,5882.42,16.9306
2.03773e+06,1.30452e+06,937229,920997,550123,349759,943718,646076,855315,10794.7,3729.07,64252.9,36409.1,29688.2,10883.2,6204.24,16.9336
1.40573e+06,1.10016e+06,766656,439099,303235,243646,746743,365289,721235,7515.05,1844.05,23826,38165.2,9942.66,5243.96,3660.73,16.938
1.02813e+06,685143,900366,577611,389803,267987,872736,429043,807766,6651.89,1806.43,59381.7,26316.3,16703.3,5603.24,4048.9,16.9508
1.72306e+06,1.27157e+06,813038,608306,406270,332449,733231,527428,692006,4943.9,715.679,47697.7,30174.3,27080.9,5522.59,7825.16,16.956
2.15741e+06,1.45416e+06,890166,462064,332227,217387,916966,323597,856739,20299.4,3113.62,200766,70332.9,16891.4,11485.2,5099.38,16.9591
2.21807e+06,1.57625e+06,844308,462184,375042,283083,794910,383724,722683,11617.9,4076.84,56348.7,31360.6,22742.4,7214.81,10296.9,16.9668
1.69307e+06,1.03039e+06,985882,768137,404020,272167,890673,590069,781065,5932.89,1845.54,71709.2,49406.8,47689.2,7692.71,9244.16,16.9668
1.93968e+06,1.5047e+06,773449,652660,476732,327166,874294,474950,824500,3575.92,2179.68,920902,112400,9872.16,11911.9,7136.68,16.9682
2.03046e+06,1.43023e+06,851803,555727,477449,328124,873053,411532,810231,19917.1,4507.14,48959,45869.7,23438.5,10719.8,6290.42,16.9766
1.45306e+06,792242,1.10047e+06,957499,617232,361778,1.02366e+06,625175,918941,11711.9,3452.48,49782.3,95219.3,63625.2,15056.9,6356.66,16.9769
2.06887e+06,1.47029e+06,844270,426358,318549,237479,804827,360832,708959,5003.49,514.464,253710,30159.5,20850.1,5916.99,4601.81,16.9837
1.66483e+06,1.29894e+06,769012,526040,374977,269271,835539,413042,764144,4901.42,1796.24,59870,37360.6,30930.3,5144.38,5593.82,16.9883
1.59902e+06,1.21656e+06,788628,562875,396766,297218,800959,453480,744740,8384.35,731.357,53451,25987.4,15783.2,6411.45,5594.36,16.989
1.66165e+06,1.18404e+06,842025,707267,419558,305973,822735,575086,737907,4444.55,980.158,66911.8,17945.2,6799.24,4276.52,3116.16,16.9916
2.03633e+06,1.47025e+06,831016,590725,514251,395893,779378,484304,731844,6583.79,-868.002,220029,36978,12269.6,5687.28,3991.74,16.9925
1.85769e+06,1.21446e+06,917782,513114,283343,199331,852882,406058,758188,12900.6,319.221,55300.2,103492,55649.7,5780.34,4613.22,16.9956
1.59178e+06,1.2607e+06,757565,409420,350044,285815,734833,336095,730901,4394.44,-235.747,57873,33503.1,21971.2,5451.19,3707.33,16.9986
1.17749e+06,852144,829080,501834,281046,206684,815870,393718,764762,7364.97,1108.94,87651.6,42993.7,32109.2,6210.66,4608.9,16.9993
2.5631e+06,1.61543e+06,951984,795612,582642,385928,905831,594403,803104,13449.4,144.603,138616,191881,33004.8,22734,7539.44,16.9995
1.0202e+06,679377,901006,634507,446651,314620,851791,508879,748123,11750.9,1634.89,73246,30824.1,13652.3,6928.98,4206.54,17.0023
1.5213e+06,933634,977666,784156,534706,356574,899739,592701,793813,10968.6,4055.02,225032,81410.6,13382.5,9605.9,5302.9,17.0057
1.63451e+06,915231,1.07154e+06,1.14446e+06,706771,449845,942687,769079,892856,14600.7,4168.26,55928.4,59864.5,49283.2,13255.4,6594,17.008
1.63317e+06,1.16219e+06,843154,392878,301024,219473,822947,311738,756170,19607.6,1804.95,53732.9,35793.9,16636.2,7236.71,4086.77,17.0102
1.84011e+06,1.27849e+06,863568,548330,463158,328814,845142,414458,793802,16096.8,2863.46,9680.84,36828.3,22957.2,8466.83,4873.89,17.011
1.5549e+06,1.11232e+06,838739,535045,291193,198871,878538,413813,775778,9975.23,2714.15,121821,39656,12530.1,8639.46,7649.44,17.0122
1.94965e+06,1.35936e+06,860544,660295,491756,342616,861180,521098,760273,19424.4,1265.53,46194,47214.6,36653.8,11347.7,5985.35,17.0127
2.13875e+06,1.57092e+06,816877,569045,306640,221694,829900,439127,777513,18084.8,2878.77,44802.5,43978.9,19021.1,8084.23,4056.97,17.0144
1.77114e+06,1.28190e+06,828988,818675,572951,383426,896575,608417,807350,10501.8,4103.28,103608,31513.7,17558.4,11119.2,5459.69,17.0207
1.54356e+06,1.11333e+06,831857,645374,546615,400244,819422,514269,752960,10053.2,242.425,97704,41819,21516.1,4993.86,6130.29,17.0256
1.30372e+06,805406,971226,1.0291e+06,491266,325615,905240,779043,792590,8684.12,1224.75,242290,52695.9,66103.8,7679.15,3845.66,17.0272
1.4042e+06,923613,912200,757978,630754,443539,853257,559580,812728,13435,2779.88,125602,53913.7,43120.4,9292.94,8720.77,17.0277
2.66767e+06,1.85087e+06,864785,368520,245583,169247,870620,291704,758002,8010.66,133.245,47330.5,59599,21889.9,6085.19,6769.31,17.0347
1.89799e+06,1.21957e+06,933770,694708,547027,371532,883413,515339,808837,8401.71,1760.62,56322.4,30961.5,18647.6,6709.99,8064.97,17.0379
1.95243e+06,1.41089e+06,830296,240843,147367,110136,802826,189082,764248,4173.29,1250.31,94805.6,47539,6798.43,804.754,4544.11,17.0402
1.69369e+06,1.27272e+06,798463,575920,465622,346612,806012,457922,754609,10004.5,2579.76,34127.9,53151.6,16405.6,6496.17,3601.97,17.0425
2.04087e+06,1.41987e+06,862416,453288,342394,243136,844945,362524,750219,12869.3,2996.72,59014.9,60978.9,32229.2,5696.12,3683.81,17.0472
1.68433e+06,1.19751e+06,843913,478696,276191,211551,783333,393639,729647,11937.1,2221.9,60673.8,66718.6,34899.2,5576.55,4280.92,17.0489
2.03943e+06,1.38309e+06,884725,603088,403652,278634,869210,477634,757595,7804.15,5031.89,24669.8,55116.8,24930.5,6278.7,10843.9,17.0506
1.98067e+06,1.53055e+06,776455,347595,298336,219122,816905,279543,746063,12995.6,783.415,51672.8,22676,14112.3,6192.43,3976.38,17.0559
1.78267e+06,1.22101e+06,875992,672803,498662,368089,812839,517676,779797,7734.35,1721.25,202014,49194,22209.2,7766.8,4747.99,17.0571
1.76055e+06,1.24019e+06,851749,507073,388342,267617,870666,398131,764180,14418.9,1367.19,134078,37174.1,22659,8210.39,4447.82,17.0592
1.80715e+06,1.33893e+06,809816,373298,320911,242769,793126,297317,753334,12654.8,449.984,58921.9,38124.2,29954.3,5405.61,4686.46,17.0637
1.74023e+06,1.22087e+06,855237,669988,570425,416732,821283,524485,766452,13718.6,643.095,872451,130846,14116.9,9586.21,7042.43,17.0657
1.8367e+06,1.28653e+06,856582,553274,351853,249316,846764,419089,792109,20170.9,1820.2,70752.6,45264,19230.1,8653.31,5618.29,17.0738
1.77332e+06,1.26916e+06,838341,502185,341772,248992,823573,404880,744199,17451.2,1230.56,109040,32037,16829,7261.71,5823.73,17.0749
1.35568e+06,998158,814911,779449,545744,378238,865716,576415,811341,14093.9,4734.92,58754.5,41089.6,13188.3,13233.7,10010,17.0761
1.54837e+06,1.15311e+06,805666,508546,290336,214080,813721,420425,725760,14741.3,2635.77,207734,38339.5,19636.8,8401.27,2317.63,17.0791
960829,528356,1.09112e+06,944138,512041,303084,1.01366e+06,624752,906732,10062.1,621.335,50755.6,38303.8,70311.5,13576.2,5843.42,17.0874
1.49624e+06,972436,923189,593083,323257,225892,858615,461310,771390,9456.97,3728.88,16286.5,39247.3,27711.9,6515.22,5597.48,17.0874
1.83714e+06,1.27798e+06,862521,498592,374315,279356,803953,412563,725113,6691.25,1157.92,64247.1,58199.8,25884.4,6054.18,3762.04,17.0904
1.72683e+06,1.16121e+06,892257,600722,499869,345573,867896,448700,803283,7023.49,3418.76,22341.6,27393.1,7963.55,4581.29,6295.84,17.0991
1.41731e+06,1.01368e+06,838907,400897,218955,153628,855138,323027,744638,8763.72,2002.4,14288,22768.3,11774.9,6567.61,1988.08,17.1116
2.03291e+06,1.61425e+06,755612,366625,252200,193210,783191,305377,720340,6015.62,1777.25,72452.2,24189,17806.4,4794.64,4575.76,17.1184
1.39567e+06,1.12119e+06,746890,432310,315177,250580,754673,350705,739612,4638.59,143.527,120957,27621,10659,7466.07,3707.26,17.1211
1.6298e+06,1.24544e+06,785166,518375,378011,281528,805627,418642,742938,6118,501.411,126782,39887.4,18312.4,6228.42,3330.96,17.1213
1.383e+06,945112,877993,604160,312307,219061,855397,481425,752965,8849.21,685.373,4161.41,30054.8,30267.8,5356.52,3356.52,17.1215
1.86459e+06,1.30926e+06,854492,407785,339930,237540,858627,315049,776612,19780.7,4839.5,23106.3,37501.6,14916.7,8171.55,7812.84,17.1256
1.799e+06,1.37956e+06,782423,382430,241404,197676,732727,330217,694870,3984.25,621.687,61520.1,44665.3,13093.6,4452.97,3023.27,17.1273
1.07266e+06,715799,899128,574304,491370,369160,798630,454530,758107,10293.6,-39.7126,40299.8,43632,27259.5,7161.16,5559.84,17.1336
1.68006e+06,1.21507e+06,829607,784989,485930,347636,838688,612911,768453,9330.64,4680.98,33368.7,56907.5,48940.2,8546.77,7797.76,17.1351
2.9357e+06,1.90454e+06,924854,861810,579100,399787,869113,659523,784030,13310.2,2363.29,127407,162387,68491.4,11784.3,7333.93,17.1415
2.15323e+06,1.26073e+06,1.02475e+06,919454,704275,455668,927353,643079,857861,11908.7,3410.98,158806,59798.7,38402.1,11396.7,7841.24,17.1448
1.54528e+06,1.13349e+06,817977,631183,511563,363454,844502,485095,780692,14824.4,822.573,230808,46352.8,30659.7,14633.6,5173.84,17.1529
1.69843e+06,1.05068e+06,969899,518951,436214,316896,825912,398055,782231,5450.45,1099.09,113105,39223,23413.4,7003.46,6198.26,17.1587
1.85604e+06,1.09889e+06,1.01341e+06,655637,419665,272860,922813,480468,818748,5866.65,3996.14,42246.8,21804.7,26704.9,6938.7,4436.77,17.163
2.09331e+06,1.43402e+06,875847,459619,319512,226482,846456,368551,748258,10224.7,3252.65,23876.7,55935.7,37282.6,7008.24,9323.32,17.1635
1.91899e+06,1.44888e+06,794675,373422,290196,211101,824807,289615,773624,11524.4,3441.19,29329.5,33426.2,12395.1,5529.63,6885.4,17.1646
1.22926e+06,793603,929379,914168,777955,496753,939648,657844,833786,5936.38,870.98,875032,146492,22994.7,15023.3,3441.98,17.1674
1.35841e+06,927045,879187,519706,335049,234442,857481,385391,809110,9709,155.027,41592.3,33696.5,20128.7,8977.96,4611.33,17.1691
2.00238e+06,1.57577e+06,762440,332941,222493,172753,772757,275916,724006,9663.53,406.591,33899.9,36832.5,19188.9,6825.35,6333.72,17.1693
1.93794e+06,1.28541e+06,904583,762673,443249,297083,895202,544255,840789,12715.3,2188.92,27289.8,43812.9,26342.1,8556.67,6176.68,17.1703
1.52755e+06,1.11618e+06,821133,530591,327166,237530,826419,438687,725699,8577.3,-158.915,194254,27205.6,9976.42,6691.35,2485.45,17.1726
1.99519e+06,1.54563e+06,774515,495555,354904,267908,794833,392574,757393,10332.1,1225.81,145963,44319.3,14331.6,6836.55,4915.81,17.1737
1.81479e+06,1.39142e+06,782560,380267,265367,202773,785214,309860,736333,5962.25,1547.78,62962.6,28021.5,8208.78,4894.37,4244.29,17.1759
1.88621e+06,1.38684e+06,816048,426572,298447,220861,810772,351979,727155,10530.8,3084.86,28998.2,30581.3,6391.75,5565.37,3692.06,17.1779
1.73613e+06,1.158e+06,899551,711012,367971,239403,922222,515395,827729,7336.07,2184.31,84506.4,28728.7,48492.2,9149.05,7885.44,17.1796
1.81879e+06,1.25635e+06,868607,627028,447704,312628,859239,479042,785352,5941.8,3766.07,180785,29103.8,7940.82,8511.41,5900.14,17.1807
2.60761e+06,1.55078e+06,1.00889e+06,731565,400679,272306,882857,535787,819242,8055.21,1864.47,32888.6,25486.1,11822.5,3683.58,4544.44,17.1817
1.19071e+06,814376,877270,1.12405e+06,893231,581025,922402,740421,910874,19181,3317.7,919381,41269.7,59435.1,9554.72,8969.07,17.1828
1.07454e+06,774210,832748,565599,407538,282569,865355,412445,822799,11582.5,933.655,185587,28417.2,24197.7,7784.8,4134.65,17.1833
1.81168e+06,1.3501e+06,805134,418169,353292,268616,789138,338248,741768,8992.21,635.061,106571,27359,13875.8,5072.82,4287.59,17.1833
1.5594e+06,1.04117e+06,898646,725750,386449,267228,867684,557042,781718,6192.09,4001.74,33552,41705.3,50416.3,8866.16,6935.29,17.1854
1.43825e+06,1.03820e+06,831192,747374,525209,363428,867092,559021,802160,17405.9,1767.11,115264,49110.7,36854.8,7847.73,5370.92,17.1916
1.17266e+06,807997,870790,749281,515920,345091,897015,553426,812338,11795.7,2693.2,115489,41549.7,21638.6,7893.87,8800.04,17.1937
2.05217e+06,1.48662e+06,828254,494730,387385,295302,787095,408271,727061,8402.32,762.442,54360.8,49618.2,35781.1,5186.77,5303.97,17.1941
1.27907e+06,859365,893035,432420,337575,220849,917120,314054,826137,7256,1183.78,48362.6,32750.3,16896.1,8656.27,4156.75,17.1954
1.16533e+06,899934,776941,421710,262968,195606,806624,323822,781374,13350.3,1397.94,218583,31757.4,9814.67,10185.9,3815.19,17.1954
1.65336e+06,1.14242e+06,868349,655648,384858,280690,822669,506098,777298,6096.58,1097.48,331175,42434.1,57968.8,5923.64,7354.3,17.1961
1.36509e+06,929174,881489,728797,442076,321159,825902,573367,762649,6803.11,3800.41,133925,57118.5,15216.8,6470.5,4142.42,17.1981
1.4453e+06,1.01328e+06,855816,442103,352001,249399,846837,346752,764989,13571.6,1313.64,24471.7,25294.1,12371.1,6338.48,3503.79,17.1988
1.88217e+06,1.16538e+06,969045,794809,542737,366523,888463,583316,817542,13459.2,1120.15,89161.2,122173,76339,7177.95,5410.06,17.2025
2.51639e+06,1.63608e+06,922838,687090,404932,287150,846106,540705,762437,8724.94,1422.84,136232,35550.4,45618.3,9373.46,4682.63,17.2068
1.71218e+06,1.2177e+06,843649,588054,390801,270260,867611,440390,801181,12363,4132.98,24515.9,35098.6,17338.5,8380.16,7080.33,17.2089
1.13038e+06,792408,855906,624838,504389,362130,835704,493317,759963,7799.83,1129.92,209728,22954,11828.4,6639.42,4165.21,17.209
1.44461e+06,1.05274e+06,823343,337329,195459,142423,823430,271490,745507,5478.05,-29.2656,96910.7,33531.9,12115.7,3113.88,4399.84,17.2106
1.97349e+06,1.25018e+06,947139,893869,640268,420171,914297,669388,801211,11563.5,3307.94,100644,68322.1,31355.1,13399.4,4082.87,17.2112
1.48088e+06,1.10194e+06,806336,579162,398710,302783,790091,466037,745643,6964.15,2104.26,52623.1,31822.2,11805.5,5546.41,5899.14,17.2144
1.96694e+06,1.45164e+06,812988,446931,298047,229837,778066,359499,745924,4452.06,222.977,46086.9,89935.2,18677,4011.53,3428.11,17.2158
1.48844e+06,1.04724e+06,852775,507886,320703,225070,854941,396102,769326,8760.32,3214.03,22655.1,35976.6,16117,6740.33,5461.35,17.2198
1.65114e+06,1.09384e+06,905692,468710,390308,288531,811646,367528,765182,7272.42,344.117,67594.8,36629.4,28128.4,8327.98,3900.89,17.2244
1.67979e+06,1.01773e+06,990311,554769,273034,162604,1.00748e+06,375861,885597,8891.18,1313.79,58232.5,29469.3,25376.9,5889.97,9612.1,17.2244
1.83149e+06,1.24531e+06,882428,330996,255337,179091,855444,266335,745670,7609.52,139.888,22821.7,17071.9,19799,6257.44,4118.28,17.2269
1.71308e+06,1.24771e+06,823787,686544,466219,323506,864688,531803,774585,11298.2,-44.8727,146003,135175,117776,11941.2,7291.45,17.2269
1.12368e+06,817092,825128,594569,475018,362011,787298,461856,772408,6794.66,812.641,63300.8,38904.7,16322.2,6237.14,5562.02,17.2331
1.48626e+06,1.05925e+06,841874,441455,379873,276398,824621,325309,814220,12111.2,718.794,33570.9,41434.1,13520.4,5428.82,6707.61,17.2343
1.34917e+06,1.05996e+06,763706,464033,326700,248990,787260,381740,729343,7417.74,15.9565,191572,30791.7,9779.33,4691.17,3545.95,17.2414
2.3559e+06,1.77962e+06,794293,600170,431579,339488,762759,501091,718635,11216.9,1889.04,67011.9,36207,5120.15,2015.1,5033.66,17.2448
1.48337e+06,1.00769e+06,883225,698146,429118,301791,853142,538488,777896,8723.31,1258.64,45257.7,39504.9,24930.4,7700.84,5214.43,17.2531
1.70502e+06,1.26592e+06,808121,598266,423011,286824,884885,448757,799897,11291.1,2798.42,99061.2,59059.2,13894,8804.65,6694.49,17.2587
2.06867e+06,1.32805e+06,934604,860812,590052,409982,863529,641662,804921,45798.6,4339.76,286208,165828,34251.1,12141.3,8002.33,17.2608
1.96959e+06,1.36423e+06,866243,693478,575200,425183,811698,544968,763507,8397.79,1100.83,128549,95334.3,75293.2,6965.31,6206.04,17.2664
1.22966e+06,865262,852686,560830,401512,311994,772154,447531,751899,8948.16,1412.66,110624,31846.2,20340,7461.73,6574.41,17.2733
1.45411e+06,1.04343e+06,836149,639618,547659,398352,824887,509030,753925,7543.86,2052.08,114058,44758.1,21441.7,8777.31,4626.14,17.2775
1.87071e+06,1.35137e+06,830584,499130,272595,201739,810735,395516,757183,7934.55,2780,32321.8,69292.8,29291.5,7908.39,6699.14,17.2811
1.52629e+06,1.20357e+06,760882,443902,304345,226685,805553,345254,771435,12158.5,2371.83,26005.8,42067.7,24097,8376.35,4753.91,17.2853
1.95518e+06,1.55968e+06,752146,339709,274949,227464,725255,303705,671130,3139.41,2751.84,331172,32356.5,11687.2,4088.39,3894.71,17.2867
1.87682e+06,1.39474e+06,807386,393110,275460,207625,796031,306222,770245,6174.49,2724.64,64754.7,47036.7,37190.4,8003.64,6221.57,17.2887
1.62463e+06,1.28019e+06,761431,262469,166176,127731,780589,210688,747462,5593.79,533.229,851605,186991,14365.6,4890.6,970.009,17.2887
1.2913e+06,917079,844836,477394,255688,183541,835849,381266,751278,12777.5,3639.07,13195.4,33300.4,15646.8,7450.76,2888.76,17.2925
1.61966e+06,1.1143e+06,872115,462463,212898,152480,837740,366020,758095,6447.85,1303.67,106307,34615.9,14810.3,5786.16,9105.78,17.293
1.83495e+06,1.30936e+06,840850,584557,419267,287568,874785,439301,798391,12723,2418.97,108857,40008.4,25628.2,8616.91,4714.32,17.2937
1.94046e+06,1.37884e+06,844386,530916,279592,199934,839053,403771,788937,4669.8,1420.27,63237.4,26926.6,29376.1,6857.87,6178.41,17.3056
2.55124e+06,1.80871e+06,846317,666670,418759,296391,847717,500694,798895,16484.5,2789.47,30834.2,94963.5,30609,8382.54,8314.02,17.3065
1.60046e+06,1.28292e+06,748504,458317,309733,243593,762911,382021,719830,5695.28,231.026,79237.9,29040.1,15031.6,4626.95,4708.26,17.3083
1.12585e+06,782458,863321,820453,719378,524459,822995,636307,773639,11738.9,2361.09,84623.3,34353.1,11263.8,8092.43,6165.41,17.3102
1.20224e+06,761075,947796,758330,494407,321987,921292,532723,854099,9047.02,2366.12,97563.1,40756.3,29702.7,9666.52,4516.08,17.3124
2.079e+06,1.57629e+06,791351,515068,387703,282783,822615,403797,765337,16021.5,2704.74,96185.4,42029.5,27637.1,6238.1,7126.18,17.3127
1.34248e+06,1.01004e+06,797479,410582,256585,203379,756966,345661,712691,10622.7,987.682,67135.5,28419.8,12373.2,6957.2,5204.5,17.3148
1.34934e+06,932542,868166,938937,662124,446016,890718,693066,812855,7246.3,4445.73,95318.9,80417,27392.5,7455.79,8727.82,17.3156
1.72904e+06,1.19098e+06,871067,612236,313888,213546,881931,466526,787399,9016.79,4325.01,26175.5,68573.5,59977.3,8802.48,6061.43,17.3301
1.86886e+06,1.32458e+06,846541,618650,547571,388864,844878,474314,782583,8861.62,4104.93,62233.8,81932.1,26678.9,9144.37,5523.22,17.3344
1.11753e+06,774289,865983,515047,304554,214483,851968,392522,787288,8433.77,2825.93,60454.8,27003.9,24412.7,5530.91,4376.34,17.3355
1.87488e+06,1.47146e+06,764495,375135,230775,180714,766211,308861,728746,18167,2501.38,32578.5,19115.4,5902.86,5360.37,2587.67,17.3415
2.05026e+06,1.51602e+06,811441,489207,403117,285140,848251,382982,766418,10707.4,-31.5551,57860,146529,28021.4,7667.01,5778.7,17.343
2.19502e+06,1.62718e+06,809381,450507,380867,281091,812975,350878,770366,8783.17,1591.19,25939.8,63312.1,41582,6067.28,4426.75,17.3446
1.73902e+06,1.147e+06,909690,805702,678175,459272,885979,579760,833830,11019.3,2427.44,36486,47471.3,33170.2,11312.7,7998.18,17.3518
1.30883e+06,851619,922125,518221,339923,209117,975310,364642,852707,7145.91,-7.44921,123760,38845.6,28005,7324.02,4041.67,17.3535
2.26666e+06,1.50864e+06,901469,1.03628e+06,656054,463540,849188,764846,812929,12537.2,2676.54,62194.9,84535.2,37428.4,9230.98,5824.83,17.3538
1.71968e+06,1.35524e+06,761350,417560,296629,224454,792936,337594,742122,12638.3,1048.19,137085,35102.1,23825.2,7417.55,4203.79,17.3546
2.26987e+06,1.58092e+06,861475,662078,476454,307961,928274,500471,793746,14114.5,2237.82,37084.7,35305.7,27205.9,5528.72,11736.2,17.3548
1.74077e+06,1.1307e+06,923727,574765,473535,291144,975878,397434,867714,5246.54,374.553,48108.2,47777,10056.7,5390.62,5988.98,17.3567
2.71249e+06,1.70932e+06,952129,661028,536241,364882,881777,487973,812784,24475.3,3627.66,32557.7,61315.3,33403,9938.15,8752.32,17.3656
1.29803e+06,903450,862050,770450,459815,339906,811663,595507,776263,6914.85,1240.65,34914.3,25451,31927.2,8255.32,5027.26,17.3712
1.73914e+06,1.15056e+06,906934,593552,385393,243697,948866,395840,899684,15695.1,3682.91,123442,50488.4,21278.7,11665.1,8197.03,17.3742
1.12381e+06,691144,975611,743204,435513,297128,879445,580787,767790,5759.86,-71.8488,267944,56518,51489.1,4586.53,4684.81,17.3813
1.78449e+06,1.21550e+06,880864,521671,312842,227618,824649,419017,746993,12978.4,286.132,48834.1,34159.7,28326.2,12710.9,2328.64,17.3845
921949,636175,869524,434081,295168,210760,840296,336529,773927,5561.88,148.495,22527.7,25589,17593.8,4715.51,5166.85,17.3845
1.53379e+06,1.16647e+06,788943,500513,444987,346091,771451,409942,732562,7496.17,1354.18,46774.3,43744.9,5570.93,4073.91,8062.55,17.3887
1.7748e+06,1.39322e+06,764330,502515,311040,240065,777388,419324,719036,10355.2,757.071,49704.7,22526.4,12070.9,5510.96,7067.64,17.3982
1.94061e+06,1.30334e+06,893365,702715,414604,297865,835152,530412,794909,11492,4736,52174,32952.7,25515,7232.57,5714.55,17.4011
1.84039e+06,1.42006e+06,777600,396866,295758,225074,788430,313248,760164,13254.4,768.575,249794,22538.3,11054.7,5328.2,3369.97,17.4021
2.11103e+06,1.6226e+06,780609,412269,290234,212780,818407,321838,768589,14984.1,3759.62,57638.1,40214.4,12193.6,10469.3,4674.78,17.4083
1.32386e+06,959452,827884,692638,538839,370309,873064,508655,817022,11928.8,2723.53,99295.3,34657.3,23632.3,8293.9,6148.09,17.4091
2.01812e+06,1.49874e+06,807925,495836,365527,266079,824253,386529,769675,15580.7,4513.51,51213.8,38076.3,13261.5,8263.08,5025.88,17.4148
2.09832e+06,1.52621e+06,824916,489695,394238,291062,812689,386710,759786,9011.19,1190.27,51611.5,91630.8,33863.8,5354.55,7424.36,17.4149
1.87336e+06,1.42397e+06,789350,442402,274108,214525,766646,377923,702368,4170.85,92.9402,65479.1,56413.5,17113.8,5426.61,3568.81,17.4183
1.59023e+06,1.13616e+06,839789,699245,492415,357485,826466,534721,784609,11867.6,2738.19,107785,37668.8,32000.4,9958.94,6097.72,17.4257
1.61044e+06,1.10675e+06,873064,676959,535873,375275,856768,538688,754009,10911.2,-162.995,65465.4,78110.4,76768.2,6652.36,4292.95,17.4261
1.63055e+06,890678,1.09841e+06,717670,578512,326024,1.06467e+06,430622,999953,7020.65,3447.02,61102.3,43203.6,18715.8,6105.86,7052.67,17.4307
1.02956e+06,664743,929287,367079,249327,158405,944391,267110,824556,12132.3,893.981,56444,30404.7,8550.46,6977.23,2994.95,17.4341
942606,677976,834194,549444,362154,261514,830902,452316,728840,7130.21,980.645,21918.8,27873.9,19307.5,6360.55,5068.19,17.4368
1.93002e+06,1.29226e+06,896116,639189,487200,319731,914268,470269,815519,8563.15,-773.673,177023,30860,39011.6,8785,5723.59,17.4427
2.13277e+06,1.48313e+06,862812,622525,361299,264829,818563,504625,740183,6340.33,1356.92,396399,43210.3,31563.9,5275.8,8550.02,17.4432
1.23901e+06,974821,762606,484818,400956,304137,791004,386906,751838,4425.27,-9.7482,93427.4,34932.3,9845.48,5471.33,3469.8,17.4511
1.37995e+06,1.04173e+06,794808,391085,234556,185559,758430,330055,710946,12596.9,356.321,130710,58366.3,42880.8,6104.74,3681.91,17.4518
1.48708e+06,1.10403e+06,808172,525327,386712,285154,813692,411371,766210,8544.6,-130.302,163583,32645.2,31485.5,5923.84,4979.59,17.454
1.41986e+06,980817,868580,712011,447130,319802,838888,565286,755735,9654.06,1076.42,129663,43456.2,42387.8,6201.3,4783.83,17.4579
1.65502e+06,1.16454e+06,852707,533307,404157,302367,801986,406926,786344,10487,4812.82,58569.3,29919.8,15833.8,6324.76,5299.91,17.4602
1.2504e+06,905670,828384,554906,271162,202610,803008,462968,719150,6875.93,1289.17,51561.5,29414.9,11344.9,5254.18,3774.1,17.463
1.02994e+06,622557,992618,777855,519191,299950,1.03855e+06,484447,963393,7556.17,959.339,54360.3,41461.3,33584.3,10406.6,5867.06,17.4684
1.7904e+06,1.27091e+06,845253,483633,395699,287265,826482,389937,744170,7163.14,1585.3,26980.5,27259.7,9244.44,6435.2,2756.14,17.4746
1.31841e+06,890904,887915,529645,270480,196126,827469,422171,752745,4695.28,1090.36,44672.4,19328.1,26804.8,4999.36,3616.13,17.4747
1.49924e+06,1.11704e+06,805288,427692,342546,246978,832170,337499,760344,7194.18,2622.89,32902.2,35838.2,10191.7,6542.58,3590.36,17.4756
1.66338e+06,1.24079e+06,804349,456712,303700,229033,795605,343475,797807,4772.31,1948.34,103415,27226,11598.9,9437.88,5589.25,17.4793
1.83676e+06,1.31997e+06,834906,403015,248909,178308,837570,329725,733365,10709,1166.05,28780.2,36977,16367.8,4774.05,3323.77,17.4804
1.8108e+06,1.5098e+06,719620,424341,267230,204691,783316,345737,736412,10659.5,249.846,910434,22003.7,18815.7,5274.61,5713.95,17.4805
1.58817e+06,1.11952e+06,851172,549752,401554,274193,878696,410692,803159,11128.1,979.705,96806,71206.4,26654.9,7135.85,5319.93,17.4812
1.08692e+06,758539,859744,547314,369057,269744,820906,436203,752834,5291.36,821.426,80657.2,31999.3,17438.4,6637.59,5661.4,17.485
1.61377e+06,1.11345e+06,869607,714527,601637,409415,881703,544612,787195,14123.7,1633.78,104090,39148.5,29971.4,13404.6,8705.82,17.4929
1.58277e+06,1.12913e+06,841056,773526,712321,529120,807743,606731,764945,7332.23,505.714,100755,40016.8,16456.9,8630.71,7725.46,17.4932
2.25047e+06,1.64757e+06,819561,798463,648094,456509,851804,576212,831427,12945.5,2985.44,65848.4,42798.7,24779.3,9141.5,10011.8,17.4963
2.11671e+06,1.30225e+06,975252,615301,360632,245114,882769,457713,806576,11027.1,1637.42,79931.9,42128.6,52133.7,9602.88,5934.72,17.5012
1.64537e+06,1.22179e+06,808015,483785,341305,237807,861130,357223,812576,8750.84,3295.37,46321,41036.7,21013,5552.3,4732.98,17.5024
1.13932e+06,781198,875058,595918,395888,267647,887486,453535,788364,8643.05,-124.706,89474.3,31061.7,19485.5,6116.72,7501.3,17.509
1.99612e+06,1.50782e+06,794308,684896,553309,397054,836122,541582,758772,7964.59,808.79,57940.4,46186.6,15400.9,9744.67,3293.41,17.5138
1.77686e+06,1.33232e+06,800193,424110,324272,245618,792137,346458,734478,9762.49,1629.86,53715.4,38318.6,22482.5,5767.5,5825.09,17.5142
1.49302e+06,1.06512e+06,841042,459342,310887,218425,853988,368638,747631,9043.6,2955.71,23874.2,31207.8,14319.6,7037.04,6565.45,17.5144
1.77993e+06,1.32845e+06,803910,763344,637892,495439,772517,607573,753829,10817.8,2118.5,284616,35798.1,29559.9,8547.29,7768.11,17.5157
1.60928e+06,1.22866e+06,785869,400651,213170,164753,776324,331461,725246,7771.01,1648.91,40049.4,23916.2,16594.8,5105.33,3554.77,17.5186
1.55299e+06,1.1838e+06,787125,572080,424813,313052,814203,447958,766251,6115.67,1418.11,62160.1,32375.7,14848.8,6995.01,5095.64,17.5207
1.31977e+06,917602,862968,420216,208890,146988,852680,328029,768620,14159.8,301.836,126456,23106,10732,9610.41,2380.82,17.521
1.3213e+06,891463,889302,832272,530930,377021,844934,642569,777136,6309.4,1597.97,45506.7,70383.1,44897.7,7849.56,4435.41,17.5382
1.5627e+06,1.2567e+06,746100,359428,248137,187164,795464,286752,752068,5657.67,-237.49,220450,30651.5,14116.5,6240.39,3058.55,17.5405
1.69842e+06,1.23129e+06,827629,502497,228588,163916,836727,420463,717062,6884.94,717.787,263752,16367.5,16555.4,7567.05,3748.56,17.5455
2.87557e+06,1.73272e+06,995740,885634,528500,350588,904481,630806,842383,5142.19,3201.44,157095,37154.4,56095.1,8392.38,5370.9,17.5457
2.34833e+06,1.627e+06,866013,485312,380568,281210,811994,386182,754015,8079.65,1210.24,62980.4,52966.6,46590.2,12140,6082.16,17.5472
1.4382e+06,1.00735e+06,856620,504846,273773,200543,819097,411552,736013,5084.7,482.558,66936.2,69007.9,35439.2,4846.61,3681.67,17.5478
1.8381e+06,1.37032e+06,804816,415227,347063,254350,818707,332346,749629,9328.99,2140.91,67244.6,60552.5,14593.8,5556.74,2732.61,17.5515
2.00797e+06,1.38115e+06,872304,738206,624557,434261,862923,548631,807325,7964.38,4061.44,124887,57656.3,40295.8,9637.77,7445.67,17.5559
1.67962e+06,1.19816e+06,841101,674822,539258,408591,791880,556963,726966,8571.78,1716.55,53888,32387.6,11497.4,4851.85,5391.66,17.558
1.8924e+06,1.43403e+06,791784,519288,339984,230525,884894,373635,833897,17486.9,2941.05,46858.2,40206.8,33366.8,10278.7,4726.58,17.5593
1.39584e+06,929585,900945,567333,368374,248192,890538,397737,855841,8257.88,1944.96,24414.5,46441.5,46505.7,11052.2,7963.27,17.5621
1.68797e+06,1.15786e+06,874698,667065,485297,323881,899029,462290,865775,13784.5,5126.94,41707.1,44803.8,30525.8,9309.36,7752.58,17.5644
1.89034e+06,1.22849e+06,923249,786196,707041,483086,878155,557046,846820,19804.5,4368.8,50864.6,52952.7,50899.2,9587.95,7394.57,17.5664
1.93232e+06,1.33227e+06,870237,564054,448459,328168,819931,446801,757457,5193.62,2708.37,66248.3,42626.8,33660.8,6152.63,4135.12,17.5702
2.15656e+06,1.58925e+06,814178,456272,331251,257340,772327,370248,739405,13160.6,1049.24,75849.6,47955.2,44772.1,9551.34,3255.01,17.5711
1.50435e+06,994926,907215,749379,606955,409428,889468,555836,808921,17214.1,991.533,75095.2,42549.9,40406.8,9049.21,5883,17.5717
1.50649e+06,1.02648e+06,880577,734152,484843,352358,825597,596019,739056,10946.9,562.965,79425.8,44853,28481.1,7731.06,5695.02,17.5746
2.06772e+06,1.5436e+06,803728,604895,481643,367826,785660,494001,734689,5186.46,1849.38,21663.9,22882.9,18715.3,5377.85,3665.96,17.5764
2.11077e+06,1.59078e+06,796127,373061,322728,247894,781128,300585,744669,11937,2276.36,33878.6,26830.8,8562.34,6464.58,4011.67,17.5797
1.28054e+06,872873,880222,683697,543146,390868,833753,519201,790096,7718.44,1074,212726,29166.2,28264.8,11923.3,5821.41,17.5798
2.02952e+06,1.41428e+06,861016,458220,371518,270140,825167,373426,736242,8665.54,1132.34,49831.3,72679.8,30484.7,8560.26,4219.44,17.5829
2.02739e+06,1.55997e+06,779778,378498,306594,232889,789889,314151,722897,3915.36,3749.34,437456,24443.9,18442.7,4377.6,3935.17,17.5875
1.79169e+06,1.14644e+06,937704,862805,546293,348603,940256,637502,812050,14094.4,3769.22,60450.7,112620,52878.2,8418.61,6620.2,17.5889
1.24206e+06,783827,950768,564238,331240,208738,952122,399825,846727,6109.53,1792.19,120888,51782.1,22086.5,5562.38,3319.78,17.5889
1.92695e+06,1.34661e+06,858576,570859,461238,360812,767001,479270,714660,3540.42,773.694,26248.4,33317.1,31666.7,5008.26,6876.02,17.5906
924827,526292,1.05435e+06,580764,490149,321074,915956,389401,894857,7266.33,987.258,17100.4,37166.4,34950.3,5108.13,3590.6,17.5916
1.57868e+06,1.16681e+06,811794,432147,257044,185706,830486,349196,742530,10138,2588.45,116097,28789,16459,4963.18,2319.28,17.5953
1.71858e+06,1.2012e+06,858435,479683,297167,202551,880272,377642,762123,11800.4,2290.71,44125.9,31351.8,26300.9,5861.9,3232.26,17.5964
1.04923e+06,681487,923772,637108,358776,239507,898785,477262,800954,10369.7,1938.29,39074.1,32574.7,18778.8,6921.43,3957.23,17.5978
1.77461e+06,1.22506e+06,869157,650501,560098,388370,865306,487979,799831,14235.7,4229.07,29382.2,53503.8,17496.9,9643.47,10348,17.605
1.24863e+06,915545,818289,581170,353852,266126,797784,480462,725764,12166.5,1667.16,248723,21207.1,19824.5,6037.89,3322.17,17.6054
1.41077e+06,1.0933e+06,774225,499883,325286,253955,768529,413535,725283,4857.55,39.9415,212934,27013.1,9566.58,6763.33,4333.37,17.6154
1.8896e+06,1.23553e+06,917631,819813,631220,406468,931764,579902,848225,19948.5,5048.55,56458.7,100076,46396,17712.2,6467.85,17.6158
1.07246e+06,799225,805125,571579,465184,351651,793715,461693,742804,10400.4,1164.35,86748.7,41263.6,29867,7181.91,5454.11,17.6166
2.77423e+06,1.82488e+06,912138,705652,506954,335332,907079,526115,804750,15409,2095.7,77634.3,74347.1,37257.7,10160.5,5938.03,17.6196
2.03123e+06,1.37116e+06,888838,753902,616879,407631,907997,553778,816827,11820.8,2400.9,188160,55989.9,29555.9,9984.59,7020.78,17.6221
2.38427e+06,1.62242e+06,881748,547834,403017,290913,831212,440127,746831,7587.61,1814.75,51600.5,56893.6,31763.4,8027.98,4363.43,17.6246
2.06011e+06,1.55064e+06,797134,470918,421766,327068,773722,388478,727328,12967.2,86.7863,150553,31684,12296.1,5401.75,5637.2,17.6248
2.32553e+06,1.53403e+06,909580,738049,451906,300250,903059,550230,804808,12077.8,3361.52,60332.5,101126,52807.6,8565.6,6441.12,17.6257
2.19801e+06,1.30848e+06,1.00789e+06,1.02664e+06,561748,339945,991480,662934,929182,11769.7,3134.06,48902.6,49612.8,20158.9,8582.13,7051.5,17.6299
1.74938e+06,1.19634e+06,877366,818529,545390,371054,881904,611012,803777,13015.2,501.407,127262,44746.6,26800.6,6804.89,5091.44,17.6315
1.59357e+06,1.12247e+06,851820,585359,422411,315706,802793,491777,714176,8556.57,976.766,55427.6,24702.3,8992.73,4671.01,4257.78,17.6332
2.32687e+06,1.4367e+06,971752,688126,481702,308146,937935,480447,859357,9258.03,33.6614,122596,101819,25210.9,11999.7,6717.66,17.6383
2.27917e+06,1.49336e+06,915726,528166,319757,226095,848557,402584,787164,6862.83,1496.85,30802.1,38946.6,28955.1,6347.12,3172.7,17.6441
1.6921e+06,1.19859e+06,847047,404799,323521,239847,809319,330080,735819,5251.66,51.3922,49994.6,25571.4,23999,4598.04,3493.59,17.6491
1.11168e+06,801971,831713,434355,204487,149257,822021,352640,739034,7365.69,2184.63,58459.2,20062.3,8256.76,5323.29,2659.38,17.6519
2.04722e+06,1.51546e+06,810532,543731,470525,335818,840678,415567,785044,15904.5,784.418,113046,51348,26604.8,9204.89,4804.75,17.6553
1.39896e+06,943912,889254,578884,462691,352411,787758,472348,735327,10001.4,244.64,46082.4,79449.7,21167.2,6126.43,6581.98,17.658
2.10834e+06,1.55042e+06,815912,507754,411369,300291,821940,400297,761065,12018,2623.8,44802.6,42582.2,14125.6,11925.1,7663.3,17.6599
1.2004e+06,856138,841266,605753,521638,360387,868463,448055,811176,14041.7,383.226,201369,44699.1,23277.9,8178.39,5513.1,17.6613
1.68601e+06,1.28887e+06,784880,551006,437525,336110,781039,436477,757436,3155.56,93.8157,221728,49956.9,53827.3,5334.5,4253.77,17.6619
1.74224e+06,1.18999e+06,878450,682527,378428,239669,947376,484329,845533,16680.2,3505.18,121606,50474.8,19923,9099.92,4809.59,17.663
1.87704e+06,1.40272e+06,802886,289854,266818,206458,775415,231439,751440,6711.25,281.683,25731.2,40909.6,31079.4,3658.84,4102.2,17.6634
2.26361e+06,1.54376e+06,879781,610440,391304,274458,855440,471239,777236,12106.1,3922.74,55723.5,50611.8,24723.1,10009.5,5587.04,17.6634
1.60617e+06,1.13399e+06,849836,655267,457489,322921,850033,519926,756185,7056.81,1039.39,37305.5,64369.5,23536,6843.9,5326.06,17.6643
1.15841e+06,694929,1.00017e+06,461392,261015,171041,915622,326185,848706,19432.1,3893.8,48432.9,34661.1,12489.8,8390.94,6344.7,17.6651
1.8326e+06,1.22729e+06,895925,743124,428219,285005,901498,550604,809792,8837.65,1170.45,264675,26448.7,47685.9,6289.32,9504.66,17.6677
1.99343e+06,1.17584e+06,1.01719e+06,991111,874553,578490,907071,707728,840248,15622.8,3199.88,108840,80535.3,42606.9,13556.2,8493.89,17.6704
1.39658e+06,934524,896658,654328,502545,345929,871644,497885,788529,6589.34,2089.5,53663.5,39107.8,10881.1,6966.26,5282.92,17.6719
1.78021e+06,1.21103e+06,881997,636104,527613,367341,861782,471755,809027,10546.9,3773.13,30105.4,38202.8,24694.6,7677.21,8079.75,17.6723
1.50222e+06,1.10772e+06,813681,644046,396085,285077,833637,507311,761718,7329.14,1707.81,55311.7,33533.9,35504.4,6362.63,6036.3,17.6729
1.27406e+06,813021,940243,410261,367909,267919,823925,320359,768377,5948.99,1213.57,26474.4,29177.9,12313.6,4441.96,3511.85,17.6808
1.2688e+06,944391,806109,758792,460683,327331,844434,590920,770452,9341.64,3221.43,31501.4,41782.3,14067.2,5605.65,8062.88,17.6821
2.4373e+06,1.67111e+06,875093,622842,383910,265661,867067,485561,769636,16820.3,3081.58,86729.6,37025,22421.3,6968.57,4865.57,17.6833
2.01084e+06,1.52019e+06,793655,375395,294184,224319,786872,305288,737786,11061.1,1476.49,61343.3,37060.7,25627.9,6138.81,4447.96,17.6848
1.57008e+06,1.17777e+06,799861,487498,396614,290330,819648,392775,744698,8721,314.948,119236,41511.8,12271.7,4306.96,4610.17,17.6867
1.7635e+06,1.32432e+06,798976,488686,315860,236239,802221,398680,735456,4724.02,954.726,68742.3,44412.1,21706.5,5296.41,6696.12,17.6916
1.09012e+06,757764,863164,562540,267091,186917,857357,443161,761628,5674.48,509.64,45201.2,28943.8,14856.3,4830.53,2882.7,17.692
1.42453e+06,1.0567e+06,808853,429321,281973,210030,805522,359293,716942,6415.63,704.727,25219.8,31602.3,27762.8,4300.11,2473.9,17.693
1.41078e+06,1.02639e+06,824709,524561,285467,203574,841367,419280,750659,8660.81,281.744,46890.5,32287.4,8410.65,6387.43,6246.57,17.6987
1.11465e+06,844346,792078,520072,328318,232771,846285,396976,786051,5329.64,458.408,32475.2,36136.9,51337.1,5533.55,4407.51,17.7014
1.52283e+06,1.06646e+06,856759,448631,347898,252641,826228,364761,737959,3562.7,651.903,198122,21590.2,5192.19,5443.94,2819,17.7016
2.17572e+06,1.58358e+06,824355,592364,459428,341343,807566,462059,769206,6984.53,1959.33,28617.5,67576.4,36041.8,6876.73,7006.31,17.7018
1.52111e+06,1.11652e+06,817423,477105,384400,281618,818981,381569,750226,10157.8,1933.79,68033.6,36127.5,7523.53,6335.32,3827.31,17.7032
1.8771e+06,1.52658e+06,737765,344810,204798,156176,786796,269306,768219,8010.87,471.556,126480,29332.7,14504.5,5550.57,4748.15,17.705
1.85972e+06,1.31789e+06,846680,545983,451758,322113,841491,426475,768133,7704.86,-786.19,381335,62009.5,61584.8,6676.09,6035.06,17.7068
1.33302e+06,1.03467e+06,773012,429260,381587,302123,757811,345668,745097,10876.3,475.965,55600.5,31181.9,13978.7,6678.32,4605.31,17.7093
1.33322e+06,924552,865213,450493,340989,254338,804416,369971,730587,7231.18,127.919,96184.8,39189,13351.2,6316.09,3393.96,17.714
1.51275e+06,1.13384e+06,800512,813054,512611,351242,875654,598503,815088,12195.9,725.266,773491,90783.6,62931,13067.3,9607.92,17.7188
2.62289e+06,1.78266e+06,882801,419291,360139,250345,863142,323309,778124,9705.91,1763.71,32689,41431,15368.6,6975.95,5713.75,17.7215
1.90207e+06,1.38565e+06,823615,374256,328248,243384,809209,304633,737129,7564,1673.54,39529.9,34118.3,24702.7,6241.63,3098.6,17.7224
1.30867e+06,980836,800545,423753,351689,268690,785341,346799,733139,2812,714.182,166668,34085.2,12242.7,4489.44,4522.47,17.7273
2.01132e+06,1.53373e+06,786833,359201,268418,212469,757998,291492,739370,7861.06,1611.1,47115.2,40210.9,27958.3,6281.01,8194.64,17.7285
1.2397e+06,844081,881221,618695,397900,273336,873429,475780,780228,10969.4,1447.74,103047,28750.2,13458.2,6500.05,6411.8,17.7378
1.34056e+06,960616,837314,372980,205586,142256,867110,290812,769529,8255.33,1126.23,23694.8,27001.9,21085.8,6374.93,2872.06,17.7396
1.67907e+06,1.13683e+06,886188,665164,584938,434805,807173,525546,759398,6026.41,2010.95,48155.8,59663.1,24596.7,5702.9,4882.37,17.7433
2.34129e+06,1.48581e+06,945458,820066,569366,388266,879860,614882,800218,9608.18,2418.77,52493.8,48657.5,35426.6,9777.84,7821.82,17.7436
2.15354e+06,1.50499e+06,858558,364515,288056,212836,812050,294613,742361,7080.09,1374.95,15902.9,35810.8,18213.2,5073.78,4897.99,17.7485
1.96937e+06,1.51861e+06,778094,331791,258234,204184,758827,287200,693156,4064.37,-627.898,46928.1,27915.5,24848.3,4048.63,2891.65,17.7516
2.07919e+06,1.34014e+06,930886,678049,500300,343615,873594,522670,778368,8877.27,2717.35,78344.3,37045.2,47104.8,8848.82,4582.98,17.7523
1.02027e+06,710109,862066,551876,383237,279789,821841,447189,740460,8902.59,326.723,129736,34920.3,21268.5,5394.08,5274.67,17.7648
902290,640361,845420,504179,331481,226260,879027,365029,828722,4628.1,-173.962,242317,35070.8,21015.8,6762.84,3947.23,17.7649
1.61523e+06,1.13674e+06,852562,706487,440304,313306,843209,538714,786859,14134.3,2380.17,376416,47315.7,26796.8,10220.9,5338.02,17.7651
1.28112e+06,793765,968385,508856,381252,235591,970968,359542,849174,6007.12,1130.17,43727.3,31179.4,12266.9,7558.06,3301.36,17.7665
2.58599e+06,1.82458e+06,850384,582326,499020,361376,828533,445955,783477,20269.6,2687.18,26803.3,36217.7,13673.4,8341.32,11533.3,17.7678
1.38678e+06,939449,885698,671198,454833,306777,889570,494013,815199,15150.2,3071.4,68152.5,40407.4,36095.6,8160.24,6267.93,17.768
1.54306e+06,1.12642e+06,821924,424318,235560,179651,786727,358508,710140,5198.22,2236.52,63818.4,35179.1,17603.4,4914.95,3556.19,17.7694
1.28217e+06,786047,978697,960409,646536,395916,979808,632749,910701,15344,3336.77,56534.2,52041,36057.6,11146.7,10052.9,17.7696
2.15635e+06,1.63422e+06,791700,408956,365257,276047,793901,322226,761494,7986.62,271.119,71780.3,34587.1,11122,5296.96,5004.21,17.7784
1.28724e+06,880054,877612,410361,227039,167545,813055,321432,765999,5986.58,844.261,28757.1,20730.8,13235.7,4454.9,3030.37,17.788
1.8107e+06,1.26042e+06,861953,462981,259123,178822,869432,351388,790546,7396.73,2690,15297.5,50663.9,38361.9,9376.39,7381.43,17.7894
1.16905e+06,838562,836471,499762,417965,324714,772307,417347,718484,8575.4,-51.8377,49190.8,34760.4,9631.43,5338.25,4471.36,17.7951
1.93505e+06,1.3625e+06,852131,447927,319413,223850,856143,353472,760332,12889.8,2099.56,50221.3,30519.6,12991.8,4775.23,3962.83,17.7964
1.41607e+06,1.07836e+06,787903,415971,390342,295802,791763,340265,733495,5282.06,-159.501,62544.1,26775.3,10157.3,5772.38,3009.33,17.7996
1.50746e+06,1.04247e+06,867629,787231,482418,342457,845219,601953,784677,6822.62,3406.03,93987.4,41182.8,17841.7,8982.04,5054.14,17.8012
913153,564041,971369,424738,255919,162541,944694,305718,833589,7771.09,1274.63,47035,34527.4,15000.3,6174.48,5574.17,17.8047
1.38233e+06,966126,858476,598732,410776,287442,857444,448828,800394,10922.6,3783.15,32681.4,28494,17872.9,6816.72,4283.08,17.8058
2.98696e+06,1.9315e+06,927870,747935,583797,398511,878968,541842,828214,12167.1,2175.44,29062.3,106733,43489.9,10045.7,6852.17,17.8103
1.57712e+06,1.26738e+06,746639,387483,283923,215939,788898,317279,732762,4298.8,160.138,59915.3,22202.2,14130.6,3372.2,3428.46,17.8157
1.26319e+06,931593,813568,585712,431999,311321,832579,450465,780143,11898.9,2355.76,259627,51712.1,12068.4,6510.86,4966.88,17.8172
1.59978e+06,1.14610e+06,837504,565145,346207,251073,827347,448161,756618,7611.82,3028.42,123674,27328.6,10505.3,5750.13,3293.58,17.8205
1.71067e+06,1.24058e+06,827355,501469,353375,253003,838033,399652,752859,5075.6,2128.41,111253,24288.5,8837.19,5279.2,3884.81,17.832
1.27864e+06,844751,908175,733787,477510,340154,842282,583021,755156,5823.97,1049.01,122823,51344.5,37271.4,4907.18,6059.64,17.8323
1.87061e+06,1.44739e+06,775442,361214,290877,229135,761673,298927,725021,7371.14,1940.06,27883.4,36863.1,13405.3,6212.31,2991.25,17.8375
1.66674e+06,1.21871e+06,820573,419514,302328,213720,848758,332740,756471,8462.83,1368.71,103959,24976.3,10354.7,5892.7,3799.15,17.84
1.72998e+06,1.27742e+06,812562,541439,356601,271768,787291,442384,734346,6655.13,684.114,103186,61797.3,23013.3,6231.07,4799.96,17.8424
801170,463452,1.03722e+06,573170,363356,228680,953356,398311,863400,8773.11,1046.96,54263,28619.5,46199.7,6065.89,4366.3,17.8524
1.28593e+06,860602,896530,554526,488314,359435,815136,444380,748719,8657.7,1907.17,20156.5,26971.7,21402.4,7230.38,9804.29,17.8552
1.4961e+06,1.16533e+06,770304,431028,347454,275725,756088,351178,736427,8934.87,921.557,47319.2,37228.3,14686.8,7162.65,3089.06,17.8565
1.96716e+06,1.384e+06,852812,493050,414426,297378,836160,387349,763730,10593.7,5274.1,31094,49267.6,38009.9,7930.09,8436.69,17.8573
1.27823e+06,953823,804069,684670,513448,382735,804914,542465,757288,9763.24,628.425,63461.2,43018.4,31037.9,7223.6,3919.9,17.8574
1.47543e+06,1.11294e+06,795421,591043,450890,299527,903205,424810,834786,5233.94,2258.32,115157,50669.2,18216.6,6653.54,3821.33,17.8607
2.26263e+06,1.48064e+06,916884,766630,416276,297780,838758,582292,789944,8421.59,3276.3,36896.7,48336.4,45228,9803.68,10464.9,17.8615
1.50655e+06,1.0738e+06,841801,550013,391994,283537,829510,444551,742340,3502.1,251.803,51936.8,55902.7,37215.5,6257.82,7960.22,17.8673
1.5635e+06,1.13425e+06,827069,709930,428562,291641,881690,526182,809526,10455.2,2399.66,55942.3,52847.9,19133.2,9066.41,5915.63,17.8756
2.13384e+06,1.53859e+06,832125,415311,358940,267355,805535,333447,747305,9823.6,1677.61,34063.2,82870.2,13774.6,7161.16,4559.79,17.878
2.11468e+06,1.43128e+06,886484,570974,460014,331485,832642,446268,767665,4022.99,2190.63,52597.7,35200.6,23684.7,6365.69,5398.69,17.8809
1.61827e+06,1.20306e+06,807074,394754,254071,189568,804158,324142,730706,8414.14,714.73,113996,34698.5,11991.6,5935.84,2905.1,17.8818
1.883e+06,1.35717e+06,832469,507259,327089,232355,844627,386056,788371,19088.9,3553.36,67009.1,39546.4,16510.7,8732.89,4435.55,17.8839
822260,465591,1.05963e+06,822738,522195,357980,875237,629060,784731,2755.98,1015.91,27710.4,34929.1,59292.5,4555.93,7195.37,17.8871
1.9669e+06,1.46135e+06,807571,486732,422998,320946,790783,386626,755353,15195,1141.32,57085.6,33284.2,10828.7,6554.27,4901.41,17.8888
1.97103e+06,1.50295e+06,786864,449537,316020,230978,820910,358217,752958,7213.27,-14.799,121378,23341.1,24114.9,4462.73,4347.02,17.8896
1.5196e+06,1.01416e+06,899031,800428,506174,346900,875482,615107,780769,11092.7,3783.85,18787.4,39348.7,27898.3,12165.4,8518.05,17.9006
1.45744e+06,1.00687e+06,868502,236936,206353,143218,864497,179130,793623,8181.3,34.0042,58032.1,41503.4,9927.96,5739.3,3171.49,17.9043
922811,628086,881546,563300,432242,312965,828672,419408,805851,9343.93,-83.6132,55956.3,34790.8,21690.8,6839.82,5525,17.9058
1.46498e+06,999976,879008,739875,557178,391210,854546,569776,779122,9238.69,909.008,193266,31108.5,16067.3,10738.8,5845.7,17.9099
1.37171e+06,1.00025e+06,822818,544033,446554,330856,809816,419413,778277,7384.78,-403.367,266677,46861.3,13765.1,10866.8,3029.46,17.91
1.03067e+06,687032,900104,677538,460499,302068,914692,477813,850799,10568.8,1793.03,132397,50530.7,16426.4,9447.55,5536.31,17.9121
1.999e+06,1.4423e+06,831587,439625,253860,184322,826358,365412,721856,9898.43,-679.094,54558.4,58509.3,19243.7,6098.79,5378.77,17.9215
1.09225e+06,771915,848989,504282,248186,183070,813414,413460,731799,4590.45,583.2,102933,21284.6,11434.9,7085.15,2382.4,17.9276
1.70139e+06,1.10291e+06,925582,833392,494067,308431,961123,582881,857868,18833.6,5209.06,57459.7,33925.6,17249.2,11432.1,6168.63,17.942
1.76181e+06,1.27923e+06,826347,522674,466127,357579,782138,425481,737058,13850.8,356.14,120050,28502.2,14568.6,8395.61,7387.53,17.9431
1.72681e+06,1.14953e+06,901312,512333,347502,244606,852395,382401,803867,7255.62,2622.06,28656.4,47467.7,36863.2,7375.44,8998.36,17.947
1.32926e+06,1.01414e+06,786436,479493,407079,300397,813083,378846,759401,9308.44,2079.58,65046.1,25720.5,15285.2,6330.11,6131.17,17.9486
1.54235e+06,1.03122e+06,897394,639408,540369,390971,829272,492458,779041,8460.48,4401.27,15638.1,39561.4,25820.4,8740.26,5238.08,17.952
1.5503e+06,1.09549e+06,849104,629943,497491,347708,858463,476962,792444,10557.3,2780.75,51808.2,31575,17618.8,6662.42,5625.29,17.956
1.85014e+06,1.29567e+06,856765,704220,495318,356279,834151,526084,803164,11392.7,1392.83,214375,40637.2,17366.2,8110.02,7450.61,17.9564
2.15708e+06,1.44419e+06,896176,594746,359802,258260,835907,476669,748628,10542.4,4639.19,30690.1,89485.5,65651.8,9183.86,7612.58,17.9622
918318,598071,921280,671173,522145,330334,948395,471244,854554,11967.4,21.269,227642,34898.3,29117.9,7279.93,5083.53,17.9626
1.22882e+06,875044,842579,516397,350240,250526,838811,401555,771595,13641.4,1001.04,43788.7,41581.7,26037.6,8523.03,4759.25,17.9627
1.38705e+06,959290,867548,488561,424893,300334,848841,369349,793657,11902.1,-5.17645,56772.1,36210.5,23791.5,8215.02,3597.03,17.9666
1.64713e+06,1.20881e+06,817567,453561,226633,170023,799772,371574,732388,9512.73,1535.07,2872.77,26825.7,13019.5,5865.13,2234.62,17.9693
1.82462e+06,1.31921e+06,829870,555796,454156,333288,817591,445766,748099,6945.9,841.665,27857.9,48185.4,25969.2,7137.58,6030.46,17.9698
2.61614e+06,1.67223e+06,938676,700190,498665,350168,854444,537289,781914,12232.2,2984.46,30436.2,77197.2,46815,8911.53,8298.27,17.9742
1.53729e+06,1.1085e+06,832092,599132,503132,371426,812757,458097,784723,13483.2,1901.06,46250,30096.1,31685.7,7574.88,4939.23,17.9756
1.98192e+06,1.28494e+06,925456,1.00262e+06,587088,373923,942046,699182,860392,17965.3,3767.49,89015.6,69006.3,46786.2,11018.3,6366.69,17.9807
1.97871e+06,1.52007e+06,781036,412063,272938,208040,787168,333969,740302,12535.7,3814.15,16359.3,31344.8,9764.15,7669.78,5676.51,17.9813
1.49592e+06,1.1282e+06,795558,483792,403830,323896,748074,419428,692074,7219.92,69.7683,112956,35045.9,14723.7,6342.24,2726.6,17.9819
1.08053e+06,760476,852519,716328,456886,327963,835861,547184,785471,6855.79,1519.96,93455.5,31892.9,20574.5,5502.77,4613.11,17.985
1.63557e+06,1.1257e+06,871761,475106,233878,166743,841576,390305,730361,11842.3,2824.09,4121.77,57126,26731.9,6241.33,3058.96,17.9864
1.54433e+06,911664,1.01638e+06,813229,563426,357292,946160,593791,821732,4823.73,1675.89,190192,26896.4,39853.8,5819.64,11014.7,17.9917
1.42235e+06,1.05263e+06,810742,615843,476222,352602,810357,478980,771443,17921.2,392.513,141358,32271.9,18483.9,8299.09,6894.1,17.9918
1.79581e+06,1.26854e+06,849394,513581,273387,192134,853739,412151,747660,8217.55,3460.56,34746.7,39619.6,30107.8,6074.5,5395.75,17.9931
1.56116e+06,1.26165e+06,742437,377768,246349,189078,781739,308272,735262,7199.55,290.31,26347.8,28196.9,4491.41,5421.8,3712.63,17.9938
1.85455e+06,1.40512e+06,791909,493623,462075,350203,791670,394897,750002,16624.4,576.657,244236,27980.1,13052.4,8036.94,5999.51,17.9942
1.64643e+06,1.17059e+06,843894,415430,212478,153514,830459,337710,738083,5862.02,2289,34242.6,28308,25575.9,6007.09,5164.03,17.9954
1.84718e+06,1.36079e+06,814458,548674,337774,239482,846260,410144,802656,16375.6,1219.62,54936.8,29846.3,20999.7,7400.04,3949.26,17.9963
1.98548e+06,1.39258e+06,855453,665782,474233,339222,838800,534759,747007,9149.95,890.891,339707,101979,53503.5,6118.08,10150.8,18.0026
1.24205e+06,961507,775063,364100,228882,184690,743566,303708,719310,5295.51,-70.9266,55878.1,14415,10771.9,6140.09,4685.29,18.0041
1.85065e+06,1.44838e+06,766646,364517,208276,166344,751250,307612,710995,8545.95,134.244,73331,40138.4,22628.2,4127.18,7021.23,18.0047
1.53816e+06,1.14569e+06,805539,549350,369218,275928,802857,423477,778342,5536.55,2987.52,100293,45499.3,9317.17,6993.5,4792.03,18.007
1.43888e+06,1.03176e+06,836746,625166,523260,396417,791985,507280,739433,7219.86,2149.56,29627.2,34082.5,10690,5866.43,5726.44,18.0071
869408,543216,960290,508821,383021,257057,894013,379558,804337,6019.23,791.37,23665.1,42281.3,36142.3,11237,2570.11,18.0095
1.98142e+06,1.45494e+06,817113,422245,291783,216544,808472,331994,763108,6161.88,3675.38,37194.1,43688.4,37944.1,6785.61,5652.77,18.0114
1.65872e+06,1.2917e+06,770482,479908,245992,201495,732499,432741,665398,6902.51,165.47,20003.6,34843.7,16437.6,3193.89,4393.62,18.0167
1.22603e+06,892987,823774,503502,369943,272202,815446,393455,767816,9383.16,3647.68,50605.1,44098.9,20480.9,8773.25,5441.75,18.0188
1.16237e+06,803302,868193,656124,430361,309168,835198,526466,747768,10038.4,2987.13,29563.6,37098.2,45653.7,6785.09,6181.73,18.023
1.56156e+06,1.2488e+06,750273,519984,348573,258945,807676,423668,736403,7094.71,1347.73,859254,41928.3,10183.4,10079.7,3429.61,18.0309
1.40845e+06,884559,955357,670876,381134,260430,878087,505072,796967,5204.58,3836.91,44363.1,46834.1,17282.8,8351.71,4596.91,18.0322
2.09796e+06,1.37291e+06,916864,859074,524189,363340,865618,623928,826128,12924.4,1180.98,151294,74400.7,62228.6,16381.3,6193.11,18.0332
1.46404e+06,1.03769e+06,846523,617978,341612,236771,865676,462695,801363,8267.66,2875.23,145335,54235.8,18834.6,28415.7,4420.7,18.0334
2.13064e+06,1.38494e+06,923060,596078,357712,241186,889881,461243,775398,12005.1,3269.83,32528.9,72330.7,28997.4,8711.5,10328.2,18.0404
1.51128e+06,836171,1.08443e+06,685982,412696,255993,967282,461097,892631,20861.6,2802.23,128246,158282,58599.4,11630.1,10448.7,18.0514
1.52824e+06,1.08889e+06,842094,741936,488431,350471,836185,582385,764377,19769.5,2448.83,92097.9,50267.6,37924.5,10661.4,3926.38,18.0516
2.08655e+06,1.39313e+06,898646,818933,599542,392323,916911,563509,871964,15834.1,2165.71,101504,53603.9,26646.9,11542.3,7923.09,18.055
1.89552e+06,1.40196e+06,811230,509624,413490,282920,876906,373162,819415,19029.7,3002.46,126773,36830.4,15345.7,7987.67,6616.83,18.0571
1.41258e+06,1.0383e+06,816288,334607,277715,222093,750267,277111,724490,7147.05,2822.51,25403.5,30683.7,9781.53,6607.3,5003.17,18.066
2.01084e+06,1.47728e+06,816704,463701,420027,299763,840719,351612,791272,11433.9,1363.39,102037,36603.3,21197.3,7609.96,4866.15,18.0673
1.26463e+06,922427,822589,657302,591348,448142,791733,532550,740552,8312.24,203.483,100677,42196.7,31890.9,8668.79,4782.88,18.0732
1.7275e+06,1.32483e+06,782366,540468,425848,309997,824230,426164,760930,14484.9,3469.84,50225.6,47664.1,21767.4,7159.69,4791.29,18.0737
2.06901e+06,1.46983e+06,844593,460218,397176,292664,814264,370383,745527,18031.1,4722.13,29641.2,40011.4,24074.6,8702.75,9043.32,18.074
1.78303e+06,1.22082e+06,876310,466268,248079,176487,843389,365085,766290,8959.02,2317.9,58670.1,44005.5,27981,6416.82,3696.49,18.0769
1.437e+06,969434,889384,700051,566104,372598,911606,506623,829079,9129.83,1726.29,59193.4,31519.5,14477.8,10055.4,4515.92,18.0785
2.08415e+06,1.62741e+06,768392,378262,250834,190802,788778,302454,750386,11254.4,1380.76,125288,31403.6,20863.4,5462.61,3937.41,18.0838
2.54477e+06,1.63205e+06,935549,832096,660449,423819,934997,575507,867510,23577,3641.25,43038,63078.5,43660.5,10951.8,7169.02,18.0892
2.02487e+06,1.41202e+06,860412,481035,348966,256165,817362,395051,730591,5382.96,606.104,68041.1,55180.8,18988.2,6152.44,6129.81,18.091
881065,585365,903092,717468,559364,375266,894348,528606,814370,4945.76,596.188,114106,37687.3,61845,5958.32,4506.92,18.093
1.59399e+06,1.34048e+06,713470,400586,293524,234233,751877,354615,677782,2206.25,3130.41,1.71223e+06,30501.6,2695.61,2210.02,1942.22,18.101
1.84253e+06,1.28148e+06,862691,565322,365739,269050,815622,430558,787800,12803.7,5384.19,66090,29000.7,15701.1,9126.64,6967.99,18.1017
1.66376e+06,1.23795e+06,806381,438025,335288,256143,785393,369203,711844,4866.66,1514.62,93188.3,17214,13511.7,7984.89,4287.44,18.1069
2.34817e+06,1.66688e+06,845232,666456,591882,456163,778514,549790,727321,7342.31,866.446,35939.6,46292.7,26753.4,7193.33,4413.04,18.1083
1.92004e+06,1.35111e+06,852649,852427,664234,454908,876090,614572,832216,20217,5119.39,40398.9,67418.7,44757.8,9833.57,7532.37,18.1098
1.5543e+06,1.00431e+06,928577,939089,517008,328378,944657,657344,857166,12268.9,2025.04,52597.1,92058.2,28925.8,11528.6,8546.45,18.1145
2.03201e+06,1.38171e+06,882393,459930,298252,212082,843784,341938,807042,10490.5,3462.22,64945.4,31108.1,20100.9,7132.12,5422.39,18.1208
2.3255e+06,1.55812e+06,895500,779833,551286,357571,925052,555601,842150,24420.8,4087.58,68719.2,77588.4,48342.8,12102.7,8433.9,18.1224
1.15671e+06,789925,878601,582875,305773,211999,865399,454042,770248,9886.74,1748.97,53753.7,40348.4,24313,7741.22,3453.39,18.1268
1.4909e+06,1.18214e+06,756708,435324,367606,295222,747111,378217,690594,9572.45,39.3327,88301.7,34993.9,11167.7,5184.31,4287.24,18.1275
1.74367e+06,1.24445e+06,840694,629040,418354,322935,777285,541461,697047,7245.15,4328.03,127113,50109.4,17736.3,9131.47,10039.4,18.1284
1.18639e+06,822092,865878,542178,369798,258437,858540,417992,778261,8783.64,632.586,47801.7,32701.5,18029.8,5048.54,4376.4,18.1307
1.11503e+06,790380,846451,615112,344176,246975,836138,484438,761846,6113.34,1300.29,95895.2,34335,10414.8,4636.71,3869.96,18.1321
1.41105e+06,937441,903130,746205,636086,425886,896135,556124,805077,13714.7,788.669,102507,53437.3,25804,8030.28,6927.95,18.1353
1.53278e+06,974705,943534,686233,640133,449374,854699,521657,789292,6056.79,1434.32,68241,48509.7,48472.3,9960.33,5882.05,18.1362
1.41444e+06,1.03598e+06,819195,564218,458630,319933,860111,430894,785648,14103.6,2469.46,117360,41455.1,15085.6,8833.33,5416.87,18.1495
1.64248e+06,1.0934e+06,901311,536153,296718,205388,866803,420965,764177,8071.9,2298.9,52887.3,54581.8,25105.3,7637.54,6715.91,18.1496
1.97536e+06,1.52032e+06,779583,385440,347446,266295,782844,315376,733296,7567.98,1215.09,130605,35331.8,9184.48,5199.61,5625.52,18.1512
1.66046e+06,1.34605e+06,740151,376201,209487,154324,814470,293765,768372,6535.57,1444.05,50026.5,25429.3,7510.96,6600.15,3516.83,18.1604
1.47172e+06,1.14911e+06,768453,486862,400445,325906,737229,399157,731836,6181.26,212.653,196769,35992.5,29801.1,4796.66,5188.81,18.1614
1.57931e+06,1.1813e+06,802157,494464,388670,289820,804644,400322,741099,8308.52,-564.024,99873.3,34271.1,15905,4613.83,3865.49,18.1624
1.97006e+06,1.53752e+06,768791,305194,195975,154436,761382,251828,727148,7419.42,437.386,72079.9,37652.3,12878.6,5890.01,3638.8,18.1656
1.31594e+06,942261,837944,592534,460387,330355,836168,456269,779190,14614.9,4552.62,17742.2,37508.4,20229.5,9213.23,5169.59,18.166
1.75603e+06,1.08661e+06,969636,815412,561584,353581,952965,560868,872303,20724.5,5226.4,48467.2,61638.8,20189,14034.4,6851.06,18.1677
1.3096e+06,914068,859631,648162,485374,345030,844056,493333,788306,4847.67,978.456,247629,16352.5,11360.8,5539.85,4860.72,18.1728
1.32257e+06,978374,811080,549193,348931,253043,827363,412940,797974,9530.81,3862.98,52531.5,50290.8,40108.8,5226.73,5854.16,18.1745
1.57356e+06,1.04473e+06,903717,453125,367653,259758,849220,337429,805726,8271.66,1986.78,25369.1,26364.8,20808.7,6233.5,5501.91,18.1781
2.2052e+06,1.63976e+06,806899,589471,477613,360438,795054,465193,760292,4909.01,2851.06,61418.5,73798.6,61560.4,10184.5,8228.48,18.181
2.06265e+06,1.3448e+06,920277,702038,428993,278491,924252,500701,841267,18958.4,5047.57,70088.5,37343.3,14551.5,12189,4513.46,18.183
2.1044e+06,1.40936e+06,895897,627626,505418,350248,865818,479673,785068,17974,3426.29,39187.2,37388.9,16394.3,8653.32,8488.48,18.1831
2.45043e+06,1.72583e+06,851913,375518,295793,214892,825884,297589,757121,5805.21,315.892,53493.4,40524.1,41900,6612.37,7928.14,18.184
1.91758e+06,1.32702e+06,867012,585122,351758,242831,869142,447521,784484,21815.2,4761.15,30659.6,38332,24663.4,9131.81,7436.01,18.1851
2.04439e+06,1.56598e+06,783302,415725,313460,249989,752338,334559,745563,7876.15,2928.29,35051.6,34371.5,19819.4,6372.18,4467.57,18.1852
1.41792e+06,1.05097e+06,809494,594814,452097,334492,810955,463666,769710,11739.8,4757.76,53262.9,40672.4,15623.5,11191.4,4257.91,18.1898
1.23329e+06,874119,846536,684015,451474,326583,829450,527899,777439,7494.35,303.473,255201,22341.5,33939.3,8545.91,5872.06,18.1903
1.99413e+06,1.55342e+06,770220,339589,238226,186676,765687,274454,742396,9460.71,1108.18,57140.4,64912.7,20107.3,5919.18,5561.51,18.1909
1.73565e+06,1.33156e+06,782080,416767,313292,250035,751795,342154,730842,5298.61,1149.03,27193.3,25687.8,32952.2,5184.09,4109.62,18.196
1.90684e+06,1.46099e+06,783103,483714,364311,272717,801515,380160,763437,14925.6,2342.54,67933.9,64217.5,25155.8,8197.18,7053.14,18.1984
1.63549e+06,1.08087e+06,907871,800059,550473,355967,927850,555017,864902,13096.5,1835,245130,42781.3,31422.7,7959.3,7770.28,18.1994
1.42535e+06,1.11457e+06,767299,410351,376195,301269,749220,347119,709298,7392.55,762.661,110359,32272,18245.9,5276.56,3021.17,18.2034
974736,619107,944653,470695,402804,274754,879632,349096,808995,6392.16,686.486,84532.6,31089.8,11235,6403.36,5199.04,18.204
1.26527e+06,886845,856024,604858,377911,279333,811743,481822,753213,8954.27,2498.4,62602.7,39627.2,18952,5357.91,4736.07,18.2101
1.68509e+06,1.16124e+06,870665,543144,447730,308330,871267,416806,781865,15290.6,2942.21,52855.9,53535.5,36124.9,10918.5,5736.4,18.2176
1.32476e+06,998415,796120,678904,483410,337250,860032,515042,790891,11418.1,2200.71,103023,66329.9,33114.3,10799.2,4301.27,18.2217
1.17133e+06,838436,838225,669416,401034,296944,810323,532397,754418,8347.1,1440.68,119230,25507.6,24571.6,5955.31,5843.6,18.2247
1.62993e+06,1.19512e+06,818289,509416,289812,205906,844498,412728,740560,3873.97,-497.434,194060,40835.9,33673.6,5455.01,2739.09,18.2279
1.62274e+06,1.25798e+06,773972,495832,371823,283243,787641,400837,742194,8840.72,1346.63,56306.4,28198.4,13526.7,7278.5,3701.41,18.228
1.81805e+06,1.30393e+06,836573,522739,330804,232163,854926,398425,787209,14403.3,1396.18,120177,35740.9,14999.2,8565.71,4191.29,18.2283
1.14371e+06,605438,1.13344e+06,724761,593547,320887,1.10982e+06,419308,1.03708e+06,13135.6,2164.71,59861,51125.5,21215,6501.68,5075.57,18.2297
1.82304e+06,1.02071e+06,1.07163e+06,1.59165e+06,1.12481e+06,647127,1.0429e+06,1.03931e+06,918869,25897.5,2888.36,61497.8,101837,89127.9,13810.5,10927.6,18.2326
1.58304e+06,1.11142e+06,854601,691396,467417,316143,887100,515721,804383,12599.7,3358.26,45878.4,28080.7,17561.2,9442,3228.65,18.2419
1.36561e+06,936371,875045,970156,880697,543056,973046,620260,938467,5378.87,4243.98,463831,44037.2,16856.9,10899.6,7923.37,18.2467
794469,567132,840513,347031,162701,120684,808894,293023,710587,1843.09,3241.96,1.85113e+06,21874.4,3082.7,2447.34,2409.31,18.249
1.84405e+06,1.28937e+06,858113,489503,410567,300647,819368,388780,755445,13772.6,5280.26,38574.2,28710.3,15567.8,7177.29,6076.91,18.2491
1.35447e+06,1.02269e+06,794653,446685,361328,285146,760301,384799,696496,6715.3,1254.11,1.3294e+06,33725.3,4262.54,4069.4,1822.62,18.2536
2.05492e+06,1.42506e+06,865194,387309,212117,149798,849613,313903,740310,7970.36,7.40753,36785,73455.5,25351.2,3274.73,3148.61,18.2602
1.65534e+06,1.12848e+06,880124,575181,405639,278710,873249,446456,772996,14456.8,2211.72,34562.9,37528.5,10788.6,7469.65,7355.55,18.2603
1.64768e+06,1.30868e+06,755425,351649,265517,201562,790378,289682,728348,3602.89,773.305,37378.5,23716.2,13182.3,4308.34,2706.64,18.2686
1.40244e+06,984531,854687,495997,411726,277579,889966,358721,829609,6698.58,1179.21,35868.1,19940.5,10218,5974.03,3810.88,18.2712
2.19377e+06,1.37238e+06,959106,767160,415805,303770,821289,608361,756616,10924,3531.47,67344.8,61695.2,61341.2,17327.1,10801.6,18.2756
1.75843e+06,1.19457e+06,883214,583582,317139,229363,829616,450681,776934,11303.8,4786.83,50916.1,41318.9,23687,6500.89,3323.69,18.2778
1.23748e+06,768313,966388,875550,639845,409677,937097,595996,881432,12584.5,1740.94,197820,65420.8,24279.3,12546.4,8236.04,18.2851
1.81845e+06,1.36198e+06,801088,399313,279681,207771,807662,323739,740065,11401.9,923.683,37465.3,74822.8,29458.5,6378.63,3806.26,18.2927
1.47543e+06,1.16341e+06,760915,402057,260204,194700,801860,323871,744847,5175.46,78.0733,35574.8,21835.1,8180.36,3864.93,5102.23,18.2973
1.20558e+06,795270,909562,809064,736246,525163,841163,601162,807500,14514.9,4341.22,94785.7,39778,21422.7,9549.84,6310.22,18.2993
1.32439e+06,967309,821489,861336,568549,408187,835718,654421,789708,10873.3,2895.7,48412.6,72326.6,63581.1,8324.32,7471.89,18.3197
1.33921e+06,970116,828279,400773,297534,221474,806057,313131,767934,6352.48,-236.41,89321.4,23997.8,20964.6,5466.01,4364.98,18.3208
1.85198e+06,1.24123e+06,895234,776609,729999,540439,810451,585481,795868,11928,1785.98,53832.3,36733.1,20485.8,9443.1,7729.46,18.3301
1.87551e+06,1.36336e+06,825391,464231,337594,238769,848338,364211,764772,9544.75,3266.93,28261.8,47256,27133.4,7901.52,4612.65,18.3304
2.1917e+06,1.3289e+06,989554,921695,578365,379539,914317,644810,857643,18750.6,4971.65,29824.9,304261,64647,29772.4,8416.96,18.336
2.12552e+06,1.56971e+06,812451,517833,354302,263374,807145,407933,761644,10881.3,1055.78,50298.6,54172.2,46920.5,7832.58,10303.5,18.3376
1.82781e+06,1.24841e+06,878471,530602,282145,207528,815732,436222,729815,7171.98,1513.62,59818.8,61211.8,25984.3,6861.57,4997.25,18.3383
1.66694e+06,1.31817e+06,758752,449866,289991,209382,830991,340287,793212,10377.8,2767.19,203978,37865.3,16913.5,8300.06,7361.7,18.3461
1.40468e+06,872702,965745,620189,577548,413479,838081,455572,816805,6461.08,1417.14,45670.5,29706.4,23109.2,7272.03,5854.3,18.3466
1.79558e+06,1.1152e+06,966058,657351,329271,201575,980096,456760,863496,17665.3,5317.21,34554.3,28693.5,22918.1,9122.3,5774.14,18.3537
1.74774e+06,1.34396e+06,780266,368768,257095,202400,762140,296198,747003,11046.8,-675.031,47354.6,37455.8,15067.4,8326.88,5872.28,18.3563
1.67396e+06,1.08493e+06,925754,810617,529566,341980,929118,573580,847955,12037.3,3569.28,139848,41429.8,12904.7,10408.7,7615.48,18.3603
861833,590977,874991,635155,359719,238589,904616,462775,823495,8851.06,2322.1,79949.9,39509.8,30528.4,8276.45,3264.71,18.3609
1.51588e+06,1.086e+06,837507,651774,438544,300207,876483,476432,820819,9376.43,1333.79,66032.4,48169.5,53016.4,7022.95,11378.3,18.3674
1.21042e+06,984705,737535,554483,446226,371572,720548,465868,714128,15879.3,3689.68,67714,31641.2,23361.2,10045.7,4271.64,18.3694
1.2581e+06,872057,865609,555853,467450,327490,856423,437115,762984,9181.83,3005.19,158341,49015,30225.5,8070.45,7283.35,18.3719
1.76354e+06,1.3331e+06,793733,351031,204189,150103,816194,289960,726372,21217.9,962.674,36899.8,31456.2,20999.9,4541.59,3831.67,18.3721
1.28932e+06,890774,868448,675153,435238,312325,836125,532275,761058,8108.26,727.018,109937,47114.2,35464.7,5895.1,5405.77,18.3732
2.03185e+06,1.4447e+06,843851,588775,369051,270016,820065,467330,755922,4468.11,3129.5,61956.3,34763.1,33014.1,7758.16,4966.97,18.3802
1.16513e+06,833281,838945,554828,300998,201569,895966,436578,762514,6440.65,396.932,55876.1,28601.3,21129.7,5134.19,6172.11,18.3853
1.63592e+06,1.19926e+06,818461,535566,386979,277107,837899,420022,765055,11291.5,2300.15,89888.1,39855.9,20940.4,7825.93,3816.1,18.3885
1.93137e+06,1.39223e+06,832348,466407,388248,289038,805946,367269,761959,7657.37,1224.74,60507,39538.3,16046.5,7122.48,2492.48,18.3905
2.2336e+06,1.55622e+06,861164,428974,293156,210595,835223,348075,739451,8244.14,3270.01,16293.8,39445.5,11513.1,5932.74,6115.33,18.3918
1.04702e+06,734105,855752,666196,460800,320516,862609,484296,825358,6463.17,201.818,101110,50916.5,17693.9,7029.71,5170.68,18.396
894609,772982,694409,252157,115720,98744,703151,230250,657088,7118.67,2025.15,15085.9,8278.97,1242.62,19.1936,1583.85,18.3992
1.96723e+06,1.38005e+06,855289,393664,271925,195930,832720,314293,751522,14506.8,4912.06,29263.7,25242.2,8883.89,5591.65,3840.97,18.403
2.13828e+06,1.58194e+06,811013,446561,386438,282614,820423,350200,765095,10118.3,2146.72,52525.5,59613.8,12158.1,6815.23,5037.53,18.4038
1.85872e+06,1.30156e+06,856839,520679,391957,280774,837593,416279,750475,11716.4,2893.29,97178.3,55286.9,16111.4,7416.38,5323.94,18.4055
2.12307e+06,1.6913e+06,753173,273475,202062,162700,745156,223550,733997,8416.77,1014.08,37643.3,34982.2,7027.93,4983.18,2738.97,18.4069
991590,692105,859629,571442,412131,239862,1.03092e+06,366682,935048,4674.88,3100.5,204464,28208.5,10647.3,6862.16,5045.61,18.4082
2.18085e+06,1.62417e+06,805650,497528,344712,255032,810985,382504,780428,4458.78,2021.47,95519.5,35549.7,21135.7,12159.9,8546.33,18.413
1.60241e+06,1.25886e+06,763746,378724,313039,243072,772706,310062,732868,7566.65,1096.55,74116.3,36095.8,8926.51,4657.26,2556.8,18.4136
1.91923e+06,1.41032e+06,816504,362027,307133,217070,848943,280559,774227,11727,1812.22,32195.4,25268.1,13978.7,6295.03,3437.41,18.4171
1.69006e+06,1.16976e+06,866879,801533,596733,397678,900326,593650,810106,11215.7,1284.82,155581,49192.2,49206.2,11172.1,6850.54,18.4202
1.14951e+06,829522,831452,497621,346870,266787,780104,421138,708967,5580.4,652.539,31814.5,26432.2,13823.2,5329.31,3269.21,18.4246
1.84199e+06,1.29261e+06,855007,377625,302274,220030,824271,289726,782032,8103.69,720.636,45350.9,95951.8,23813.8,8637.12,5624.71,18.4248
962610,660068,875010,556982,511574,377766,812526,441624,756728,13299.7,2712.67,33685.4,44721.1,21151.7,5260.92,4751.79,18.425
1.7556e+06,1.2902e+06,816434,315102,204601,149079,823460,264236,715502,6312.82,652.481,111237,25029.9,6941.55,5715,2318.9,18.4281
1.41383e+06,1.03301e+06,821191,507392,276666,204969,809877,414618,734255,9784.66,2156.44,148416,25513.7,24144.3,5493.9,2979.56,18.435
2.12575e+06,1.54147e+06,827426,457263,389527,281811,829337,357218,768039,13340.3,1754.08,112989,26671.7,11477.2,7843.45,5071.24,18.4393
1.48757e+06,1.10808e+06,805488,496225,407829,299507,817000,400751,742943,7033.56,1542.62,58264.2,28679.9,14567.6,5230.94,5554.44,18.4446
1.88056e+06,1.37093e+06,823044,666495,598292,429607,835590,510768,782932,4208.87,1893.89,110926,100357,54030.5,5318.22,5094.95,18.4463
1.87949e+06,1.27666e+06,883313,645447,369593,263515,841529,522069,741795,8790.47,852.988,114436,60630.5,44691.9,6450.58,10575.6,18.4497
2.26412e+06,1.45955e+06,930748,1.00101e+06,640182,416006,923325,734194,818048,4258,3109.29,238197,38962.7,26341.5,5334.16,1530.09,18.4517
1.93273e+06,1.22458e+06,946968,873604,560590,375194,896481,631539,829976,25453.6,4396.97,29273.3,52530.6,34758.8,20734.1,5935.39,18.454
1.06241e+06,761972,836574,473935,213585,158357,809253,387797,733272,6635.61,1221.84,367285,31357.8,25628.9,6802.06,3450.59,18.4544
1.39622e+06,1.06720e+06,784977,464719,411733,319736,772637,379174,735365,6359.49,-293.161,129213,42240.8,9849.83,6044.11,3567.07,18.4598
2.15762e+06,1.40447e+06,921747,527265,354625,234641,906810,395885,799118,7785.89,3731.44,51133.6,31913.3,43912.7,9814.32,9028.09,18.4619
1.49712e+06,973499,922727,564860,288761,196108,883476,430340,787554,11365.8,2974.59,106017,31757.9,29334,6966.46,7870.11,18.4629
1.70187e+06,1.09215e+06,934967,528813,402005,265659,907942,374013,848334,9833.81,782.05,102441,39352.3,11328.7,8324.38,4356.67,18.4653
1.83641e+06,1.23593e+06,891507,403463,329593,238272,829957,318326,760472,8342.8,-252.979,50372.5,58844.1,41995.5,8212.07,4782.32,18.4687
1.17935e+06,850855,831643,591819,557896,388996,860516,433851,818464,12356.9,2111.06,103849,35342.3,20944.8,8049.38,4736.29,18.4787
1.83622e+06,1.43604e+06,767200,323918,180166,144409,748564,276639,702542,3860.27,-22.4317,20544.3,16200.5,17213.9,5189.57,3808.68,18.4831
1.92454e+06,1.48072e+06,779836,537620,407041,306448,796953,429912,750320,5043.46,59.9862,57112.2,50972,24135.3,6007.14,6044.52,18.4837
1.86982e+06,1.46821e+06,764123,451378,307066,227755,808937,340699,794914,14742.5,153.68,237624,54177.7,17224.4,8389.71,4974.48,18.4879
1.75792e+06,1.31148e+06,804244,499754,322650,237464,815240,383380,782128,13391.3,3144.74,62264.9,47839.1,20130.5,8285.37,7898.24,18.4897
1.37858e+06,952601,868304,513519,384019,257610,894420,391186,787634,7529.42,2678.95,173876,30341.7,13843.7,7888.15,3655.99,18.4898
1.46514e+06,988738,889097,593611,311194,220920,845177,463992,767614,6417.37,1919.18,121697,29967,31870.4,7079.46,5517.4,18.491
1.2062e+06,837560,864078,506304,447617,334595,802673,401515,756590,8494.53,450.377,56617.7,45082.4,24168.7,4984.57,5447.44,18.4935
1.88704e+06,1.32768e+06,852784,499334,433917,328217,793226,398517,751788,17264.4,671.188,206840,34582.9,20733.9,7303.31,5478.45,18.4981
1.52445e+06,1.32918e+06,688148,218874,131057,119660,657147,213271,615762,1469.1,647.095,1.04911e+06,19242.2,1089.68,2243.88,1274.35,18.4985
1.76711e+06,1.31329e+06,807335,448659,416352,326527,765055,369178,729175,5494.52,3736.44,118619,55989.8,19590.1,5222.91,3285.04,18.5048
1.54943e+06,890890,1.04352e+06,902542,670562,411701,977255,620071,873328,10424.3,2115.04,492172,39092.4,41534.8,11255,8964.6,18.5074
2.01043e+06,1.39119e+06,867069,615543,517336,365363,849570,474731,777968,18248.8,4949.86,129783,34817.1,10946.8,10692.5,7844.21,18.5147
2.8476e+06,1.94366e+06,879044,699908,595005,419939,850131,532563,788535,8779.94,2365.85,73242.1,26496.1,40803.3,8282.06,5352.68,18.5227
1.60438e+06,1.16602e+06,825564,661619,597736,443114,809366,508409,780812,9321.17,268.061,183138,47443.5,20626.9,7336.77,5619.34,18.5263
1.49185e+06,1.07056e+06,836111,476744,350931,257102,818969,387947,737334,6552.38,697.816,20158.6,27883.8,14505.7,4370.53,4424.81,18.5287
1.39683e+06,1.03521e+06,809590,501609,304207,226710,805100,398987,754323,7835.62,1435.89,253217,22758.4,10541,7627.74,5573.57,18.5358
2.7891e+06,1.84689e+06,906100,887032,757277,533750,851272,649547,819370,11693.5,3074.12,53065,69645.1,33192.8,9988.17,8235.87,18.5366
1.87197e+06,1.23719e+06,907852,491080,336805,222238,909309,372929,790092,9547.31,1192.71,30935.6,34175.2,27610.4,7634.1,8186.88,18.5391
944866,680704,832843,452542,205204,155402,792285,371064,731748,5018.55,2089.42,643682,29407.5,16914.5,5384.91,2239.82,18.5414
2.46411e+06,1.67893e+06,880599,558674,435558,321937,811758,453669,738874,6785.06,1169.25,32633.4,22905,27903.2,7506.68,9248.04,18.5458
1.94157e+06,1.36838e+06,851330,578042,467461,348296,805282,464212,747127,11325.6,876.062,84563.1,32421.8,11855.4,6665.46,5565.22,18.5496
1.37412e+06,1.01832e+06,809636,726947,382829,259177,886256,541915,804865,12193.5,3171.04,118367,44818.3,26679.6,7966.75,7455.56,18.5534
1.08554e+06,831399,783408,446014,266432,192464,830592,350343,763847,4824.63,158.397,49113.3,23443.9,14721.6,4526.07,4125.45,18.5629
989242,815737,727618,292821,277092,228846,726494,254248,691029,4498.29,731.591,12391.4,20579.1,5437.18,2557.57,2646.52,18.5686
850648,592628,861230,627752,307814,225878,817647,526602,715248,4129.06,145.198,43245.4,21186.1,10292.1,3710.96,2657.42,18.57
2.25122e+06,1.45746e+06,926771,922560,793868,512197,929956,637477,868323,9829.42,3035.27,94744.7,106117,80681.9,11848.5,11146.5,18.5707
2.43978e+06,1.51799e+06,964350,437835,296265,179438,990644,281552,933046,8685.91,192.609,48402.1,29660.9,17284.4,9007.33,2390.73,18.5708
1.96702e+06,1.48431e+06,795127,321799,278268,217537,767505,268609,718812,7386.1,2855.62,34797.7,26893.2,9677.12,5075.4,4032.08,18.5717
1.50182e+06,1.09718e+06,821278,597571,395918,269443,881637,474039,756357,11964.6,2016.91,102537,45926.7,18666.2,7493.84,4453.46,18.5775
2.37183e+06,1.83252e+06,776578,393907,344374,259381,796606,319619,739455,6406.8,553.344,68489.8,92710.8,13035.4,5590.29,7031.71,18.5794
1.95647e+06,1.46584e+06,800823,468170,349818,284314,738235,394497,712051,4497.63,1094.79,127692,28242.4,28864.8,5304.15,5042.26,18.5816
1.99058e+06,1.44904e+06,824230,350597,210550,154868,815727,290834,723293,9206.16,-109.532,108450,41195.5,25785.8,7435.83,4217.4,18.5833
749792,493685,911259,489524,338503,234605,865717,361295,812949,5396.63,959.638,94909.2,47353.8,21492.3,6694.9,3622.38,18.5844
1.14866e+06,790794,871527,702491,477178,348929,820530,563542,747938,9310.33,2725.93,40296.5,55188,20864.1,5984.19,3830.93,18.5878
1.81731e+06,1.20469e+06,905114,750895,471386,316527,893546,549857,819371,21551.2,4295.86,36501.3,44338.7,22477.6,11386.5,6598.58,18.591
2.29348e+06,1.67072e+06,823649,921902,412873,292182,847840,716780,771703,8594.67,2052.4,791486,61179.9,41065,5752.66,9808.62,18.5968
1.80752e+06,1.18154e+06,917884,554250,332674,242298,823798,453764,732871,8854.64,3123.14,33324.9,54371.7,33385.7,9636.68,7220.75,18.6007
2.11859e+06,1.40373e+06,905551,692763,468746,317005,887202,527790,787544,9072.25,1668.47,130210,109926,58726.6,9865.4,11058.8,18.6011
1.51829e+06,1.09878e+06,829079,470517,342294,263043,780770,406357,694734,6303.4,1361.95,53196.4,33135.1,14904.2,4819.07,4143.87,18.6011
1.69147e+06,1.18078e+06,859498,576758,484966,357876,813075,456185,758584,10766.4,2354.6,22411.6,27424.2,21452.3,5840.41,4234.47,18.602
1.12222e+06,766771,878137,608258,466524,327464,854795,485193,752185,5056.39,1256.01,119301,22668.5,13863.9,5840.32,4197.53,18.6056
1.21633e+06,834803,874213,678178,569987,428052,798950,545788,745540,7511.79,1774.91,69014.8,36195.6,14674.1,5017.39,5566.91,18.6066
1.77502e+06,1.14633e+06,929063,647695,313978,232230,811209,523932,741732,10172.7,3999.23,29764.9,44860.1,46541.2,7846.03,4665.09,18.6086
1.38732e+06,958094,868802,734594,658714,471491,838253,569832,773485,9573.95,1019.34,168932,68228.6,24102.3,9950,5787.92,18.6099
1.36976e+06,1.01396e+06,810542,476322,337950,236313,858056,363317,786622,8279.14,3975.58,3031.23,36434.2,13264.7,8223.27,4523.37,18.6106
1.78319e+06,1.01116e+06,1.0581e+06,918100,517347,319652,971081,640981,859402,21296.3,3880.7,70848.5,110870,83843.9,21429.8,6589.42,18.6117
1.777e+06,1.25992e+06,846244,543355,343308,240817,855358,416733,782307,15255.4,5260.48,34181.1,34500.3,24036.9,8319.29,4710.61,18.6118
2.15199e+06,1.5289e+06,844525,227704,181737,143251,761196,191560,713211,6113.07,1042.92,93908.5,44894.1,10862,3963.93,3458.07,18.6132
2.03401e+06,1.58406e+06,770430,434903,317580,252225,755468,354713,735642,17485.8,1224.06,219555,34710.1,10950.3,7943.35,4389.74,18.6143
1.50522e+06,1.06375e+06,849007,713638,447666,325835,824343,555745,770466,7586.03,-187.968,92615.2,88290,63409.4,6205.44,8002.08,18.6164
2.06214e+06,1.32538e+06,933534,644482,434999,276560,943735,444813,869330,22993.6,3264.95,28348.4,141899,18607.8,10778.9,8927.75,18.6181
1.21059e+06,875202,829924,588299,451267,330629,818925,474993,743126,6645.15,399.41,188141,35176.6,20472.8,9092.32,5247.17,18.6194
1.05832e+06,771038,823555,473889,318935,235089,813994,375574,757063,3110.35,-129.928,166275,25800.8,16439.1,5896.23,3873.43,18.6201
1.95941e+06,1.43818e+06,817453,472242,319463,241054,795165,383408,739018,4294.31,213.518,57755.4,27022.6,26843.8,5407.44,4186.92,18.6201
1.50593e+06,1.10922e+06,814591,417349,304993,230457,794057,343948,728045,7543.84,739.537,48696.5,42897.2,26331.7,6143.43,3871.19,18.623
1.20442e+06,971741,743667,391972,306480,254167,723492,323156,727770,3700.27,-117.378,116098,29290.4,8598.91,4931.26,3256.68,18.6238
885540,595835,891730,530635,390362,258114,907418,382942,831407,6466.81,881.298,53441.8,29911.4,11567.4,7051.1,6988.37,18.6267
1.54046e+06,1.09414e+06,844753,413353,305660,217608,842781,328441,755118,8712.46,548.372,110870,24232.2,3939.07,5635.12,3175.47,18.6329
1.84287e+06,1.38181e+06,800200,543935,455941,350771,779895,437151,746564,8894.1,2685.04,79203.9,38617.1,11324,9131.84,2431.43,18.6401
1.40799e+06,1.08782e+06,776592,397198,207527,162858,764569,349831,681240,2859.02,3185.42,1.6235e+06,7646.88,4115.29,3333.15,2141.18,18.6437
1.71589e+06,1.24482e+06,827053,428735,321135,238275,808649,351018,732842,9819.96,1918.99,31727.9,40678.9,11818.3,5712.56,4270.12,18.6442
2.0963e+06,1.65029e+06,762156,373969,285727,210775,813360,297235,754896,12878.4,404.669,206415,25795.2,14689.7,4494.68,6685.59,18.6463
1.34377e+06,1.01753e+06,792375,552547,377809,283512,799562,439795,753824,9759.57,1503.93,68686.6,40055.6,14475.8,5746.7,4847.41,18.6485
1.83107e+06,1.26527e+06,868305,647781,475065,328985,866419,487863,796675,10439.8,2800.03,300301,60896.9,24719,11839.6,5005.85,18.6499
1.85738e+06,1.34476e+06,828715,557507,461945,342110,810170,439189,761640,16345.6,4374.6,317073,31975.1,14112.4,7777.46,5844.59,18.6522
1.66151e+06,1.27391e+06,782559,393241,258858,201399,771180,330963,712904,5410.32,595.376,58254.6,23444.7,6698.93,4902.84,3059.68,18.653
1.07699e+06,768493,840856,394269,159961,115354,832018,324540,728913,2769.07,2509.82,1.35533e+06,17955.5,6553.32,3321.24,1212.13,18.6576
1.59818e+06,1.0912e+06,878766,718372,532771,361951,883166,527244,817503,4126.28,2921.01,34543.1,34115.9,22715.6,6518.32,7763.62,18.6658
1.35839e+06,1.02608e+06,794320,450752,273969,200627,819339,352785,766618,9625.14,-57.3138,87691.3,29578.6,14237.3,6144.01,3423.93,18.6724
1.88699e+06,1.48996e+06,759887,364531,275914,207931,796169,290604,752635,5566.18,156.832,110676,38719.9,19702,4002.32,3602.18,18.6769
1.24995e+06,854959,877201,643201,334215,234744,854246,506423,762052,8962.26,1768.21,58335.1,43138.2,33048.3,6212.74,5095.21,18.6775
1.54858e+06,1.03738e+06,895668,691371,425653,285391,894884,538843,769839,8502.03,1434.02,85566.4,36303.6,24958.6,8445.04,2306.73,18.6828
1.77552e+06,1.33438e+06,798359,426596,247734,174656,851047,325190,787103,13652.3,858.238,111730,26046.1,16070.6,6985.57,3648.7,18.6908
1.55841e+06,1.14205e+06,818745,444980,283398,205572,827151,332357,803316,13594.8,2846.66,48004.9,29313.4,15853.6,9617.06,5102,18.6932
1.87945e+06,1.33169e+06,846796,532890,439842,307528,858151,417196,766389,6936.03,1638.53,113939,40574.3,16830.9,8778.18,6797.21,18.7053
1.98432e+06,1.50907e+06,788958,460040,373129,284789,786117,381830,722898,25956.1,1581.14,55058.5,31564.8,8746.36,5780.21,4782.61,18.7093
1.61252e+06,894875,1.08117e+06,630921,437263,264734,991024,424826,891077,12121.4,2435.77,27493.5,42061,14355,8003.76,7067.32,18.7141
2.21218e+06,1.54839e+06,857220,483719,344677,255918,808095,375261,773411,11694.3,3548.77,55923.4,51146.2,17638.7,7632.93,3453.94,18.7178
2.02189e+06,1.50842e+06,804244,463489,419918,329166,765421,382746,726574,10168.3,2449.25,128891,36122.6,24912,5627.37,3784.1,18.7182
2.16625e+06,1.32311e+06,982342,925411,729189,453901,963896,624685,888842,12123.1,1180.56,295816,49346.8,25588.3,9665.91,11944.4,18.7193
1.38909e+06,1.02752e+06,811133,650784,476198,371921,768224,545742,715485,8199.36,4309.67,48124.6,36048.4,10414.7,7297.4,8268.27,18.7207
1.75247e+06,1.32033e+06,796380,471920,283436,215363,789650,394028,718610,7691.55,520.883,123090,20550.5,11631.6,5528.69,7481.37,18.7209
2.02732e+06,1.382e+06,880170,736759,561877,375880,896898,541865,815804,13095.6,3889.07,66740.4,43272.6,12099.9,10104.4,6451.3,18.7234
1.28957e+06,852256,907875,667637,433668,291788,891746,531631,753497,9590.79,629.01,57389.1,47223.4,18876.7,7231.35,6691.87,18.7238
1.81969e+06,1.37284e+06,795297,468049,312648,242941,772159,399831,702370,6275.89,1826.9,217319,42155.6,10613.2,7830.82,3917.06,18.724
1.91095e+06,1.42366e+06,805367,382428,327493,253032,776564,321628,713424,17652.2,-197.528,56274.8,17834.2,6039.91,5048.59,3962.13,18.7321
1.51782e+06,1.19363e+06,762963,428546,363417,276168,789556,343993,747478,11689.9,-416.41,114110,40495.2,16261.8,5831.12,5065.54,18.7371
2.04122e+06,1.33903e+06,914638,637350,502954,316773,952646,445951,857515,12102.7,3225.15,54099.8,36977.3,32069.5,7421.17,5804.24,18.7422
2.34555e+06,1.67357e+06,840916,524542,460759,331097,834969,400372,786081,5450.94,2087.76,57032.8,61350.2,35511.1,7300.64,8015.9,18.7448
1.88361e+06,1.32477e+06,853105,511925,354640,269800,788674,427131,719111,8374.13,1793.58,136472,28812.3,10151.6,5509.82,4069.66,18.7468
1.76041e+06,1.29094e+06,818200,783647,503464,372155,811700,613785,766047,6272.91,2472.98,61069.1,60178.8,15443.9,8273.99,6972.07,18.7502
1.34215e+06,898796,895966,610142,484511,351071,828057,469947,778992,10790.7,2268.2,102548,60459.4,17735,6813.26,4876.08,18.7559
1.33429e+06,1.00299e+06,798191,487840,320356,239949,801060,380841,768573,7091.41,3599.73,92309.1,42970.8,33637.2,9917.42,3110.37,18.7568
2.01591e+06,1.42452e+06,849090,454796,348097,251586,830166,373148,731285,11296.4,1299.53,22705.2,32028.8,47359,9314.05,3851.88,18.7626
1.31395e+06,897518,878390,711339,465076,339573,821755,552028,773155,11015.2,2641.33,112052,29101.3,20307.8,9061.79,6015.85,18.7649
1.68859e+06,1.16226e+06,871707,581834,351042,243751,864100,452628,771275,8643.69,131.679,33973.1,39217.9,40043.9,5606.88,3016.34,18.7667
1.54409e+06,1.02331e+06,905347,785005,621436,419415,889004,580275,811690,10409.5,4777.64,86228.6,84351.4,40349.8,9376.88,4854.65,18.7679
2.07846e+06,1.59342e+06,782643,445052,263700,186325,849163,337353,791547,21774.5,3125.55,113703,25137.7,11146.7,8745.6,4733.79,18.7697
2.51885e+06,1.72696e+06,875127,599747,323002,203327,953149,404841,888863,7521.7,2984.33,59916.1,40455.6,42307,7442.02,6073.59,18.7712
1.62228e+06,1.14789e+06,847962,413877,228272,167336,818493,338132,734406,8004.69,1460.48,61873.8,51560.4,44311,5033.2,3846.7,18.7722
1.81647e+06,1.30495e+06,835193,637031,518415,386742,804280,512863,745265,13202.4,3824.85,143312,40353.3,16624.7,10250.1,5232.51,18.7742
1.69533e+06,1.28009e+06,794634,568867,440534,337213,783838,468953,727834,15803.3,2560.47,160931,36675.9,18880,7131.82,3553.88,18.7762
1.26369e+06,841431,901099,607820,367047,251738,874831,478523,762121,9983.17,1117.55,131180,29375.1,16792.7,7390.77,4987.19,18.7779
2.01001e+06,1.35896e+06,887449,387753,321953,235178,821386,303274,767135,5462.44,281.799,62353.9,61296.3,38385.4,8532.71,3608.66,18.7858
1.1453e+06,780805,880090,579166,409964,282363,871142,443587,783386,6345.79,-37.3362,52567.7,28610.4,27622.5,6465.98,5098.4,18.7878
2.0586e+06,1.58867e+06,777480,386574,229512,166254,828296,299522,774383,8590.9,296.435,16932.9,34920.7,8996.69,12278.7,4420.29,18.7906
1.34263e+06,1.02267e+06,787719,408778,275790,204812,807931,326581,751013,5536.07,148.085,1.00816e+06,46328.1,7109.24,5017.38,3392.99,18.7949
2.0599e+06,1.40615e+06,878952,588444,474870,324274,878646,449774,784987,15168.9,2977.91,64131.9,35706.9,36210.6,9311.18,6891.81,18.7983
907606,657211,828598,369623,297125,222697,800528,278447,796466,8891.63,100.874,48774,25565.3,32436.3,4944.74,3931.73,18.7996
1.59879e+06,1.20882e+06,793560,409455,222670,173140,771642,332397,739095,4883.62,1559.18,53090,34112.1,52969.8,5511.15,3449.5,18.8022
1.02218e+06,733886,835700,606039,464240,340414,818251,491487,739843,8118.45,2633.22,43556.3,32635.3,13580,6357.5,5264.88,18.8049
2.11573e+06,1.2794e+06,992219,863751,634021,398626,954309,606915,853910,9820.38,2199.61,69353.1,52012,53899.2,40890.1,7974.33,18.8118
1.16671e+06,849063,824468,386978,289463,214264,810579,301923,769026,6228.78,943.303,46128.1,30642.9,8428.55,6588.09,3799.8,18.8159
2.00518e+06,1.22012e+06,986052,767966,797541,411401,1.16316e+06,413208,1.11513e+06,21615.1,3774.16,22669.1,62651.1,39709.2,9692.73,4991.77,18.8172
1.42991e+06,1.03505e+06,828889,522476,464843,355216,785172,412952,759134,8242.83,741.99,87160,38115,5206.36,6460.77,4032.97,18.8214
1.70475e+06,1.25458e+06,815291,563286,474286,346433,821433,435864,775406,10066.5,1497.48,111569,57538.8,8936.45,6391.31,4894.29,18.8239
1.75772e+06,1.09676e+06,961588,594175,403895,236692,1.02385e+06,371850,958734,19454.4,3415.12,128671,54234.3,19736.4,13912.2,8148.31,18.835
1.55848e+06,1.18461e+06,789364,451799,297707,219014,815584,361550,749770,15776.7,2986,17937.5,26998.9,26459.6,7753.52,3045.86,18.8357
2.26372e+06,1.58835e+06,855124,498201,332555,238023,838293,402666,742354,6208.32,3509.86,67038,55759.4,23005.8,6519.35,6058.43,18.8367
1.8747e+06,1.31154e+06,857632,474841,262484,180785,871149,370028,769954,7123.33,732.198,79321.7,32390.7,35519.1,7992.57,4254.15,18.8382
1.27459e+06,970891,787681,745981,470804,345401,817839,587285,762132,8393.72,4740.7,212621,36426.5,20921.4,6808.17,7605.3,18.8389
2.47004e+06,1.4393e+06,1.02968e+06,637739,465633,286092,976538,427341,895405,12360,2196.74,236279,76139.6,50677.3,12041.3,7429.72,18.8418
2.16785e+06,1.53962e+06,844829,607078,562824,393110,859032,453823,802619,16436.8,1794.72,148906,44967.4,19906.8,8966.3,7143.44,18.8423
1.51923e+06,945528,964051,781354,665198,428228,932024,556982,841701,12347.3,3596.27,50866.8,36938.9,25561.5,8244.47,7461.23,18.8427
2.12113e+06,1.61483e+06,788118,505264,397771,296607,804642,394673,768126,5904.06,399.288,109484,62863.4,53112.1,5632.63,6016.74,18.844
2.07975e+06,1.49853e+06,832717,601291,422256,308430,821430,443045,814306,14297.3,2013.39,48844.2,62165.8,26713.5,9337.63,13345.2,18.8516
2.06294e+06,1.59705e+06,775031,322404,226921,175912,773982,265767,727865,8877.39,381.411,83041.6,26459.9,6841.92,5316.66,2946.7,18.855
1.85703e+06,1.33991e+06,831565,444376,252341,187160,808959,363010,734485,10805.3,1965.19,37323.6,99743.7,22712.6,3888.84,8009.03,18.8618
1.64997e+06,1.21205e+06,816785,389175,224904,169976,793892,321140,727113,6200.51,1358.3,53866.2,32881.5,14255.1,5388.95,3259.96,18.8679
1.31901e+06,968120,817465,466403,234191,178499,787200,387867,721490,6188.95,214.227,133101,17855.8,13950.7,4759.87,3477.44,18.8689
1.482e+06,1.12502e+06,790387,581936,433212,338575,767709,471499,740536,7610.42,1137.25,242166,40160.5,9863.51,6207.66,5492.11,18.8689
1.72967e+06,1.15732e+06,896732,615703,545889,344451,950886,420913,877668,22074.9,5578.73,51281.8,47104,23671.5,10960.8,8551.38,18.8693
1.84381e+06,1.4406e+06,767935,438118,325394,248206,786590,339849,773493,11120,2721.87,55836.3,43510,17532,7974.78,3968.39,18.8732
1.81495e+06,1.48946e+06,731117,480781,321378,268787,717397,419605,687477,8621.73,1207.73,817796,19291.4,5012.84,6374.39,2699.96,18.8808
1.21005e+06,839201,865142,525227,435071,297806,876553,400824,786221,9309.08,909.445,49304,30046.1,23666.6,6997.54,4833.81,18.8821
1.82539e+06,1.39052e+06,787640,437927,363633,281591,774811,360540,728785,9594.22,41.9295,102999,40848.9,8669.37,5416.18,3971.89,18.8941
2.05171e+06,1.48574e+06,828565,433331,374460,273327,822004,345710,752071,13601.5,3621.5,26986.9,47046.2,15415.7,6704.82,4339.31,18.8954
2.30174e+06,1.72424e+06,800960,414960,335617,251725,799962,330873,752481,13149.8,1129.74,32778.3,60263.4,17862.6,5559.84,7214.95,18.8977
1.38881e+06,1.01722e+06,819176,336797,161296,119667,808725,277601,727944,6375.82,1611.97,31592.2,43982.4,38705.4,5116.63,3447.06,18.8998
1.16724e+06,763507,917272,826417,608472,397315,918876,580733,853835,8102.44,3714.09,256864,71039.1,29966.6,8459.14,5775.97,18.9015
1.56175e+06,1.04865e+06,893574,606345,348746,246471,848975,476616,763313,8785.06,3226.9,50002.7,25014.9,18883.5,5318.09,3075.08,18.904
1.17905e+06,777114,910329,598665,422073,293391,863161,457751,784703,13434.8,1676.41,139513,32929.9,14321.6,8149.94,7483.64,18.9137
1.35225e+06,988033,821175,414348,288863,219321,790246,325422,763958,10685,3032.22,51620.7,61334,20674.1,6295.77,2766.87,18.9145
1.62945e+06,1.12409e+06,869743,604471,549333,402947,817972,477010,760325,3976.33,2593.08,43491.1,31845.2,28886.3,6605.47,3989.91,18.9189
1.56407e+06,1.09463e+06,857318,429347,211358,147769,858195,326236,789638,7313.7,273.862,60646.5,25566.6,17214.3,4906.93,2836.66,18.9241
1.12978e+06,775530,874074,594132,368088,256039,862575,457084,779899,7028.9,2242.18,25348.9,25005.7,20905.7,5695.72,4519.86,18.9247
2.07802e+06,1.58526e+06,786500,536170,354546,257506,826108,429374,749235,8043.73,294.462,46993.7,43698.4,24653.2,5262.66,5905.93,18.9361
1.98114e+06,1.40719e+06,844724,514059,412994,305909,810033,415142,742964,13498,738.289,102121,32222.2,25627.8,5964.69,6350.56,18.9371
1.28637e+06,941268,819981,477156,420457,318375,792380,386664,740420,10798.6,1690.35,48410.3,27870.1,7737.65,5738,7315.32,18.9375
1.18955e+06,817540,873022,523183,426384,298841,856076,410488,764724,8069.14,-226.63,29731.1,34186.7,30952.2,5864.85,4045.22,18.944
1.288e+06,993400,777936,449154,393983,307727,768181,366505,735304,9173.78,616.461,53586.2,35027.3,25920.2,6733.22,3348.61,18.9458
873082,590097,887735,475715,234347,163124,861970,366351,779114,6488.26,2166.79,77078.4,19474.6,5264.4,6041.57,3664.3,18.9614
1.22996e+06,861913,856204,628718,531936,386517,825737,494171,763361,12111.3,3255.66,34859.8,44605.6,19350.8,6675.72,6217.94,18.9621
1.5476e+06,1.14068e+06,814041,430240,347134,275279,756616,372686,692658,5105.95,-214.89,11028.5,26888.9,10239.2,2928.81,2811.36,18.9631
1.24913e+06,748244,1.00165e+06,1.10871e+06,718103,474030,908933,784547,847909,5109.8,3219.27,192289,54569,43122.1,10300.8,8612.3,18.9668
2.34191e+06,1.59254e+06,882329,597334,501108,364317,825284,469779,762913,8117.9,1155.04,53130.4,35769.8,34276.3,7879.72,5828.56,18.9675
1.43962e+06,887229,973564,815878,520659,358584,871192,595734,821720,12700.5,2947.1,95489.6,46909.6,20760,10285.7,5703.19,18.9695
1.58299e+06,1.046e+06,908023,522713,375338,262032,859447,415032,755671,6881.75,974.333,63341.4,58825.1,37434.4,5246.51,4184.87,18.9728
1.85232e+06,1.38941e+06,799902,396566,318831,232121,824133,296006,803835,14168.7,1805.52,46167.3,43376.9,13588.5,7884.79,6066.33,18.9753
1.45736e+06,1.08062e+06,809184,854725,641598,447245,860733,647915,791516,6278.18,832.444,205319,62884.8,28157.4,7515.51,5718.82,18.977
1.50217e+06,1.1171e+06,806823,378072,213439,160412,798341,314009,722410,4657.47,2140.68,189585,19817.1,12423.9,5874.59,2431.91,18.9792
1.51618e+06,1.13382e+06,802338,442966,269687,197908,817614,360203,737861,6616.16,2805.59,30209,22734.3,14477.6,5267.16,3890.29,18.984
1.45147e+06,995077,875191,630545,490999,358850,820954,497098,761071,9156.41,4247.53,37632.7,40357.9,9380.25,7598.62,5415.62,18.985
1.52609e+06,1.11277e+06,822858,639532,527722,374344,845834,478674,801630,8104.95,1411.77,53464.9,53889.4,24799.6,6826.59,6814.02,18.9851
815377,557224,877970,415149,286978,201413,854894,311794,798891,5634.73,1162.08,21658,25323.6,11533.1,5301.72,5089.27,18.9887
1.35545e+06,1.02944e+06,790010,587298,505169,383019,791349,470494,748954,8570.03,876.794,114111,54889.6,27730.6,5955.82,5264.17,18.9901
1.72558e+06,1.24377e+06,832429,560398,325462,244710,797993,449878,747401,12429.3,4055.98,32721.1,51074.8,32762.9,7745.91,10793.4,18.9958
1.95183e+06,1.45571e+06,804489,386371,213563,157797,812041,309096,750002,7354.38,1475.42,30406.9,29053.6,33125,6046.06,4359.17,19.0061
1.32923e+06,972044,820475,412843,372541,279089,800908,333097,743645,5848.36,462.41,31807.8,30946.2,5848.97,6038.07,2776.14,19.0099
1.75626e+06,1.37339e+06,767270,443282,292437,214090,819573,354230,750838,8615.76,874.327,97768,40651.6,10816.7,6026.98,5957.4,19.0141
2.70134e+06,1.97843e+06,819236,458262,321457,239022,806931,349669,786335,14103.6,1757.99,69850.7,65276,18762.7,6820.6,6773.2,19.0169
1.55418e+06,1.1483e+06,812079,390215,227772,174943,781188,319726,732281,7625.49,1531.74,51082.3,44752.6,25293.3,5899.96,4172.74,19.0182
1.69557e+06,1.11786e+06,910079,509294,385374,258062,896004,380518,803053,18415.3,3717.67,39248.2,35231.4,12654.3,6759.28,5637.03,19.0194
1.42806e+06,1.02454e+06,836311,675590,394286,279277,847087,544524,744419,2481.24,4660.66,220431,30393.8,12254.1,6409.38,6945.08,19.0216
2.03564e+06,1.52251e+06,802219,600475,450605,341384,791962,486063,741232,8057.46,388.564,461223,58791.1,38887.1,5283.19,12430.8,19.023
1.28124e+06,945750,812842,464986,362800,278754,780904,369374,755309,4034.28,1062.83,130114,33620.7,12039.8,7070.69,5909.88,19.0253
1.30914e+06,1.01685e+06,772467,414175,308582,242635,763078,322243,771173,8049.57,-118.908,49084.9,21608.1,10475.2,12984.4,4271.17,19.0259
1.68922e+06,1.22365e+06,828283,521429,287818,208028,830133,405215,772077,14995.1,3129.36,59525.2,29187.4,17376.1,5354.74,4287.46,19.0277
1.61085e+06,1.20008e+06,805371,565877,446706,336014,797656,470740,721261,5122.23,2882.73,107679,35590.7,12445.5,5580.68,3892.42,19.0299
1.86226e+06,1.32819e+06,841263,514464,378293,271754,835225,391385,788682,23907.1,3226.31,90869.6,33511.2,22992,10685.2,4950,19.0356
1.42868e+06,990696,865260,736312,387919,271580,857027,591390,747032,6980.06,1217.88,58998.8,20685.2,18086.8,4976.27,4570.73,19.0397
1.08058e+06,727414,891306,614343,412976,283634,873609,479132,769320,5432.3,3579.53,255722,17799.5,16675.3,5330.19,3139.57,19.0415
2.23306e+06,1.53884e+06,870682,524872,369039,264185,838138,423827,743047,10043,1639.21,17367.4,29516.8,26468.3,9815.94,6973.78,19.0442
1.77293e+06,1.34235e+06,792458,503334,410280,302629,813433,399722,755527,11252.8,2756.72,108909,56058.6,33248.5,8046.32,5312.48,19.0601
1.79125e+06,1.28686e+06,835173,709880,527086,366202,863598,535522,795351,10398,3403.85,56727.9,47553,23318.4,8871.73,6317.09,19.0622
1.3975e+06,942251,889888,430625,338266,229062,886048,324676,795793,5758.08,-348.559,194830,25281.4,13740.1,4997.99,4099.83,19.0645
1.89761e+06,1.48819e+06,765067,609077,493626,378846,781784,484806,753799,5668.65,-361.351,65084.3,122674,26964.1,4824.85,6571.48,19.0687
2.23039e+06,1.43721e+06,931137,599952,402278,263662,915441,434416,828632,28948.5,5003.53,109843,53327.9,29810.1,12749.2,8483.64,19.0695
1.30512e+06,974178,803830,602278,383715,268419,857723,447991,806639,13224.5,2354.85,123899,49461.4,38189.6,9875.25,4020.12,19.0708
1.58679e+06,1.13495e+06,838869,540323,447687,328950,816575,428226,757062,5769.86,1298.5,26835.5,28635.8,20106.5,9044.82,9322.35,19.0716
1.25954e+06,849092,890036,727542,623805,422857,885129,513267,850484,5109.63,1401.54,245510,47280.8,11379.6,9774.43,6053.05,19.0739
2.62594e+06,1.64187e+06,959617,784752,434223,270918,961670,556726,845750,15374.9,2340.55,108042,55960.6,39864.7,8349.27,10264.2,19.0759
1.00641e+06,549364,1.09917e+06,1.18299e+06,792626,470461,1.01087e+06,765483,927253,7227.42,2180.7,56930.8,73664,75787.2,13425.5,5695.61,19.0767
2.00313e+06,1.56270e+06,769102,407980,343902,264152,781145,334069,732746,6219.24,1765.24,67555.2,33015.1,3630.34,4212.6,4444.3,19.0772
1.16648e+06,846651,826654,841793,684387,486309,844385,656184,769716,10033.9,1854.5,129832,51874.2,33356.2,8029.1,4881.67,19.085
1.65471e+06,1.23702e+06,802592,542833,440744,354518,745933,450084,723642,9224.02,354.041,122115,30292.9,15340.5,6708.83,3313.48,19.0868
1.65132e+06,1.26127e+06,785551,569073,422270,316941,799398,450184,758453,8153.3,1474.31,58762.3,46544.4,13326.1,6512.39,3718.54,19.0872
1.8032e+06,1.38921e+06,778800,477317,371097,282103,789280,390122,734104,5895.27,224.027,419172,25570.7,7091.65,8639.68,5304.8,19.0895
1.16678e+06,878193,797172,604041,303205,226691,802515,496708,729654,8573.23,906.183,106644,26988,22365.2,7205.54,4690.86,19.0975
1.45011e+06,1.06168e+06,819517,523369,417904,286926,873893,403285,778659,5710.64,431.659,22858.5,35339.8,12866.7,6461.58,4022,19.1004
2.135e+06,1.64306e+06,779641,362410,247132,176494,840136,277113,784684,21613.1,1123.16,56461.5,28682.6,12462.7,5849.87,4258.71,19.1012
1.58187e+06,963697,984879,958218,547378,357758,918013,664044,865802,19652.8,4824.94,117122,58781.9,69267.1,13235.4,8005.81,19.102
1.02679e+06,657296,937287,460659,250966,165041,912376,347087,796329,9112.5,3116.95,22519.5,29345.6,21703,5934.65,4862.43,19.1033
2.16644e+06,1.56901e+06,828462,634939,504052,377857,800386,495620,768660,8184.17,2712.18,34832.3,56540.1,24292.9,8012.91,11189,19.104
1.40532e+06,858645,982001,607844,430086,292446,882391,426228,855660,12551.3,1828.82,43495.7,41661.9,28682.9,8471.51,6193.16,19.1065
2.36594e+06,1.52315e+06,931991,623894,469971,303936,927770,452600,827080,18565.1,2603.53,69155.2,65021,34032.2,9911.34,4740.56,19.1092
1.58195e+06,1.20549e+06,787371,463635,251805,181125,834136,357309,778545,6429.22,-334.092,65918.5,30145.9,34760.7,5879.2,9789.87,19.1108
2.48488e+06,1.66431e+06,895825,907149,648411,442446,879309,648684,839067,7608.64,2737.33,231842,66993.5,52865.6,9652.99,13133.4,19.1158
1.72888e+06,1.20074e+06,863909,588616,444970,318592,838007,439765,803087,14860.2,3511.86,36091.7,31412.3,12386.8,8625,6386.28,19.1165
1.23471e+06,931419,795375,403074,210969,166000,762537,348907,693148,5106.32,564.948,14999.5,23221.1,13539,4797.55,2560.6,19.117
1.99095e+06,1.48361e+06,805178,515410,461570,349506,792380,404033,765398,10813.7,2762.57,261216,45397.8,19178.2,7305.07,6712.27,19.1203
1.69853e+06,1.13816e+06,895406,594605,352030,247246,854283,429006,831603,14571.3,2462.93,20013.5,57271,28838,9367.78,7334.56,19.1219
1.21907e+06,869703,841023,579343,370723,255395,870941,425615,816714,14809.9,2102.53,139593,26293,20776.4,8505.34,7185.3,19.1225
1.66202e+06,1.11254e+06,896343,662023,341828,243598,841949,509443,779703,8152.75,2792.6,34204,29549.4,50016,7031.84,10980.8,19.1239
1.4854e+06,1.06618e+06,835919,428751,225831,173507,780941,357493,719596,6157.58,272.64,55044,65585.8,31371.7,7357.71,8595.06,19.124
1.77767e+06,1.33857e+06,796825,474266,342238,253861,808878,372332,764263,5030.41,121.585,67428,41129.8,26478,5186.73,4174.03,19.1261
1.69444e+06,1.1743e+06,865767,565885,286029,206476,831172,437664,775779,10616.9,5038.98,30347.4,41827.6,15776.1,8624.86,5424.77,19.1291
1.56717e+06,1.15687e+06,812798,406496,301175,232204,778217,327541,744631,7240.63,176.559,14469.9,34077.3,22071.8,4064.9,5214.92,19.1328
2.02459e+06,1.50635e+06,806421,510942,369103,270843,817677,396815,772564,11004.9,4211.67,56488.1,47803.6,15835.9,8103.47,6595.3,19.133
947967,615913,923475,381622,322042,219724,879398,283057,808930,10682.8,548.749,54423.4,27454,12815.1,5651.69,6062.24,19.139
1.72893e+06,1.16682e+06,889047,916955,748104,507563,884348,686354,801588,15539.2,3072.75,63894.5,48637.9,34756.9,10030.1,8160.39,19.1406
1.67838e+06,1.23066e+06,818288,731633,513589,358040,860667,552948,793890,11396.7,1907.73,65297.6,45006.9,37891.8,6949.66,11575.6,19.1459
1.63331e+06,1.11035e+06,882591,454624,384860,264111,874315,343860,793271,9096.34,1668.23,69877.2,25707.2,15572.9,6949.87,3951.07,19.148
1.43684e+06,776907,1.10966e+06,1.02639e+06,842272,509544,991796,685550,898309,12292.7,3831.72,63682.3,87877.1,44040.6,14432,7800.5,19.1505
1.63379e+06,1.13376e+06,864622,665150,411707,309761,797468,533404,748195,5308.97,1408.3,51379.1,34210.4,21783.8,5431.56,3277.85,19.1507
2.15963e+06,1.54156e+06,840564,425921,363511,273553,797309,332865,767737,12921.6,3526.16,28587,57643.7,20342.2,7852.98,6888.89,19.1571
2.3571e+06,1.63559e+06,864680,433369,323287,236745,819331,343176,757690,10864.1,2864.81,35180.1,34251.4,37501.5,10199.3,4071.51,19.1679
1.3568e+06,1.03678e+06,785202,402934,328264,253228,777791,340038,710980,11439.6,266.335,89501.8,39736.2,15204.9,9134.99,4476.41,19.168
1.91192e+06,1.30431e+06,879506,791248,636334,430918,886016,586491,809473,18604.8,2315.76,109878,60446.3,34134.5,11554.3,11693.1,19.1681
2.15658e+06,1.49393e+06,866139,507007,413983,301470,823930,409362,743118,12646.1,3390.54,29270.3,67895.2,34269.6,8341.67,7054.1,19.1816
2.21385e+06,1.56675e+06,847810,684135,458315,334844,821245,515832,795765,12026.1,3271.24,56465.9,105456,62744,10442.9,10412.4,19.1833
1.01165e+06,730479,830950,553231,247150,167574,884922,424905,781206,13870.1,1268.7,102228,53095.5,32908.3,5950.69,3685.69,19.1839
1.78643e+06,1.21798e+06,880025,495474,269157,198104,815199,404253,735391,5765.96,2457.82,48532.6,46563.4,18196.4,8493.23,4448.44,19.1847
1.60076e+06,1.1637e+06,825344,483775,285027,212292,805570,403127,720034,3705.04,-391.936,75136.1,48993.2,32529.4,5307.47,6098.51,19.1866
1.80513e+06,1.17779e+06,919587,948193,545587,346451,944873,653817,870146,34942.8,4124.4,201713,82385.9,50104.2,15837.6,9501.54,19.1908
1.39832e+06,1.01035e+06,830397,576080,403117,290532,832508,472317,731813,7776.13,780.053,103427,25996.2,18883.2,7707.21,3585.4,19.1909
1.63076e+06,1.02582e+06,953829,580002,471330,355479,795541,470162,740173,5353.7,1805.24,28034,26245.4,4928.07,4424.16,3784.39,19.1924
1.36325e+06,1.05844e+06,772789,459977,410192,312627,787248,359083,768587,7222.57,4199.36,17830.4,26362.2,23016.1,7326.19,7112.19,19.1932
2.20573e+06,1.26459e+06,1.04654e+06,900494,625987,391423,959555,638743,845874,5982.48,1942.57,30039.1,33365.6,14687.1,7822.1,6659.78,19.1963
2.39053e+06,1.64427e+06,872314,777003,564370,388415,871805,587438,793619,17891.2,2948.78,63129.9,150779,53075.1,8934.73,11482.9,19.1987
1.74151e+06,1.12028e+06,932720,659140,556705,382166,874026,485543,814519,12644.4,2437.72,50700.8,40992.8,14282.7,11859.4,7695.34,19.2103
1.18713e+06,830520,857628,606129,292185,205206,854318,485917,748435,7015.89,2151.1,280951,24673,16301.7,7306.6,3010.48,19.212
1.41395e+06,1.02948e+06,824076,397876,320369,233332,823810,323038,739002,7952.57,2012.85,63389.8,30708.6,9902.9,5283.93,2977.99,19.2138
2.07697e+06,1.69498e+06,735220,324628,214807,170875,754259,276042,705606,3931.93,-46.2645,31377.7,33558.8,20028.3,5032.83,9891.54,19.2148
1.94976e+06,1.5271e+06,766062,457553,254882,184196,830252,361334,759774,6961.07,1340.22,232815,24268.6,33264.1,5068.8,4178.34,19.217
1.46762e+06,1.04803e+06,840219,548892,313184,220253,853158,440400,747810,12336.4,879.687,110460,28240.4,17077.3,6173.6,2542.39,19.2196
1.58544e+06,1.09316e+06,870200,607473,301507,204164,886074,449867,810204,13138.7,3720.76,49283.7,37790.6,52420.6,8263.07,3662.44,19.2207
1.86924e+06,1.39529e+06,803807,509324,285988,203990,841182,392520,778545,11719.9,2928.95,122093,26699.8,8584.89,7481.58,8074.18,19.2219
1.29135e+06,896836,863935,735674,458950,313476,878440,564540,781883,16914.3,3878.71,56316.3,57585,20600.7,9861.44,5814.87,19.2261
2.1507e+06,1.57609e+06,818748,459802,363735,269860,808720,360035,766263,15013.3,1345.36,18951.9,54108.5,45537.3,8777.66,5794.99,19.2281
1.8251e+06,1.31745e+06,831195,530192,419330,299103,841176,414517,767436,9261.49,2018.78,31020.2,40171.7,16122.9,9578.88,4051.87,19.2308
2.25422e+06,1.70991e+06,790994,520036,453231,370521,733936,441513,706710,11131.2,1646.81,107113,33722.2,15017.5,7518.86,3808.83,19.2366
2.13305e+06,1.61758e+06,791203,412154,307874,226920,814049,317013,780071,7019.91,801.064,162029,32970.4,8753.6,6371.51,5292.36,19.2398
1.6941e+06,1.27e+06,800361,589652,370489,270472,821873,450514,785305,8956.11,-23.7537,86976.5,79840.2,61002.4,5805.48,10920.7,19.2482
1.99762e+06,1.39826e+06,857192,516455,304940,219356,834096,406094,763057,21053.8,4429.22,71551.1,35240.6,12868.9,9186.36,4155.9,19.2519
1.81698e+06,1.18696e+06,918474,1.1277e+06,949572,652043,873782,795103,850983,8160.11,-116.984,312793,266729,56929.5,21497.5,11632.6,19.2575
916795,637869,862367,777460,402464,278431,867284,583906,798888,11023.2,2572.95,60217.3,32479.9,25410.3,6330.25,8436.31,19.2588
1.77018e+06,1.23071e+06,863002,580775,412288,297565,831323,477576,729654,10845.1,2272.8,71620.6,34320.9,20813.6,7618.93,4128.88,19.2627
1.7925e+06,1.29018e+06,833605,467183,306343,237767,773051,380021,737617,7004.59,2642.06,26155.1,27818.9,35179.2,6151.96,5338.19,19.27
1.41517e+06,1.00958e+06,841049,614162,481674,357053,809415,477027,772487,8576.2,464.96,123064,32472.3,36567.3,5988.77,7056.71,19.2706
2.7973e+06,1.60374e+06,1.04654e+06,836887,498128,284408,1.05087e+06,538196,932992,42437.8,3226.08,37891.1,61882.9,45775.4,27806.2,7708.94,19.2735
1.01851e+06,777131,786362,503420,344799,270047,766088,418186,722291,5792.26,122.284,108348,21888.9,13419.5,3613.15,2723.64,19.2825
1.58882e+06,1.061e+06,898481,592773,385586,279520,827674,445943,797554,14344.6,4001.06,28323,44145.2,45539.3,9480.69,5915.15,19.2831
1.91071e+06,1.1593e+06,988896,798771,496073,279925,1.0633e+06,497030,964253,15968.5,3027.87,56215.4,112141,82441.4,18618.1,6201.13,19.288
1.19288e+06,886270,807570,618407,503904,376119,803848,495598,748680,11328.2,712.409,47844.5,39032.5,23521.5,6300.82,5607.88,19.2917
1.94504e+06,1.44708e+06,806468,557818,410283,291317,845023,432234,774328,10528.8,4331.57,60582.9,45350.1,14990.2,7273.23,4605.17,19.2954
1.39255e+06,995359,839428,649913,583632,426777,820521,504352,773165,5085.09,4546.25,280343,34369.5,15338,8708.27,6140.4,19.2961
1.40938e+06,1.10277e+06,766825,402412,270362,218346,742935,333299,724415,7534.32,489.421,271293,19982.3,10295.1,5246.53,3702.45,19.298
1.33e+06,963971,827825,607922,543542,397136,821193,484405,752992,3681.85,3749.41,274879,34455.5,8321.04,5463.8,4243.71,19.3005
1.57223e+06,1.11666e+06,844784,661212,472417,352247,804692,544563,728524,10637.1,1445.97,369154,48016.9,22743,7391.01,4567.23,19.3013
965380,643634,899934,526523,348266,239946,870861,405806,778485,5934.13,1781.79,50855.7,36193.7,15203.5,5122.37,3271.22,19.3017
1.84712e+06,1.29468e+06,856016,498002,394892,280787,843825,386668,772759,14286.4,1200.39,80593.6,36998.9,21615.4,7263.76,6410.9,19.3024
1.56201e+06,1.06047e+06,883765,722822,537492,374195,861837,542213,799857,22016.1,3601.45,109806,56366,49500.2,11765.9,5765.73,19.3032
1.87001e+06,1.32666e+06,845736,698614,487234,346825,842905,534834,783736,7395.23,2624.27,56336.6,28734.9,20617.3,6480.21,4709.77,19.304
1.09683e+06,776384,847643,556336,269736,197629,818917,448331,744543,7709.72,3217.58,25020.2,28912.3,14724.4,5016.38,3677.21,19.3071
1.64303e+06,1.16096e+06,849138,510556,406999,300930,811482,412713,742244,9286.25,2042.23,44987.2,35238.8,15884.7,8536.96,5520.44,19.3138
3.15091e+06,1.96742e+06,960924,867639,702437,469137,898377,625588,832151,13064.3,2071.62,46879.3,87175.8,43603,10793.7,10648.2,19.3249
2.26007e+06,1.57796e+06,859364,552823,460046,333239,828318,452070,733722,9493.49,1005.98,50918.7,58639.1,23486.3,8499.61,5947.88,19.3285
1.99937e+06,1.4211e+06,844150,617270,477632,343540,834195,488163,758685,10220.3,2113.43,70945.1,50593.5,34986.1,5920.52,4504.73,19.3428
1.87808e+06,1.32162e+06,852625,571998,360645,265960,813607,457868,749559,8358,4308.45,36331.6,39812.2,23536.4,10043.1,6695.09,19.3433
1.7826e+06,1.32246e+06,808762,425708,387887,296039,786153,337680,756410,13533.2,3181.77,21240.2,27554.3,11714,7776.88,5126.19,19.3503
1.65425e+06,1.27520e+06,778345,449455,297242,209385,851757,339914,793357,22564.3,2648.26,59618.5,42251.5,18157.3,6472.25,4733.21,19.3584
1.44304e+06,963337,898775,925678,480574,330641,872076,712241,779802,7472.54,4430.51,112609,50280.4,51231.7,5536.7,8361.95,19.3622
2.36345e+06,1.80304e+06,786490,460212,308641,222720,831468,366287,753856,8111,2459.62,27987.7,51480.9,35037.6,5338.13,3421.24,19.3625
1.76129e+06,1.11654e+06,946473,627157,403015,274155,882015,474457,793104,10773.3,4836.55,31951,63625.8,35057.4,8446.02,6333.65,19.3635
1.66491e+06,1.21724e+06,820668,467665,287770,223296,773242,402708,696780,8918.08,320.939,106308,39324.9,29848.8,5028.94,2686.92,19.3711
2.42919e+06,1.55166e+06,939327,906040,722853,467147,928427,625612,868948,14718.8,4350.29,50740.9,180781,31638.4,14650.4,12163.9,19.3737
1.09425e+06,773299,849028,628524,507066,361937,840588,475057,793830,8342.28,2570.55,22183.1,50997.5,39863.9,5902.61,5522.7,19.3943
1.4952e+06,1.18117e+06,759521,561990,320440,243796,788626,465744,723989,5320.88,282.296,117475,35756.4,12866,5510.34,3213.59,19.3993
2.2797e+06,1.73697e+06,787475,327353,265211,202138,787218,272184,721614,11878.3,2793.61,15922.8,37626.2,10407,7084.07,6412.71,19.4154
1.70201e+06,1.1923e+06,856499,723828,466733,329307,850391,545136,796676,10551.9,1289.06,54414.7,88018.9,24516.3,8156.54,7814.46,19.4177
1.31882e+06,910133,869424,684515,456149,334619,817914,532846,770783,12543.1,2857.32,213449,28229.9,12423,8077.87,4285.98,19.4186
1.74458e+06,1.19713e+06,874381,870186,677971,488979,831902,673907,774753,8605.86,2533.07,122621,52602,25540.6,5948.81,5489.96,19.4315
1.70061e+06,1.27535e+06,800070,466942,291034,211358,826184,364441,768753,12681.6,2715.81,53686.6,35905.6,16119.4,6973.01,4228.16,19.4316
1.52299e+06,988368,924550,849185,765749,542719,846570,639608,796599,13819.9,2738.48,98494,66548.1,49204.5,8914.3,5964.05,19.437
1.57378e+06,1.03267e+06,914389,507355,270520,175742,923583,372484,817251,20651,4477.29,30180.7,39754.4,29213,10778.5,3719.05,19.439
2.06022e+06,1.53303e+06,806330,578829,502016,383880,784644,464746,747284,5097.69,564.115,31406.6,56049.9,42486.5,9095.54,8362.09,19.4406
1.65948e+06,1.24633e+06,798899,501066,314149,237956,792119,399523,752496,4555.52,-178.835,107091,34776.4,25102,5877.33,6657.29,19.4412
1.29349e+06,895084,867061,526673,280899,199672,844083,411952,767089,6778.14,930.124,22519.8,41666.2,30686.3,5327.06,7712.59,19.4498
1.42439e+06,1.02593e+06,833036,638057,443173,310503,856365,478688,799757,10462.3,234.874,57552.5,43653.8,35969.4,7629.91,5182.99,19.4509
1.13727e+06,805383,847248,537257,292614,201601,870870,413458,779654,10127,972.282,59101,23790.7,17362.2,6378.67,3930.69,19.4516
2.06371e+06,1.4113e+06,877368,624356,520396,391196,798162,510794,733395,7481.53,522.6,65319.9,97521.9,36050,7266.12,7324.61,19.4595
1.54889e+06,995727,933323,713636,434813,285661,913278,515489,830632,10615.9,4087.4,43186.7,30726.7,37869.8,8076.93,5818.64,19.4617
1.60139e+06,1.26341e+06,760506,295353,163624,132989,738212,253236,699789,8400.23,-367.405,31983.5,33716.4,12038.3,4329.3,3018.64,19.4623
1.53234e+06,1.06194e+06,865776,579072,429576,297539,866258,435280,798206,7561.43,3789.2,31286.6,34872.4,23816.1,8243.17,4091.73,19.4644
1.65452e+06,1.26311e+06,785924,442569,248768,188734,790853,363149,731220,8052.15,1753.29,29247.9,29006.1,30942.7,5708.1,4548.24,19.466
1.18668e+06,856556,831244,445503,265248,195346,814703,344737,775379,9025.88,723.897,100217,24966.6,17198.4,6746.46,4989.28,19.4663
2.102e+06,1.43211e+06,880655,571626,382894,288088,797452,454950,753876,6296.24,2128.07,53390.8,69818,52320.1,11277.8,5271.63,19.468
1.89668e+06,1.44004e+06,790258,508777,351490,253816,830893,400029,763110,14122.5,4327.17,78684.3,50862.9,11120.4,12574.3,4744.08,19.4696
1.66837e+06,1.11787e+06,895473,538486,429369,296057,870175,409049,789860,13163.2,4061.95,62357,89067.2,23913.9,10820.3,5293.11,19.4723
2.24656e+06,1.39982e+06,962940,874772,664757,406491,981213,569378,921818,15529.8,4311.82,48521.3,81186.9,52215.6,13350.3,10271.3,19.4736
1.60011e+06,877810,1.09371e+06,704295,515995,292882,1.05707e+06,427843,987692,10183.1,3995.32,678070,47712.1,15906.5,9805.99,7676.98,19.4769
939669,566459,995308,515163,307413,183214,1.00674e+06,341049,906314,6156.08,535.606,66205,36092.4,21606.5,6780.84,4007.18,19.478
1.72032e+06,1.14252e+06,903432,810154,587444,395422,891368,593715,818731,16969.2,4071.95,72701.4,54582.6,26401.1,11495.6,7558.53,19.4788
1.01819e+06,662531,922094,581345,399920,261728,916799,435855,800282,9381.6,1419.91,21098.6,32062.6,34466.4,6264.42,4495.3,19.4817
1.39443e+06,873246,958104,772555,430501,300293,860162,596135,777564,5682.33,1461.45,68301.4,24501.5,19060.7,6898.77,4154.12,19.483
1.11901e+06,773140,868416,405628,258931,189784,818608,296132,821853,8463.61,393.314,102904,37109.6,18778.7,5799.28,3722.04,19.4833
2.33263e+06,1.7335e+06,807374,466924,306838,236804,777447,367949,761395,18791.2,669.202,24147.3,99681.6,43934.4,7622.26,7610.01,19.4834
1.28117e+06,912585,842335,538998,289897,198119,877948,404247,800003,7254.03,1432.9,34312,26523.1,27490.3,7721.7,3496,19.4844
970696,686930,847856,412747,249649,173436,863659,325488,760851,6756.35,718.487,59146.1,29959,8323.09,6448.25,2772.95,19.4848
2.15098e+06,1.35866e+06,949900,734018,663132,445681,892744,513667,857385,20571.2,4892.46,33439.9,56127.6,36387.5,12760.4,8400.23,19.4866
1.43265e+06,1.06122e+06,810007,651381,530784,387602,821642,526374,742492,8531.93,2675.25,77351,55109.7,36033.6,7219.92,3731.77,19.4917
2.30828e+06,1.78956e+06,773919,484502,285837,213551,803097,380661,763675,7193.93,2040.85,84682.1,69950.7,29719.2,7071.23,8280.84,19.4925
1.51754e+06,1.11887e+06,813790,653689,463444,360959,770354,529030,741382,9029.1,2255.73,218706,30627.6,27419.7,11426.7,4481.71,19.495
1.34885e+06,918124,881483,740354,528342,358832,883437,531347,836012,10785.9,4037.2,241410,46622.2,23828.8,9941.75,5011.42,19.498
2.01911e+06,1.38167e+06,876814,627234,514596,382646,806901,509431,738747,5245.75,1667.79,115562,32402.9,21611.6,7204.79,4986.47,19.4985
1.39839e+06,871408,962851,747123,458394,289843,948916,551752,812455,8681.84,2011.39,59188.3,53274.9,54625.9,6320.11,10022.6,19.5104
1.26899e+06,925302,822860,699886,402315,277135,871017,534705,785352,8763.55,914.392,217149,51233.2,20130.2,9446,4802.83,19.5109
1.71609e+06,1.25382e+06,821216,438546,311559,223137,837761,345807,760909,6405.39,1602.28,41146.1,34684.4,14618.7,6052.76,4096.22,19.5154
1.89441e+06,1.30826e+06,868825,448781,319201,222109,862281,344116,782494,15097.2,2862.95,30969.9,48433.8,17193.5,7248.79,5344.91,19.5161
2.39629e+06,1.61798e+06,888623,767920,601506,425619,847949,563015,818365,16494.5,1990.25,103254,117679,53919.9,11141.5,9644.21,19.5192
1.44969e+06,1.02694e+06,847001,433819,305314,227219,806221,366465,710277,6454.38,1146.2,24249.7,25591.5,10171.2,4235.71,4074.89,19.5232
1.53886e+06,1.13389e+06,814292,488676,434388,324737,802597,401153,730908,14050.5,1110.03,116888,74418.2,46757.9,7822.32,6730.56,19.5284
1.21653e+06,920396,793048,642844,405630,279168,871797,479822,803853,9996.39,1614.06,212919,31704.1,17962.5,7624.85,6893.24,19.5286
1.70591e+06,1.30757e+06,782782,484833,363022,283225,769046,405277,717780,9062.9,563.725,25783.3,31512,18403.9,5523.18,4172.9,19.5287
1.39126e+06,1.00933e+06,827037,427758,290359,220677,789458,357068,718783,5971.7,1703.49,51457.9,34208.4,6408.15,6506.05,3779.03,19.5296
2.73768e+06,1.94600e+06,844091,793009,494672,330326,898516,579750,820708,13649.4,1227.23,135369,197707,56714.7,10338.2,10398.5,19.5312
1.30908e+06,943200,832749,742134,499777,361681,829090,579034,769005,8561.76,2994.77,52832,50010,46880.6,6867.38,7453.38,19.5374
1.93823e+06,1.24918e+06,930956,846582,559733,353088,951151,577069,880223,8368.79,2684.28,89518.7,45476.8,17215.6,12685.3,5282.34,19.5387
1.2906e+06,1.00716e+06,768857,639293,434432,312338,834542,511731,749565,7542.65,633.964,57947.3,35255.7,25028.9,6222.06,4044.46,19.5433
1.84064e+06,1.42821e+06,773263,426923,326688,242988,806676,349384,733159,9477.21,1265.16,131799,28951.8,12627.8,6274.14,4150.81,19.5494
1.10517e+06,750044,884083,492868,306701,212620,865491,362611,815532,6793.63,155.976,202011,35884.6,19096.8,7912.66,7419.36,19.5512
2.00444e+06,1.44497e+06,832310,481040,258793,193761,801379,398742,723837,4881.02,776.934,35141,19540.1,19524.4,5767.45,4143.43,19.5533
1.26032e+06,886007,853486,693102,442383,300491,883320,532211,781385,5137.96,4111.19,111539,30938.5,19719.9,5681.5,5499.96,19.5539
1.17525e+06,885147,796648,487067,398758,297995,802882,375510,778249,7977.72,-169.712,56094.2,36248,18663.4,7237.19,3961.43,19.5574
723538,436092,995484,634270,506123,321853,943516,428585,887950,8282.05,1529.73,67573.8,46958.3,19750.8,6799.47,6189.75,19.5595
1.9625e+06,1.44815e+06,813103,447385,374552,288344,779387,359690,746285,3297.52,1088.89,102117,44326,21380.7,4631.02,5475.63,19.5597
1.50237e+06,1.10156e+06,818308,526321,387598,282058,824506,428630,736749,4386.82,3435.92,301811,28002.2,5609.94,5575.55,7113.79,19.5714
1.00454e+06,688473,875447,623493,406464,273969,890167,467693,799874,5284.89,367.911,127811,56454.7,32144.4,8458.56,3951.09,19.5722
1.68425e+06,1.2576e+06,803560,369774,222700,168900,791118,311073,713224,13016.9,1532.12,22929.1,40633.6,13986.9,7099.91,4001.85,19.5726
1.19401e+06,876669,817190,371186,268044,188347,853883,285246,780771,4346.4,573.029,768859,31912.2,11027.6,6048.55,2469.29,19.5727
1.64487e+06,1.16726e+06,845506,487662,424435,321734,791527,381252,767464,5351.12,2268.01,26605.3,28932.8,8013.58,4846.29,3519.72,19.573
2.32398e+06,1.45871e+06,955903,670868,400801,280769,856506,508739,791213,10008.9,2428.82,71052.1,111745,30920.4,8587.53,7274.71,19.5738
1.8271e+06,1.21372e+06,903224,689910,353075,241245,878132,512116,808305,15774.3,4324.24,69400.6,48691.6,21760.1,9242.04,7444.02,19.5757
2.16097e+06,1.61851e+06,801098,372782,331817,251172,792644,295882,755940,9253.5,3603.44,28758.7,32755.5,13091,6017.56,8242.1,19.5757
1.57965e+06,1.14759e+06,825899,677838,559252,417083,804518,540349,752667,7879,2746.14,48105.5,34519.4,13962.7,6413.75,5720.5,19.576
1.85228e+06,1.28278e+06,866378,622406,392716,266085,885542,463333,805994,17084.9,3869.3,51242,40128.6,34524.4,12322.1,5949.82,19.5792
1.65562e+06,1.17865e+06,842804,332768,228557,164074,835808,270474,738188,7879.14,414.871,28383.6,22875.1,6097.74,4603.02,3779.75,19.5848
1.97962e+06,1.50913e+06,787058,399697,266843,195603,818524,310367,772692,16384.2,4060.13,54017.9,39400.3,15745.4,6783.09,4922.06,19.585
1.97731e+06,1.50237e+06,789676,483345,388021,305518,762026,403739,718303,5513.99,1041.97,66949.5,41619.3,39777.6,4882.51,4060.5,19.5856
2.45352e+06,1.83909e+06,800458,499073,453758,342752,794321,396087,756005,9267.91,702.081,131064,127061,50604.8,7124.97,7308.7,19.5913
1.6969e+06,1.24095e+06,820448,415284,267749,191368,839479,318903,781337,9570.07,2546.05,29066.5,30752.1,10540.8,5948.84,3473.16,19.596
1.03393e+06,717807,864238,361307,174037,127656,817997,285309,759822,3443.9,844.835,122131,9875.76,11462.5,4543.48,2185.47,19.5973
1.7734e+06,1.25947e+06,844828,591448,379832,271520,839345,456686,777053,7727.73,3620.7,61772.3,27978.6,13690.6,6318.76,5497.06,19.5984
1.13106e+06,664748,1.02089e+06,745979,534110,332748,963089,508683,879894,7546.81,1076.48,50237.1,49531.9,46756.3,8019.13,5282.1,19.6013
1.67362e+06,1.18071e+06,850480,513234,481590,355320,813222,399475,770863,7439.72,1075.49,111852,97742,24466.8,9102.03,2228.28,19.6038
1.46001e+06,779583,1.12369e+06,750074,595566,350212,1.02035e+06,481756,934176,12887.6,4318.18,38831.6,56272,33771.1,12445.7,8016.57,19.6078
1.65981e+06,1.31256e+06,758736,504811,383637,299988,767304,415831,728388,9334.38,1196.81,1.28852e+06,34637,8535.48,7952.39,5579.84,19.608
1.25301e+06,825410,910825,748598,492509,336675,877717,555821,808100,10614.1,2099.52,48181.5,37828.6,31219.4,9792.1,7705.73,19.6112
1.61275e+06,1.14387e+06,845949,561827,380161,282040,808739,444510,758355,6527.95,163.919,73221.7,74118.9,52296.8,5373.57,7010.24,19.6153
2.10407e+06,1.48483e+06,850229,365139,305409,225932,811065,295884,740437,11695.2,3950.5,19028,25247.5,7962.25,6568.71,4526.83,19.6166
2.43349e+06,1.59535e+06,915221,584880,309926,213997,868962,453888,773160,8803.99,3500.54,29100,52950.6,44189.6,5657.87,3390.97,19.622
1.36993e+06,994680,826355,602326,475932,345665,826116,484186,746398,11646,2450,255099,55147.5,35270,8803.7,4583.12,19.6224
1.69075e+06,1.09002e+06,930669,785155,532675,344996,926402,569087,827805,14761.2,5292.43,124710,56255.8,25025.8,12132,5301.78,19.624
2.27916e+06,1.86114e+06,734763,421369,341258,275599,742944,353900,714386,12011.5,1629.95,83870.3,30332.5,8716.68,6823.73,4659.41,19.6245
1.69316e+06,1.18973e+06,853890,726433,455435,321618,849644,555626,784448,9012.86,1778.61,28665,69277.4,42497.6,7833.75,5029.48,19.6249
2.02332e+06,1.44235e+06,841679,469597,351729,246924,854666,372390,756621,15187.5,1597.13,67266.6,68146.3,31148.3,6671.85,7336.96,19.6274
1.30905e+06,941608,834134,430908,346586,261979,793772,347724,743535,5389.27,497.677,100178,24878.1,11924,5302.46,4038.21,19.6325
1.53511e+06,1.01451e+06,907888,818359,634994,446336,853609,603247,813954,12000.9,1746.23,49385.1,41799,21089.8,12806.1,6016.57,19.6328
2.24228e+06,1.58565e+06,848464,472917,393876,282661,836074,359930,788348,8377.24,1562.91,56974.2,32621.8,38375.1,7442.49,4608.88,19.6344
2.18033e+06,1.50796e+06,867524,593760,428490,311325,825805,476212,748104,12591.7,3587.63,148445,92527.1,21370.2,8127.61,7799.59,19.6344
1.11126e+06,773045,862508,376470,323485,242415,800657,292362,772610,7548.28,572.78,89684,25437.4,8765,6406.51,3460.64,19.6366
2.37765e+06,1.70055e+06,838900,466556,355909,279848,763076,383296,730332,8366.59,571.978,45402.3,95900.3,28876.7,6132.48,9920.86,19.6377
2.04096e+06,1.53375e+06,798420,368159,300769,221513,814677,302432,730396,11173.8,-777.031,280835,18536.4,14609.6,6804.13,4316.02,19.64
1.51079e+06,1.09399e+06,828595,582222,425543,317202,804932,441995,790355,8499.98,1535.73,68840.5,47085.6,10535.9,5669.6,6955.28,19.6417
2.30451e+06,1.72258e+06,802693,436389,365616,264869,828218,327488,799520,15457.1,3041,51142.6,40596.8,20829.2,8238.23,3845.65,19.6443
1.58226e+06,964883,983909,872419,483867,316553,917129,630675,829986,4984.09,1316.42,24887.1,35874.2,43800.9,7120,6919.65,19.6444
1.49483e+06,1.09239e+06,821037,419919,207440,137347,906200,319370,788901,4967.13,1130.56,85440.4,36520.1,36447.6,6379.44,4193.27,19.6602
2.36142e+06,1.58359e+06,894710,778570,664505,441394,903282,564385,827701,12566.3,2041.51,415208,69086,19113.4,9823.63,6130.59,19.6609
1.50931e+06,1.03264e+06,876959,691970,391111,270886,866293,534984,776065,13984.8,5286.69,96967.6,46668.2,28294.8,10396.7,4032.27,19.6801
1.9065e+06,1.46162e+06,782626,390260,271238,211318,770131,310778,753452,6668.73,1883.15,50338.8,50836.1,36488.8,8098.68,4034.39,19.6809
2.05902e+06,1.57938e+06,782213,388233,303131,230999,787357,316537,735901,5164.44,74.5228,65466.9,62703.8,25978,6487.62,5080.57,19.6834
2.60261e+06,1.90123e+06,821347,626040,383780,285915,805372,507562,740055,9025.61,1595.65,57716.3,85019,36219.1,7053.29,6607.92,19.6847
1.69001e+06,1.31396e+06,771715,266284,190527,147862,773127,223731,714118,7743.98,979.912,30903.2,35319.1,9479.65,4578.31,3740.66,19.6898
1.68728e+06,1.17351e+06,862681,738609,552009,391583,845811,570633,776621,11429.5,3304.23,72910.6,51946.1,19865.9,5879.26,7629.85,19.6904
1.37153e+06,944563,871216,708635,616357,418742,883155,519437,818542,7766.13,2513.64,123656,41637.3,14024.1,7405.67,6117.19,19.6919
1.74611e+06,1.29863e+06,806745,445768,349460,268382,781259,358203,746674,7294.81,2788.22,32606.8,35199.7,10986,6710.87,3961.67,19.6922
1.45174e+06,1.13074e+06,770326,338875,251437,200865,751064,287210,707931,4998.36,216.206,47602.6,22127.5,8721.88,3800.69,3543.83,19.6955
1.49874e+06,1.08779e+06,826672,416911,241997,171915,844592,327420,763993,4895.56,699.168,52915.2,26589.1,12288,6372.77,2708.62,19.6968
967615,682658,850454,694246,379723,275627,826602,570911,729619,5486.95,54.2639,108571,36555.2,22317.2,6220.71,4658.18,19.6989
1.60232e+06,1.07916e+06,890873,708702,566597,384098,885081,523079,812920,7417.68,-91.7364,99426.6,45797.8,31019.9,6201.11,5693.2,19.7026
1.26599e+06,876993,866138,751723,484510,356039,816500,603927,746835,9300.83,720.836,32813.1,27162.1,24570.6,5986.88,4219.84,19.7122
1.0553e+06,703140,900506,668068,575732,401719,859903,509949,786042,3377.84,1803.55,106799,38042.8,23089.1,3946.84,6656.04,19.7154
1.61232e+06,1.18468e+06,816584,497560,381712,265565,862415,368296,810587,12872.5,4065.25,33686.9,61085.2,22143.8,7239.29,9276.08,19.7187
1.09033e+06,765893,854162,589888,393787,299590,788652,490828,721093,10010.2,1874.54,247761,29542.8,28111.9,8471.63,4243.96,19.7193
1.58510e+06,1.04238e+06,912394,670898,473438,304336,933385,484066,831579,10604,2716.45,178559,63573.4,20836.6,12644.3,5515.52,19.7253
1.82405e+06,1.24764e+06,877203,626120,399005,280402,853786,479133,784067,10645.2,5462.89,53933.7,40369.4,17506.1,11294.3,3843.22,19.7413
1.51901e+06,1.10305e+06,826259,465139,350212,270135,777859,376044,742156,9384.47,-72.9995,324395,31446.4,21273,12542,5774.56,19.746
795249,428609,1.11325e+06,683170,484987,306342,949893,483359,848028,7011.4,920.64,19205.8,35255.6,21901.4,5750.49,3802.7,19.7477
1.82102e+06,1.35173e+06,808309,526054,421256,333527,757821,430640,732939,7712.43,1211.17,51984.1,49831.1,8877.1,6179.89,6349.69,19.7485
1.3182e+06,965354,819308,548026,377523,281920,803469,437042,752367,6273.03,3230.33,28974.4,58107.4,22077.9,5888.79,3583.24,19.7524
2.7316e+06,1.68926e+06,970226,928046,724742,498287,872680,689030,808133,10870.1,1740.8,57083.8,71984.1,60090.6,12085.7,9339.08,19.7549
2.04108e+06,1.45439e+06,842035,700226,423197,309677,819946,536224,783508,9632.93,2321.81,121458,35871.2,17378.2,8916.32,7422.54,19.7558
2.0401e+06,1.58469e+06,772430,364732,214201,162397,791399,290472,753392,7318.92,2269.22,28466,32098.6,22640,6287.1,4536.49,19.7583
2.29067e+06,1.3236e+06,1.03838e+06,565431,432795,237527,1.09325e+06,336177,1.00917e+06,16252.4,2120.78,105675,51701.8,23244.8,10328.1,6066.02,19.7593
1.77375e+06,1.24109e+06,857514,458087,276027,198798,833089,368887,745085,14975,3358.39,26287.3,28380.5,21927.9,5442.94,3766.62,19.7649
2.45303e+06,1.72654e+06,852470,663403,511219,355094,863804,478811,831313,8976.7,3095.03,153276,66259.9,52342.4,9645.72,6177.15,19.7662
1.92977e+06,1.40599e+06,823517,402178,233335,169866,824185,332370,726018,5752.96,2814.86,25907.4,20800.2,16243.3,5209.49,4771.28,19.7764
1.57779e+06,1.16086e+06,815488,467552,340496,249955,817337,376917,744278,13848.1,-68.3991,101708,32325.3,12249.7,8825.64,3472.65,19.7765
1.33245e+06,954037,837985,560028,461875,337074,822150,427991,785102,6837.77,1892.75,68425.8,28076.7,7076.32,6731.82,5423.69,19.777
1.34596e+06,959797,841400,681064,482986,312322,927862,494144,826962,7848.92,2173.9,109274,28856.9,14727,5702.76,6864.32,19.7772
1.51204e+06,1.09126e+06,831355,592277,372645,276154,809647,474202,749398,7418.58,1058.55,15166.1,44994.6,36666.5,6738.07,8193.45,19.778
1.62956e+06,1.15579e+06,845946,708861,536371,413495,778299,600465,708312,9410.38,1243.09,34607.1,48436.8,22753.7,6332.03,3391.47,19.7798
1.17856e+06,856220,825881,393146,337364,261818,773126,321399,733940,8137.98,632.144,27827,32400.2,13124,6324.39,3997.07,19.7806
1.45326e+06,1.03687e+06,840947,525815,394969,283037,837280,426614,739519,9129.95,1465.65,55609.3,32429.7,11244.2,5899.58,4862.2,19.7844
1.33054e+06,1.00586e+06,793675,558424,356375,265995,803869,437013,766693,6909.5,1098.87,129416,28987.6,22250.7,6156.19,3771.77,19.7851
1.25745e+06,905993,832755,501482,293657,219424,802984,399991,752240,7992.27,1228.15,106732,23935.5,25427.4,6230.84,4784.7,19.7865
1.16999e+06,821911,854102,561670,416404,319570,781807,441413,763461,7728.71,855.296,82961.3,29297.1,13779,9173.33,4841.53,19.7946
1.04115e+06,641858,973254,474731,433549,303164,858048,353826,805024,9862.19,2318.64,29038.5,62946,40168.2,6728.91,5975.22,19.8023
1.29465e+06,943560,823252,652484,503286,381408,791729,524846,745915,6491.49,4361.12,133586,44087.2,21261.9,7690.03,5927.78,19.8054
2.03582e+06,1.43979e+06,848383,556479,328382,239588,822366,444556,751058,6130.86,1931.87,127221,102414,16753,7461.43,5256.76,19.8058
2.09366e+06,1.47375e+06,852385,538317,368692,262335,843255,414448,779326,6241.34,820.384,180672,23356.6,18189.9,4867.64,3053.97,19.8089
2.14572e+06,1.54106e+06,835418,646166,523458,352414,891210,462886,837570,9796.71,2394.71,311231,24661.6,15180.8,9090.03,6794.71,19.8105
1.78058e+06,1.28076e+06,834152,463830,296342,213085,834432,367976,756294,15456.9,1389.71,52803.2,42891.2,30636.9,11939.7,2422.01,19.8105
1.36793e+06,985379,832938,506354,417619,320247,782431,420435,722615,11612.2,216.64,57352.9,41546.9,20250.3,8024.92,2770.2,19.8126
1.28159e+06,873109,880708,623041,419359,303490,829072,485523,769943,12353.8,4572.26,15631.8,48263.7,30475.8,8035.76,3803.26,19.8127
1.49329e+06,1.05416e+06,849937,504585,356913,264805,808699,381815,792926,9881.25,-98.869,121433,54655.4,27029.4,5780.62,3643.04,19.8137
1.78159e+06,1.27097e+06,841052,642809,514926,352155,877329,487955,790412,14384,2264.98,517984,41450.2,26491.5,10946.4,5664.46,19.8137
1.98206e+06,1.38835e+06,856581,617006,476129,357543,799001,495984,746402,11911.1,3341.02,30810.3,56893,43588,8090.67,4139.91,19.8172
1.6687e+06,932941,1.07318e+06,717813,415764,223242,1.11744e+06,426870,1.00894e+06,10751.3,605.785,61356,32183.1,29420.9,7759.95,4479.8,19.8222
2.13156e+06,1.45169e+06,880997,603124,390870,290607,807006,467812,773547,7174.94,2223.86,51649.8,72765.4,32171.5,6815.81,7539.34,19.8245
1.74456e+06,1.27545e+06,820679,387390,240806,175204,824660,318380,730053,13665.1,2163.53,36562,27484,10800.7,5445.47,3206.21,19.8345
1.70674e+06,1.15784e+06,884445,652370,398071,278139,858716,490779,797552,6628.37,2062.16,68842.3,46098.9,26817.1,8649.04,6324.37,19.8365
2.14239e+06,1.21267e+06,1.06e+06,1.0683e+06,580942,341956,1.01933e+06,713042,898937,12082.3,4652.31,71247.4,50306,30202,12829.4,7956.99,19.8431
2.04809e+06,1.57077e+06,782325,470507,292486,225769,777307,385103,733061,8788.56,2714.25,29373.8,58184.7,48255.4,5348.51,6997.33,19.8446
1.38592e+06,1.11165e+06,748037,372348,270462,211203,768348,307043,727613,6196.66,721.567,30510.4,34032.9,17353.8,3316.38,3247.61,19.8457
2.00548e+06,1.3355e+06,901000,476196,402821,272068,888354,349801,816800,19250.1,4721.27,30932.2,47411.8,17831.6,14554.8,7109.7,19.8478
1.9853e+06,1.52233e+06,782474,454282,354784,262351,811395,365132,746495,8319.55,2076.84,99540.3,40240.8,13034.3,8123.95,4174.54,19.8482
2.02701e+06,1.51612e+06,802184,545154,399957,305863,784581,451603,724292,6463.14,695.396,28689.2,94251.2,22812.5,5947.04,6595.96,19.8517
918839,613563,898528,672598,394484,269742,877470,511627,788775,3967.06,2304.94,466084,23625.6,33203.3,7255.45,5352.21,19.8517
2.09933e+06,1.59387e+06,790280,493897,327424,249166,788448,400796,739374,14341.3,2460.3,86875.4,47792.1,15061.3,6350.59,4344.35,19.852
1.8627e+06,1.32922e+06,840810,544563,409369,298107,823938,437322,747133,4058.52,2101.52,17109.2,27037.7,14167.3,7437.86,8010.68,19.8527
2.5441e+06,1.52828e+06,998808,627928,528229,319872,990826,404898,930498,22422.2,3391.81,116413,47336.7,19606.5,9377.15,10975.2,19.8619
1.71328e+06,1.23496e+06,832391,422732,294430,225908,781991,349801,725096,10544.1,2227.19,31829.9,60984.3,29070.7,6144.43,5440.44,19.8685
1.71761e+06,1.12318e+06,917546,640257,342170,227835,901098,476553,806110,8411.7,4975.66,130779,21922.2,17519,8703.55,5818.04,19.8744
1.94397e+06,1.44124e+06,809288,401959,340929,258103,792542,326387,738924,7230.65,1164.89,32343.9,36655.9,17073.5,6394.49,3745.68,19.8747
1.81771e+06,1.30658e+06,834719,777943,530378,349939,909378,536737,869636,10358.1,1742.86,405094,60791.8,23657.8,12576.3,11282.7,19.8759
2.19655e+06,1.61311e+06,817014,470883,327314,242329,810420,393090,718740,11666,2946.27,50129.9,37339.2,24899.9,6657.87,5053.51,19.8766
2.0145e+06,1.51636e+06,797108,415419,311714,242620,770869,338189,737018,4944.43,2475.03,27361.6,60200.1,41015.2,6389.61,6549.26,19.8801
1.66659e+06,1.25106e+06,799280,597716,508707,408270,747604,509288,704179,8407.36,2945.54,696272,25901.4,11845.1,9562.82,6263.01,19.8955
1.79396e+06,1.24784e+06,862587,534064,457452,313771,874750,411059,779544,13966.6,1794.85,41652.5,32678.5,23025.1,7768.55,7200.96,19.9043
1.63329e+06,1.03889e+06,943293,886496,507197,342816,887702,655060,811983,14507.9,2303.2,139053,46025.9,47381.2,11844.1,5203.9,19.9059
1.50259e+06,1.06571e+06,845966,712786,437434,307196,854374,545677,783745,6577.71,2879.17,235043,36840.5,16808,9982.5,4008.14,19.9063
2.41108e+06,1.718e+06,842056,580775,394223,290579,814009,463923,751126,17806.4,1593.46,61323.3,78617.7,38524.6,7759.12,6910.63,19.9073
1.75524e+06,1.34944e+06,780429,485371,338482,256409,792053,397330,732949,12236.1,821.118,49719,36651.5,16362.4,5279.09,3209.24,19.9126
2.66129e+06,1.81517e+06,879685,382194,233494,151045,927516,274774,834565,9640.29,1016.84,31950.3,29266.2,12941.2,5572.91,5018.34,19.9134
1.6531e+06,1.26768e+06,782425,359780,235897,171018,827622,279395,772627,13643,3565.49,66516.5,29413.3,8108.37,5992.7,3436.17,19.9145
1.33447e+06,934880,856452,532125,423706,293639,865770,396072,806103,6110.54,3288.23,37838.7,59930.4,27727.6,8176.43,4105.78,19.9171
1.78728e+06,1.24521e+06,861191,462844,222464,166943,799545,394435,704061,7430.48,924.988,39916.9,38926,25623.2,6357.71,3024.94,19.9216
1.88157e+06,1.34797e+06,837515,659065,405543,279013,872096,503905,784749,18230.1,1582.38,123344,41578.4,18584.5,8559.17,4466.1,19.9217
1.44253e+06,1.02059e+06,848058,284618,130765,94294,832066,234592,727949,7174.26,422.828,16059.5,32608.8,24885.5,5830.28,2528.71,19.9229
1.71435e+06,1.30404e+06,788786,500424,326005,252875,773518,409140,733867,5634.35,-280.99,56951.6,56476.9,32167.1,5657.67,6821.61,19.923
2.07619e+06,1.59586e+06,780591,446150,315166,239180,790617,372524,718584,10436.2,-481.226,42902.9,45758,23489.5,10665.2,8275.06,19.9249
2.01792e+06,1.4373e+06,842378,582833,412284,274962,899652,422092,828492,13392.1,3979.29,67350.8,30564.8,19903.1,10562.2,7617.96,19.9292
1.27567e+06,903329,847311,787635,465751,324553,861032,587235,804757,6854.87,3009.15,185225,47576.7,19284.4,7652.07,7271.89,19.9309
1.08502e+06,649933,1.00166e+06,626791,454522,271871,1.0031e+06,424202,886546,4503.83,1378.79,177987,26534.2,11550.8,5519.86,5031.67,19.9312
1.46833e+06,1.04127e+06,846075,422784,248876,173601,860164,326292,777434,10498.7,2341.29,68494.3,22414.5,11954,7211.06,4021.66,19.9378
1.96036e+06,1.50488e+06,781599,395322,338762,271619,748318,335323,707358,7039.23,1375.81,35750,25007.2,13614.7,6022.11,3110.38,19.9407
1.99728e+06,1.38676e+06,864153,638223,526391,372410,848082,505458,757597,4468.33,1481.94,41868.8,58021,42220.9,6668.2,7256.35,19.9528
1.70714e+06,1.19454e+06,857474,661751,586204,413426,850750,517131,767795,10831.4,2076.6,49656.8,38411.4,23987.9,7980.17,6000.15,19.9529
1.56204e+06,1.13608e+06,824965,579918,415528,303736,820833,441110,788808,8316.97,715.04,110252,43696.4,27694.1,7603.94,5633.91,19.9623
2.22977e+06,1.46931e+06,910537,695933,471183,334992,843931,552096,756317,15271.2,3225.05,25559.2,41631.4,31283.2,9002.93,7347.84,19.9661
2.70394e+06,1.7711e+06,916020,869791,563876,388708,870384,626333,833222,7181.73,386.499,161890,24573,15831.1,6641.82,4556.92,19.9669
1.5768e+06,998244,947742,586251,361806,230325,942509,404988,868545,7905.62,826.949,58299.9,33105.3,28275.1,4362.2,4144.29,19.9689
1.30225e+06,949683,822747,500601,370218,272085,816402,382314,785638,8352.13,1170.23,40308.9,43088.6,30556.6,7917.92,5686.14,19.9711
1.71132e+06,1.16966e+06,877857,628931,452155,303722,893229,447224,843780,14556,3481.21,60877.8,69569.1,21253.8,10918.1,11293.2,19.9726
1.83639e+06,1.33259e+06,826836,525068,347107,253903,820250,422842,745055,8766.13,2812.57,57707.3,113928,19750.6,9632.75,4133.53,19.9741
2.13015e+06,1.64284e+06,777973,389634,255677,196547,780506,320461,729513,7178.07,1425.13,24706,44415.1,16480.4,5323.57,5609.85,19.9844
1.6473e+06,1.17535e+06,840920,498963,268623,182410,883579,375906,796416,12058.5,2441.02,30768.2,31067.6,34590.5,11134.7,3182.55,19.9903
2.08499e+06,1.55801e+06,802943,458726,354483,244214,870915,335229,821038,13401.7,3099.52,96966.4,34673.1,8180.46,7236.95,6690.04,20.0009
1.4854e+06,997846,893163,669175,459545,320549,860171,497130,807646,8800.57,2418.81,25647.3,31471,28556.8,7858.43,6632.86,20.0032
1.88792e+06,1.43618e+06,788724,518928,350370,267205,786745,424655,733199,3772.25,341.042,91115.8,38010.8,35318.2,5172.9,8032.02,20.0038
1.72019e+06,1.08303e+06,952988,666589,367248,249401,883512,512856,779856,7911.49,3433.92,31980.3,42419,39640.4,7244.63,6818.67,20.0071
862734,529297,977977,569859,446254,280169,955681,409575,834805,6493.35,592.316,108364,34270.9,26944.2,7350.2,3487.7,20.0072
1.26599e+06,1.00763e+06,753840,510766,392682,295220,798081,417848,733424,2811.76,714.19,94554.7,25088.8,7430.92,4309.13,4113.84,20.0073
1.95789e+06,1.39779e+06,840419,530270,404162,277812,872881,400430,794551,9803.42,704.533,63498.7,116237,62907.7,8042.34,7702.03,20.0076
1.56252e+06,1.17564e+06,797446,537205,310120,223941,830897,418121,770884,12652.5,3072.86,59990.8,30630.5,18096,6109.58,9191.71,20.008
952628,534274,1.06982e+06,715524,587955,394665,893855,512783,837224,7989.84,1277.87,58868.3,50226.1,23510.3,7148.2,5812.38,20.0084
1.49315e+06,1.15562e+06,775244,325947,182019,140130,779356,265208,737413,11556.3,-544.791,103980,26466.3,17414,8388.08,3230.86,20.0185
1.44331e+06,1.06037e+06,816684,535538,418049,310944,806671,424989,756073,5553.4,472.803,59869.9,38217.6,11127.2,5932.2,3550.97,20.0202
1.31399e+06,985691,799837,530217,464761,349291,798350,429927,739963,11473.5,-67.9519,109130,29253.3,16287.9,6395.28,3956.06,20.0314
1.80082e+06,1.35715e+06,796151,390782,347246,264356,788133,313796,747202,4698.16,1748.2,54714.9,42572.5,9947.25,5063.25,4671.3,20.0337
1.25265e+06,1.00851e+06,745247,384277,272958,222628,735643,323628,712443,8490.03,1162.24,55535.5,23576.7,9976.15,6783.43,3505.38,20.0339
2.21385e+06,1.67416e+06,793418,365189,202839,144242,843744,274572,798017,10059.8,-107.329,115016,21802.7,14394.8,5652.14,2972.34,20.0388
1.73628e+06,1.04652e+06,995461,708104,493685,344566,859664,497404,854160,11643.9,4420.39,90664,51142.1,18086,7802.15,11888.7,20.0401
1.69488e+06,1.20141e+06,846442,663492,575304,398451,866311,495791,802949,8619.81,1469.48,61848.9,71828.3,33201.5,8957.59,5838.45,20.044
1.75536e+06,1.22794e+06,857708,480944,276283,195498,847935,378046,763310,5556.44,2942.52,32198.6,36864.6,31308.1,8746.05,5259.42,20.0459
1.46769e+06,1.02988e+06,855066,458555,235961,169036,837554,370206,743189,5838.58,385.779,47147,53758.6,27595.5,3762.61,5114.89,20.0487
2.45883e+06,1.74228e+06,846762,474040,302296,216236,838795,358789,792734,12809.3,2241.44,52754.4,66645.4,18540.4,6014.57,5460.02,20.0563
1.78753e+06,1.28384e+06,835398,498888,412031,314337,786477,392554,762527,9805.81,5209.01,38784.7,43044,19811.5,6388.94,8971.85,20.0577
2.15473e+06,1.61945e+06,798319,341007,228668,172333,796137,288728,708640,6961.16,537.605,32853.1,29667.5,14940.5,7001.07,3262.07,20.0657
1.79966e+06,1.41482e+06,763205,411927,329814,262116,754964,344216,718027,4105.52,3838.6,268359,32829.3,7415.11,5671.19,3487.63,20.0661
1.18699e+06,840191,847658,542871,247524,178632,831399,451153,721978,4662.06,-128.961,32418.2,19560.1,13565.9,3551,4487.86,20.0704
1.89426e+06,1.45707e+06,780029,322991,242994,191446,761554,255914,757265,11013,2857.58,28252.5,34934.7,12047.5,6534.46,5991,20.0835
2.00238e+06,1.55223e+06,774004,393661,245543,189827,776105,315520,748594,9207.3,353.935,72123.4,70690,23463.9,6467.21,3810.55,20.0848
2.18788e+06,1.58065e+06,830499,460310,359446,277410,777432,380932,725027,8992.41,1599.37,33226.6,30584.5,8203.29,8513.93,3480.44,20.0891
2.18617e+06,1.62952e+06,804964,636807,386690,278518,833031,504972,756644,12735.4,2742.14,31203.2,37895.8,38583.5,7921.64,5360.82,20.0927
1.56125e+06,1.19077e+06,786677,495884,345815,263684,786884,401956,740207,6383.23,24.9607,50154.1,45957,47267.7,4013.7,4632.22,20.093
1.39189e+06,952817,876489,578479,519130,365544,852094,442708,784010,12227.5,331.595,202363,49078.6,13732.6,8382.54,6377.5,20.0944
1.40323e+06,1.00266e+06,839704,575734,293109,203218,865402,450509,766778,9227.02,3151.24,67248.7,31962.1,23297.3,6168.56,4198.61,20.0945
1.83245e+06,1.41972e+06,774429,452723,271431,172072,946456,323893,838653,7774.29,2734.23,113481,44724.9,20377,6296.2,6048.14,20.0947
1.34558e+06,936111,862446,599756,519839,373411,835282,461019,780561,9201.94,852.614,362744,49547.9,28025.7,9406.13,5031.65,20.1031
1.5199e+06,1.13777e+06,801512,696364,531011,369856,861434,521576,801069,14238.8,4223.46,79066.2,41003.2,25890,9061.96,5961.14,20.1061
1.99853e+06,1.25516e+06,955354,534611,395883,242774,978399,375438,854380,11411.2,1747.97,73135.1,58350.9,22166.5,9262.58,6421.8,20.1075
1.67569e+06,1.06698e+06,942301,865862,538436,332851,970590,591387,878472,13762.4,2839.76,137523,47938.5,16068.6,10695.4,6877.61,20.1096
1.45812e+06,1.05805e+06,826874,692651,423308,280901,904179,509658,815431,9699.82,3522.44,54818.9,45893,31002.4,7948.23,6367.67,20.1113
2.12318e+06,1.46363e+06,870378,638149,483146,360024,805190,500560,764922,10734.9,3041.85,131110,56939.7,45623.8,9316.21,6347.17,20.1125
1.44961e+06,1.04641e+06,831190,438678,363494,276587,788527,360436,730246,14166.9,3207.3,52283.6,36069,20097,7704.78,3474.52,20.1129
1.59356e+06,1.16422e+06,821270,477626,405567,302114,805459,383950,746387,9680.71,1324.4,90336.1,18119.2,5649.54,5656.72,10796.8,20.1142
2.10653e+06,1.24131e+06,1.01822e+06,733107,436607,274010,956038,508219,865501,16852.3,4145.59,58100.3,59332.6,47363.6,12704.8,5764.74,20.1159
2.26449e+06,1.71666e+06,791473,447337,367876,277191,796295,359306,747001,10297.6,777.19,88014.6,30539.3,9429.28,8489.09,3440.9,20.1187
2.24474e+06,1.63129e+06,825629,486258,444792,335630,795147,387059,753773,9607.21,3110.46,56311.2,50254.8,18287.1,5514.24,8432.55,20.1395
1.75828e+06,1.36985e+06,770136,390433,252656,188446,804440,309896,755931,11465.1,1573.53,55903.1,31504.7,14377.6,7574.93,9674.66,20.1413
1.67261e+06,1.17476e+06,854272,438960,350100,275549,762333,375471,701454,4818.09,1415.04,54011.9,21474.2,3757.25,5498.57,6852.42,20.143
1.53907e+06,1.14082e+06,809449,570889,463351,330478,841237,460861,743247,7702.64,2784.73,63126.4,38306.1,13476,6384.08,3666.32,20.1459
1.89949e+06,1.34508e+06,847302,546934,507275,384405,791782,440871,744346,9666.12,2923.81,58519.9,32052.8,14697.9,7352.95,6038.43,20.16
707652,444859,954440,553328,312773,213139,880477,416470,797169,6627.99,815.757,49254.5,21008,17360.9,4379.12,4246.65,20.1631
1.4892e+06,1.05051e+06,850560,784065,504606,387820,780680,642965,731672,7857.57,3529.86,126195,42389.1,17124.7,7470.47,9312.38,20.1653
1.498e+06,1.0951e+06,820749,491201,277557,204032,816216,405634,726568,3547.35,2902.09,231049,22718.3,6190,5375.92,2893.08,20.1667
1.56759e+06,1.15031e+06,817653,430875,373801,290032,773296,358133,721868,5287.64,259.315,94943.9,26039.3,9431.4,4773.38,4510.11,20.1714
1.83995e+06,1.39559e+06,791042,392580,272562,206557,791731,336009,701016,4970.06,664.21,173597,18797.8,16071.2,4906.89,2610.41,20.1736
1.67573e+06,1.15207e+06,872723,831636,542735,360460,903404,626648,796271,16262.6,2031.21,114297,30276.4,27805.5,10376.8,7480.25,20.1781
2.00152e+06,1.47924e+06,811845,529624,337638,249127,813171,429229,740337,5956.5,-685.889,71309.7,49248.3,22649.5,10946.8,9840.86,20.1814
1.79225e+06,1.40791e+06,763792,465448,286324,217992,788076,383748,727740,7527.65,3185.91,58946.4,30990.3,14486.7,5676.21,6302.55,20.1818
2.30021e+06,1.61115e+06,856608,379601,286886,205413,837978,305809,744781,10141.4,-324.456,16114.4,74863.4,17311.3,4772.48,7959.08,20.1852
1.875e+06,1.27156e+06,884738,416493,260703,178901,874347,317551,786946,17829.8,5399.72,51322.6,36162.3,16117.7,7521.27,4055.71,20.188
1.65988e+06,1.15231e+06,864287,654014,439784,320872,822353,500623,783840,10197.2,3299.69,117005,48534.3,24834.8,7537.58,5999.24,20.1894
1.93598e+06,1.27306e+06,912440,799037,504407,332497,910217,576117,832162,13720,3369.71,136240,41145.9,20406.1,9111.22,6459.44,20.201
1.55083e+06,1.07487e+06,865682,738489,623107,418614,893100,538463,822886,24397.6,903.269,96574.7,44813.9,28264.6,9560.15,7332.58,20.2056
1.73601e+06,1.05088e+06,991174,846947,646257,405378,956525,584822,868928,9477.07,3231.99,40523.7,84071.3,28536,9148.99,7334.67,20.2057
1.56149e+06,1.24054e+06,755229,450890,351788,236372,892969,328091,824569,13064.3,2538.62,70727.4,34830.9,9017.55,7889.02,4282.05,20.2074
2.33119e+06,1.54454e+06,905590,546428,410678,292269,843083,425955,769699,8730.2,2310.66,43816.1,80404,37669.7,7462.43,13001.2,20.2077
1.52804e+06,1.11744e+06,820468,597738,369652,278536,796275,507874,706165,5741.92,2424.49,61014.8,39106.7,20337.8,4807.38,7311.95,20.2117
1.10211e+06,764649,864796,435325,335871,236335,852700,329262,793275,6710.18,419.636,51747.4,25675.8,12425.4,3918.59,3890.31,20.2129
1.38706e+06,1.00666e+06,826735,566162,375142,291945,770986,448941,756664,6643.55,1982.38,56505.2,36922.9,14008.3,6399.03,6339.64,20.218
1.5652e+06,1.11139e+06,844998,692674,543682,379787,858927,523954,793208,12324.5,1828.77,70838.1,55760,24841,6724.98,5771.8,20.2208
1.42944e+06,1.0229e+06,838469,466150,316318,245585,772811,405716,689373,4779.82,-198.57,27699.1,54289.6,26297.5,4955.1,2593.03,20.2322
1.92287e+06,1.23404e+06,934911,926972,830532,532710,935441,627856,885845,20847.9,1738.74,56990.8,65596.6,29742.5,14180.4,6479.18,20.2342
1.68642e+06,1.19709e+06,845260,595378,486340,360130,810274,474789,752390,9821.22,3548.16,44563.5,88082.8,29576.5,6931.4,3558.91,20.2352
1.74931e+06,1.22208e+06,858852,572589,310513,217721,855717,454783,755423,7197.9,2059.12,27589.2,30628.1,20299.4,6362.96,5505.4,20.2358
2.13914e+06,1.56542e+06,819894,493472,322569,226638,853967,382220,774640,19439.3,1594.27,61835.1,53522.8,17487.9,12606.6,5433.28,20.2374
1.49953e+06,978632,919365,544499,348840,246849,847903,432561,755268,5578.77,-202.862,53441.4,79486.5,60992.6,5229.46,4252.21,20.2429
1.17954e+06,778129,909521,758499,539913,376425,860591,593608,766666,4127.49,80.2312,110715,33280.2,14461,8211.1,6860.02,20.2438
825897,535386,925572,592482,477493,335633,853599,439658,808558,12012.8,204.547,14013.3,46304.6,25055,5453.75,6226.39,20.2445
1.98037e+06,1.33562e+06,889637,779513,637241,454419,841393,579965,806442,10666.3,2635.83,41097.2,80513.9,35274.6,8836.18,12414.8,20.247
1.64207e+06,1.3142e+06,749688,350928,255899,204081,752346,288483,729875,2190.02,780.644,55201.6,12225.5,16539.9,3677.15,5070.37,20.2491
1.91197e+06,1.46913e+06,780860,368334,306629,230163,799336,292728,754968,8715.55,1661.55,67235.2,27590.3,7826.73,5279.22,3919.89,20.2513
1.44861e+06,1.04389e+06,832628,565474,387141,280309,828674,439626,771756,9256.49,844.858,105047,63078.8,29989.3,9612.23,3888.51,20.2516
1.45565e+06,1.08178e+06,807360,558334,415184,308889,806471,444948,752898,5040.33,4116.23,97480.4,56072.2,105616,6556.13,5572.67,20.253
1.27141e+06,911638,836784,732306,553466,387240,857555,550208,798577,10526.8,1087.33,182860,43126,27376.8,9075.03,6695.23,20.2538
1.78043e+06,1.34404e+06,794811,607743,504534,375108,807022,463215,787206,24077.7,4735.17,84438,40098.3,25191.8,9126.17,6211.27,20.2594
1.77015e+06,1.39526e+06,761213,350085,310449,270695,688116,306369,685614,5896.65,-757.706,93494,96202.8,15109.1,4372.97,4115.49,20.2626
1.52493e+06,1.05898e+06,863998,524582,256652,181352,849129,416378,755922,6367.59,1741.89,59337,39953.2,30560.8,8121.82,4704.71,20.263
1.85127e+06,1.35383e+06,820457,627741,445889,327035,818057,480098,784516,10324,1788.23,51956.4,37260.2,19607.2,6048.37,3850.8,20.2767
2.44129e+06,1.69503e+06,864157,742665,429152,279757,920409,542385,821555,14948.9,3344.07,112415,79077.1,40037.4,8582.01,10053,20.2783
1.91114e+06,1.27112e+06,902102,664674,519031,354320,878919,501177,795735,11720.6,1589.61,48952.3,65657.6,38771.3,8505.94,9284.1,20.2789
2.27118e+06,1.48308e+06,918833,817287,493662,317014,934336,593227,826618,8609.21,1309.13,79880.8,97182.1,59961,8486.55,9761.82,20.2789
1.80928e+06,1.27632e+06,850543,569092,337266,237769,851076,422788,807627,3443.69,1554.98,299001,26342.9,16872.4,5487.79,2090.09,20.2868
1.42294e+06,1.00799e+06,846994,692316,402968,282432,856068,538441,771467,10425.1,1407.98,106587,31112.8,32026.6,9252.44,4338.94,20.2891
2.02224e+06,1.57279e+06,771459,308125,201852,152808,792572,246533,749900,10087.5,2579.33,44541,50024.2,38548.2,7696.54,5117.77,20.2927
1.27415e+06,799715,955950,912026,605496,243550,1.49168e+06,414732,1.31944e+06,9854.96,-263.674,22039.3,72635.6,56802.9,13878.4,7563.42,20.2929
1.20331e+06,848100,851302,579843,333956,235997,849050,452560,768751,5810.48,74.5068,43835.1,37056.8,20889.3,6397.97,4184.79,20.2936
1.68749e+06,1.21275e+06,834872,485058,286478,212740,807967,389769,746685,8383.44,845.017,112390,35512.6,38280.1,6337.35,3803.09,20.2944
1.67464e+06,1.27051e+06,790848,483082,291832,223677,782820,402456,720201,6037.72,653.272,136371,22257.4,11407.3,6379.43,4654.1,20.2948
1.80777e+06,1.43186e+06,757521,371637,292557,236801,741272,307663,724760,8354.03,474.933,56613.6,32516.7,22557.4,6031.87,4683.46,20.3027
1.26242e+06,894127,847141,693681,442400,307049,864487,528559,787441,6582.74,2347.08,113121,42475.6,12919.5,7521.54,4940.7,20.3045
1.98492e+06,1.55901e+06,763915,298917,251523,194269,776830,240374,746130,13256.4,2764.82,24150.4,20772.3,10085,6860.39,3891.25,20.3092
1.20773e+06,892120,812262,353613,228577,174597,785502,306087,693162,3899.78,-95.4396,50411.9,21696.7,11193.4,3622.87,4841.06,20.3143
2.2932e+06,1.46052e+06,942076,895734,803294,481798,1.00037e+06,612990,876753,11050.7,2530.89,48252.6,50717.5,29464.7,8462.92,6291.23,20.3188
1.10137e+06,775816,851775,559172,341574,245995,833123,432076,776491,4241.93,1339.17,452750,23753.5,9347.65,5349.46,4407.96,20.3287
2.09824e+06,1.54882e+06,812838,487264,363039,287840,756751,397910,734735,9122.18,1542.86,51549.9,44672,49489.3,7272.18,6886.88,20.3359
802318,557671,863216,562120,414866,287405,866094,422013,799199,6774.68,156.25,47919,38844.1,32613.4,7370.97,5942.79,20.337
1.55479e+06,1.22594e+06,760942,402278,247484,188847,786300,322024,749531,6083.08,1511.25,28826.4,25000.3,9315.46,5995.38,4753.17,20.3377
1.24014e+06,865642,859577,665538,485270,340111,856080,518263,770502,13526.5,2117.69,55347.3,44827,18210.6,8050.96,4821.65,20.3387
1.45286e+06,1.0981e+06,793839,344037,238865,177674,806640,267184,772585,6485.78,1488.8,22283.1,24429.8,16363.3,4583.21,3162.19,20.3392
1.79455e+06,1.37738e+06,781723,569760,381158,281989,811007,468350,729916,4520.7,-150.591,111249,36224.2,10797.4,6610.06,3897.58,20.3456
1.85464e+06,1.20731e+06,921705,762535,601614,415768,868197,575766,794630,8779.55,5319.41,64325.9,68821.6,51544.9,10439.1,5511.81,20.3547
2.62231e+06,1.75527e+06,896380,724654,655030,425942,922703,508857,854449,12101.9,1152.53,198846,42192.2,32167.3,9825.01,5622.74,20.3553
914142,659593,831551,533801,335241,241086,834328,417129,767821,4852.61,-119.009,66347.4,30162,13030.1,4912.16,2955.43,20.3607
2.34416e+06,1.56136e+06,900816,892518,493714,331338,894036,659969,811418,8584.48,1582.56,123949,51284.7,54074.8,11950.7,7161.15,20.3634
1.86212e+06,1.43421e+06,779015,368495,252643,192592,787083,297240,743834,13604.4,2806.33,14551.6,30208.2,20341.3,6374.02,5950.03,20.367
1.61167e+06,1.1267e+06,858263,554988,455428,331298,824806,441382,754433,8105.66,1744.59,31416.7,23843.3,25869.2,9639.73,5610.69,20.3671
1.68117e+06,1.17138e+06,861123,456397,262249,192681,816632,375299,729653,6350.49,1034.72,34206.5,51038.6,31015.3,7133.12,3977.78,20.3683
1.92924e+06,1.45925e+06,793244,469280,379150,280639,810613,378279,744340,10378.1,2178.68,62395.8,30574,12748.3,7848.82,4522.11,20.3707
1.80604e+06,1.30257e+06,831916,492533,426360,318935,802095,377035,783800,9462.44,5100.16,54065.5,35345.7,20669.4,7397.7,5703.25,20.3715
2.03013e+06,1.46553e+06,831153,655196,554221,401583,828054,512288,767376,9158.56,4745.47,26339.9,102709,44063.5,8419.89,5652.8,20.3759
1.80249e+06,1.25351e+06,862775,391762,313724,215395,873904,298889,786437,13724.9,-313.427,42998,29051.5,7411.11,7650.73,3914.22,20.3788
1.70638e+06,1.20087e+06,852572,613183,379220,264899,858938,468493,785304,11410.8,5011.79,150418,53974.7,58272.3,7046.94,4942.45,20.3799
1.5085e+06,1.1046e+06,819393,444132,287211,207216,831629,356012,748511,6754.99,-318.376,51205.7,33871.1,16508.9,7270.39,1756.3,20.3804
1.43674e+06,1.00721e+06,855870,499797,380403,277494,822511,408947,733293,5290.3,788.872,43401.3,29919.9,19241.8,6303.21,3783.41,20.382
2.13467e+06,1.58638e+06,807375,359658,292667,221398,793144,288014,749251,6608.83,652.823,57354,55533.8,24167.4,7101.12,3779.29,20.3824
2.21724e+06,1.61953e+06,821437,428273,357011,260915,820982,336749,763072,5799.7,1225.41,32036.7,62209.8,37418.5,6068.59,6488.74,20.3829
1.95389e+06,1.38635e+06,845625,467243,374398,266069,844287,360063,778602,14839.4,4694.9,25278.1,37623.1,29765.8,7787.47,5944.34,20.3931
1.30664e+06,817830,958614,585610,397374,254509,936802,407902,861398,10395.1,1395.51,102923,52576,28239,7310.5,6020.96,20.401
2.31832e+06,1.61001e+06,863961,599142,571785,399893,857907,450021,798819,14805,2969.85,48977.7,48875.7,19225.9,8232.78,4382.94,20.4035
2.07774e+06,1.30334e+06,956495,637339,465194,268290,1.04035e+06,400768,954176,27334.3,2812.28,54066.6,47289.5,42938.9,22341.9,7146.41,20.4068
1.24473e+06,850330,878294,797830,543340,380730,856260,618335,774173,11243.8,1444.18,244133,44074,57686.9,5457.37,5122.03,20.4072
1.80465e+06,1.32793e+06,815397,608089,481542,357171,808927,472345,772430,7668.2,1214.07,47969.3,44591.8,10990.2,6335.01,4687.75,20.4073
1.47601e+06,1.06263e+06,833411,559720,433992,323154,805793,458093,733109,6595.39,733.637,66510.6,27169.7,11155.3,5560.73,4577.05,20.409
2.95197e+06,1.87234e+06,945971,512472,325100,206598,944152,346121,888370,11140.1,1766.08,92634.8,25834.2,17279.5,7614.88,5287.66,20.4109
1.94956e+06,1.23098e+06,950254,630106,528618,334679,947687,442460,854458,6268.65,1873.7,26653,40005.6,34902.4,7861.82,6513.74,20.4136
2.10853e+06,1.59984e+06,790778,462229,384157,309306,745198,384244,721775,9698.16,1959.52,64208.2,41216.6,12714.9,8960.75,7147.39,20.4149
2.31315e+06,1.63183e+06,850512,634921,417627,296696,844556,465297,818730,14806.3,924.911,48918.3,133452,53457.3,10007.7,8958.37,20.4169
1.39406e+06,1.02384e+06,816962,743116,523965,366369,858094,554833,803610,6679.31,2262.56,93302.7,69264.1,25595.8,8025.49,7997.81,20.4194
2.3943e+06,1.63973e+06,876108,528695,354914,245905,865978,395004,803073,11003.3,1707.89,217630,55356.5,35055.4,6886.12,6415.72,20.4214
1.5214e+06,1.09562e+06,833176,602359,401668,283498,850096,482663,748795,6960.03,1325.1,67510.1,40897.8,26615.4,5770.98,8459.76,20.4232
1.96149e+06,1.32237e+06,889990,470132,370177,263627,842502,364127,774673,9287.1,3512.08,19328.5,37746.5,22703.4,6732.81,4713.18,20.425
2.01604e+06,1.19378e+06,1.01327e+06,477558,268524,137125,1.17495e+06,269635,1.06268e+06,10910.5,566.214,131567,26067.4,12954.4,6624.95,11796.8,20.4284
2.33069e+06,1.8449e+06,757992,373765,254760,194703,785072,302002,742574,13602.8,2152.76,28426.5,24819.3,25815.4,5861.22,5665.9,20.4329
1.87832e+06,1.33499e+06,844195,474871,267709,209202,767801,391676,727445,5412.73,743.333,28003.4,28796.7,20948.1,5414.44,5621.08,20.4372
2.23602e+06,1.60862e+06,834016,473936,426470,309595,826505,363822,781595,6473.39,946.251,53772.4,46001.7,25865.3,6187.39,5377.6,20.4464
1.62707e+06,1.23059e+06,793312,460904,314151,233612,806854,365424,756772,9642.04,1344.18,56571.4,38585,9791.71,19381,6176.22,20.4492
1.33979e+06,923795,870188,621517,448159,332743,808117,521420,715182,6861.28,2012.72,226518,25482.8,20784.7,8972.82,3555.51,20.4493
2.17655e+06,1.37795e+06,947733,765878,602718,387477,933296,532897,862318,11836.6,2254.2,49701.5,52848.2,27290,8024.39,10335.6,20.4587
2.08021e+06,1.47793e+06,844508,546860,430963,330194,783109,435447,753516,5860.84,4277.2,40682.3,27441.7,15354.3,6182.63,4631.45,20.4596
2.15696e+06,1.68382e+06,768593,357768,290527,217313,802144,278467,770867,14542.3,1213.31,133903,31877.8,12052.1,7331.18,3256.34,20.4654
2.04313e+06,1.54899e+06,791403,376564,294690,228783,772846,304229,742658,11966.8,2895.55,55014.6,24205.9,6486.31,6875.06,3997.62,20.4741
2.40135e+06,1.70599e+06,844558,523978,406293,307482,792814,417153,753649,11367.8,1562.5,45839.9,51820.4,34880.7,8775.59,5932.27,20.4751
1.89944e+06,1.30234e+06,875086,818270,680512,462147,883501,605166,811285,12716.7,3625.81,124434,85460.8,48579.6,12288.3,5014.99,20.4755
1.31465e+06,914550,862487,798989,603556,446558,810944,651243,736121,11294.9,2142.19,104060,35960,19173.3,7124.57,6861.27,20.4773
1.70719e+06,1.22272e+06,837734,438419,215458,154425,837138,352266,746741,10895.4,2973.87,52853.8,34140.8,15071,7382.51,3918.98,20.4792
1.64895e+06,1.09376e+06,904558,658766,380495,248687,918008,460264,858768,13307.6,4807.59,58721.9,34070,34850.5,9563.77,5001.81,20.484
1.66041e+06,1.31118e+06,759811,376966,324419,256004,760346,314367,719477,8245.14,-359.832,599584,34185.2,7994.75,5552.06,3703.94,20.4983
1.68984e+06,1.38125e+06,734047,394443,287039,227386,757405,322323,734251,5224.13,1492.38,1.0691e+06,50656.9,8439.63,6495.95,3123.01,20.4991
1.18429e+06,884208,803630,541558,347032,244329,852209,413920,785018,4575.05,2022.05,69205.6,40288.9,10484.6,7144.62,4982.72,20.4991
1.53837e+06,1.11258e+06,829624,597941,495748,387102,768399,495883,723486,13779.5,810.26,141273,43787.7,15679.7,6763.74,6617.01,20.5008
1.99543e+06,1.36171e+06,879233,657961,544773,360781,905989,470218,839561,18177.2,2996.47,200095,56094.9,19703.6,11440.9,7038.64,20.5041
1.81613e+06,1.29215e+06,843306,668487,433086,306335,848260,501205,800256,6728.7,4520.18,31718.2,25534.1,19895.8,7976.04,7250.33,20.511
1.25204e+06,871086,862399,817301,572780,399268,860745,628839,779819,6373.52,4564.56,58176.7,36652,15936.9,6566.5,5872.32,20.5144
1.84179e+06,1.24916e+06,884656,644515,416196,316124,789936,501602,770948,12946.6,3295.04,62464.9,64787.9,57392.3,9822.68,5035.49,20.5161
1.32834e+06,1.03403e+06,770776,476779,319030,239213,800199,387498,738243,6368.21,286.199,44058.6,26769.8,16212.3,4927.82,3376.14,20.5188
1.64993e+06,1.32872e+06,745046,534811,329329,240537,821484,420159,763727,10936.5,1415,86556.8,37055.4,16026.1,6685.15,5231.66,20.5188
1.28945e+06,893403,865983,408693,316762,254572,746575,339506,722273,5714.56,1148.13,25622,32105.1,8353.01,5400.86,3362.32,20.5195
2.54917e+06,1.74673e+06,875639,549208,403504,285999,846514,414936,794158,5124.43,381.289,95791.4,69869.2,43418.8,9021.22,11449,20.5227
1.1874e+06,829345,859039,577703,461717,320852,863420,441877,784430,10769.7,837.824,104101,28010.3,16201.7,5630.59,4994.06,20.5257
1.72172e+06,1.04991e+06,983926,814681,612079,383619,957323,531610,919487,6674.34,1190.37,270937,99345.3,38003.8,5979.03,6289.12,20.5271
1.24979e+06,730361,1.02672e+06,885308,731820,422089,1.04028e+06,558618,950891,15028.6,3753.95,48730.3,63242,38068.5,13754.5,8944.14,20.5272
1.41686e+06,1.01906e+06,834219,578183,491545,360524,818051,459578,754845,11145.8,1287.41,55961,35165.9,5815.21,5630.97,4702.57,20.5371
1.75895e+06,1.30048e+06,811523,318351,229931,168941,816608,260025,734585,8004.14,576.473,23302,35054.2,16138.4,5117.75,3693.44,20.5421
1.8871e+06,1.28816e+06,878978,671337,436908,290399,902705,478507,841790,26523.7,5304.14,71596.5,54341,21544.1,13510.5,7142.15,20.543
1.61871e+06,1.15420e+06,841466,552996,400288,284089,845415,445728,744395,5798.66,1615.72,118038,35808.5,17286.9,7461.95,4640.98,20.5452
1.73569e+06,1.22028e+06,853424,537598,301361,218175,828769,425013,758939,7308.32,2696.06,29599.6,48715,51419.5,4533.95,4529.21,20.5489
2.11377e+06,1.58592e+06,799703,393706,326441,246351,795063,320393,737294,12204.8,2398.6,23301.7,26985.3,7044.76,4572.01,4480.92,20.5502
1.98903e+06,1.56427e+06,762923,320225,225567,178397,758645,259413,740653,9030.53,1574.06,52132,30011.6,19408,5567.96,3893.91,20.5506
2.22349e+06,1.45454e+06,917190,636107,566747,396439,857756,472165,808329,13098.2,4137.48,55765.7,89014.8,25969.5,11322.7,6179.46,20.5587
2.03915e+06,1.3987e+06,874735,689955,444051,307569,866247,525357,787984,8386.93,2616.92,43183.5,34794.4,23469.2,5958.9,5435.27,20.5626
1.46112e+06,1.02299e+06,856968,603539,463359,336887,825249,479800,754738,9370.45,2221.25,49016.1,30373,13519,7791.43,4767.04,20.5628
1.73521e+06,1.31249e+06,793244,358458,201535,154121,784586,294794,729576,4977.83,394.118,81572.7,27839,8632.15,4767.03,2845.12,20.5632
2.59378e+06,1.79979e+06,864696,579652,487380,357026,819066,456062,762596,8207.19,915.332,59496.3,29295.3,24000.7,7226.45,6302.99,20.5692
2.05409e+06,1.49709e+06,823233,452166,395214,311309,761714,374700,724044,6333.47,531.066,58195.6,39510,26765.1,6806.02,5144.39,20.5695
2.78219e+06,1.91027e+06,873863,679555,508093,349039,873415,500580,814521,18029.1,2153.75,40392.3,119673,41942,10786.4,7254.99,20.5726
1.56262e+06,1.00878e+06,929411,710323,610681,396001,925271,520134,819393,8094.81,906.051,26673.5,55982.9,130065,7605.02,5938.42,20.5825
1.97701e+06,1.39867e+06,848098,527623,350710,253587,829799,422939,748510,15609.7,2091.54,113914,27046.4,15998.6,6398.63,4047.88,20.5874
1.60121e+06,1.31471e+06,730749,218522,148195,126015,705609,208437,629031,2061.85,-877.691,818671,13021.3,-633.855,1158.25,982.251,20.5882
1.68742e+06,1.28949e+06,785157,446269,410630,320719,768205,358464,746969,9256.07,568.207,51464.7,43965.3,10454.9,6544.45,3745.33,20.5912
1.93657e+06,1.37843e+06,842946,520840,440707,310612,851300,391493,798237,13352.8,3470.54,41710.1,41766.4,11363.1,9681.24,4314.4,20.5925
1.42041e+06,1.0026e+06,850035,641771,485445,342799,849673,497743,773617,8691.05,555.291,526179,44758.8,33643.4,7223.47,4886.47,20.5938
1.63445e+06,1.20361e+06,814778,490070,448452,324148,830088,374345,785485,5224.1,1282.51,60547.8,31879.6,10560.9,6459.53,9168.54,20.6032
2.27434e+06,1.79398e+06,760658,345744,201361,148813,811867,294188,705149,7944.76,737.532,105456,33461.2,4150.19,10000.7,2290.36,20.6032
1.5523e+06,1.23256e+06,755650,373528,268305,217331,740728,327276,684794,3118.09,1760.53,1.01059e+06,37066.6,7204.78,2803.29,2314.08,20.6035
1.69886e+06,1.21958e+06,835795,322532,289876,215858,805741,254756,759627,17599.7,592.893,51765.4,34938,22372.2,10001.3,2661.45,20.6064
2.43901e+06,1.63361e+06,895809,449850,261621,171148,917174,300365,898606,13627.1,2889.34,40635.4,44221.9,11485.4,7059.83,5502.78,20.6094
1.86175e+06,1.32667e+06,841994,575970,422635,300886,842780,431346,801172,17237.8,4287.75,11394.5,45552.7,21753,9164.91,7227.58,20.6133
1.27042e+06,968926,786696,425010,315836,244140,776201,337769,754972,4981.32,183.065,66960,21417.5,9580.31,4800.48,3927.03,20.614
1.10655e+06,768355,864090,574131,318693,227794,839423,453958,758834,5569.73,126.754,51189.5,22696.2,44138.6,5883.99,3491.56,20.614
998477,768514,779539,492137,381605,291381,785785,405155,728813,8646.55,666.816,88617.3,35959.5,20669.6,6817.27,4546.13,20.6152
1.25118e+06,901199,833010,541565,414231,316061,786363,421955,770079,16489.7,509.08,50272.7,57984.4,46715,9681.9,6969.31,20.6181
1.93926e+06,1.47902e+06,786705,500648,333607,240902,830896,390789,768673,3589.25,971.164,64004.2,39947.1,19013.8,4690.7,7858.76,20.6187
1.46471e+06,1.06995e+06,821373,555087,346772,251754,826455,464279,717354,8786.24,497.799,104258,30543.6,9851.62,5431.88,4614.62,20.6199
1.74635e+06,1.28084e+06,818060,486646,325524,245882,794343,386077,756293,6071.66,1202.53,46562.4,60596,17925.8,5776.91,5333.83,20.622
1.07004e+06,702393,914056,727915,432989,277734,935403,536389,814239,7476.14,3893.91,110578,57872.5,27748.2,6851.2,4055.75,20.6253
1.65178e+06,1.32806e+06,746255,396413,281090,214130,787624,320224,742754,7286.6,261.345,26777.8,36643.7,16976.3,6015.65,4640.27,20.6257
1.88251e+06,1.3791e+06,819016,354038,230048,149477,923414,257717,824248,4230.55,767.17,1.16019e+06,20562.3,8866.9,8006.97,2532.91,20.6269
2.2397e+06,1.63334e+06,822741,489121,329964,243789,812088,392194,748285,7106.91,3742.9,59262.6,55168,30718.9,6459.81,6406.55,20.6289
1.30662e+06,900328,870760,567605,365082,252696,866849,427807,796066,7167.9,2365.76,42287.5,24801.2,18902.3,7277.1,4238.53,20.6294
1.24526e+06,895915,833957,513375,332447,214812,928571,356523,863969,11944.2,1116.47,126288,40561.7,27945.5,8594.8,9521.76,20.6321
1.23025e+06,831901,887304,870612,548974,360129,914629,619125,843718,12972.3,4044.38,68564.1,46280.7,32328.2,8747.74,10272.1,20.6339
1.19933e+06,909040,791602,405020,248691,192001,777156,315652,769872,8608.98,-106.185,48579.4,21270.9,9886.17,5128.74,4097.14,20.634
1.90612e+06,1.32181e+06,865230,570723,333507,233933,855390,434038,788949,5982.16,392.05,109773,73773.7,83863.2,9378.3,5417.69,20.6342
1.91545e+06,1.42989e+06,803747,579742,448881,304483,884543,447071,778053,6708.91,966.738,491210,32623,14028.4,7631.87,2678.84,20.6348
1.48067e+06,1.09365e+06,812325,669311,457873,323081,850326,511115,785707,12279.8,2689.43,63406.4,65194.1,21346.8,10798,8892.08,20.6361
2.02238e+06,1.58218e+06,766933,472042,353326,287810,736582,406129,697377,4949.98,1351.65,240504,21744.1,31194.5,4620.88,6057.42,20.6394
1.40315e+06,1.03581e+06,812785,568789,438288,329508,798077,460205,741568,3837.58,2579.23,27920.9,30578.4,11749.2,5563.99,5747.01,20.645
1.45797e+06,1.05291e+06,830818,555216,495654,356692,833752,424995,783844,17686.6,1168.4,79668.3,44202,16989.9,7162.95,6710.79,20.6577
2.1781e+06,1.54771e+06,844384,577901,414871,298091,835056,459203,755092,6000.12,353.647,30130.4,32521.5,8050.18,5489.73,3899.44,20.661
1.12054e+06,609940,1.10228e+06,850979,589534,357292,990004,567218,900161,12210,3544.07,60333.5,68999.2,34150.2,10639.1,6421.51,20.6621
1.89929e+06,1.37642e+06,827923,504021,442390,315848,840386,380172,795463,15324.7,2847.73,51326.2,46344.1,24797.2,7961.73,6141.57,20.6656
1.0622e+06,762978,835309,622397,444130,330758,805658,517303,721895,5857.51,631.744,52286.2,35172.6,17781.7,6349.82,3839.2,20.668
1.82887e+06,1.45826e+06,752486,408182,323090,239398,809755,307575,796258,9790.96,1251.59,69360.5,32664.9,9509.72,6092.52,5509.12,20.6709
1.26532e+06,888189,854767,659751,456154,333518,820622,505817,782596,10453.9,2266.01,26971.9,37236.9,21182.5,10310.7,4492.9,20.6713
1.97694e+06,1.41793e+06,836547,622266,474143,335313,848419,469956,794456,12867.9,2157.62,64100,50090.5,39892.2,7952.26,10997.4,20.6778
2.29406e+06,1.58505e+06,868385,766913,492968,334771,883531,546235,842399,21408.7,4145.6,29361.4,42563.5,42448.8,10251.5,7446.74,20.6791
1.96508e+06,1.34028e+06,879703,719861,397488,272904,873908,520130,830401,20200.7,4982.77,28195.7,38861.6,27947.5,8599.25,11704.6,20.6873
2.00223e+06,1.3245e+06,907014,773357,506324,355714,854041,591488,784486,8279.77,1164.77,130974,36417.5,21617.7,6770.08,4180.33,20.6899
1.30998e+06,944517,832156,424313,316404,242487,782898,362007,703267,8581.69,889.493,27284.2,21219.2,12052.1,4405.1,4459.17,20.7017
783286,556546,844444,468313,323649,235377,825015,364768,770319,5811.7,1202.57,179018,31313.6,12981.3,7907.45,2518.33,20.7043
1.8826e+06,1.359e+06,831174,577019,506649,365543,831611,447597,773489,11655.7,1243.98,86650.7,81520.5,59241.2,5969.63,6236.57,20.7097
2.20609e+06,1.64893e+06,802737,634463,386073,262097,883810,493341,771632,9098.9,2453.49,26459.5,40614.4,23880.2,6996.03,5504.27,20.7122
1.28448e+06,913410,843745,484843,283697,212484,801086,403266,721374,5748.33,121.867,99657.5,30891.1,14324.7,5492.45,3123.74,20.7212
2.18944e+06,1.55333e+06,845710,310508,242968,175149,832324,249086,747954,7879.13,991.281,404597,31834.9,35689.6,11668.3,3518.37,20.7274
1.94941e+06,1.44687e+06,808400,635864,326068,238036,821896,522394,730327,3924.77,964.18,130467,18648,29466.6,4856.38,4187.12,20.734
1.23043e+06,852893,865592,564851,433139,305169,851605,440611,769183,7748.85,904.977,69139.4,28529.3,12772.2,6732.76,4775.6,20.7382
2.05466e+06,1.59576e+06,772544,465030,310970,217561,857606,356120,783495,23021.8,2047.99,154104,44120.7,18806.9,9409.78,4583.18,20.7419
1.46046e+06,1.04584e+06,837866,491890,319208,242857,788633,396388,744558,5588.13,4128.92,27360.2,19860.1,20649.5,6003.03,3486.69,20.7432
1.38779e+06,983753,846428,1.02463e+06,1.53208e+06,1.32539e+06,693571,816071,753340,10722.7,2661.13,112034,32219,27674.6,7624.13,5049.19,20.7459
1.60319e+06,1.20477e+06,798425,479040,328502,242963,811240,370614,775534,18681.7,375.826,51770.2,42214.5,10872.3,7761.31,4302.51,20.7498
1.49166e+06,1.00192e+06,893280,613408,390234,275380,850244,490640,750132,12527.8,5131.79,28223.7,42719.3,21115.9,7955.63,3818.61,20.7534
2.32842e+06,1.61653e+06,864233,788126,592101,392462,905210,580175,815057,29774.6,1326.17,410122,50932.1,21292.2,17556.9,6429.02,20.7542
1.52164e+06,1.14428e+06,797869,423608,258457,184956,838440,331543,766612,9817.99,745.712,135999,39144.4,17416,6811.09,2508.61,20.7559
2.39466e+06,1.62682e+06,883194,908193,699496,490486,855677,686398,793877,10739.2,3902.74,50759.9,76182.6,55286.3,8412.64,6178.11,20.7602
1.73128e+06,1.22012e+06,851364,699346,455793,300483,910120,522270,803430,12187.7,1458.65,61719,47994.5,27431.4,7446.49,3739.72,20.7625
1.70838e+06,1.18542e+06,864693,456203,254884,180752,846079,362569,754951,9925.94,3203.45,61054.2,32669.7,13206.4,6172.46,4459.49,20.7671
2.40489e+06,1.66866e+06,864726,748903,675426,488335,829872,578237,777090,14532.8,3804.49,57628.8,129769,83321.9,9536.58,7987.7,20.7717
1.70822e+06,1.22436e+06,837112,654849,432496,292895,885975,471703,832960,15934.6,4361.17,73070.5,37404.7,22559.6,12135,5890.24,20.7775
1.56705e+06,1.07704e+06,872979,575329,342647,229053,897557,433116,797010,9402.85,2185.38,46545.8,40046.3,19772,7937.8,4072.36,20.7883
2.08745e+06,1.57088e+06,797308,415106,369112,272355,813157,332518,749024,16769.6,2107.31,147010,37049.1,18162.3,8243.31,4389.44,20.789
1.80936e+06,1.3616e+06,797311,449546,366280,272468,806584,350358,769863,8318.11,3259.47,120055,31162.4,22423,6977.24,9549.23,20.7982
2.2525e+06,1.58326e+06,853622,580556,442656,311123,853660,443138,786061,12191.3,4127.97,50755.6,62968.2,35657.6,12332.7,6323.79,20.8045
1.12677e+06,769502,878571,470048,296299,205767,863984,372721,756675,6294.57,1429.03,57454.1,20970.1,11063.1,6298.66,3964.1,20.8128
1.79872e+06,1.47773e+06,730334,386245,226812,180185,755262,325063,712929,14296.4,352.007,1.04856e+06,34815.5,13641.2,7547.83,2588.02,20.8135
1.2568e+06,894223,843278,468090,296767,219668,810587,384204,731002,5424.74,1856.73,31083.3,28024.5,21963,5712.22,2842.51,20.8136
1.1997e+06,667630,1.07817e+06,1.14571e+06,834492,502320,996765,753128,912760,5542.95,2878.02,282151,51698,27979.9,13836.1,6312.74,20.8177
1.84867e+06,1.22055e+06,908772,652270,464094,302335,921019,463842,843741,11140.7,806.458,56053.7,50341.2,56063.8,9124.61,4744.01,20.8206
1.98713e+06,1.38701e+06,859606,645911,470014,334880,842117,495406,782281,9492.82,1803.96,49406.7,61394.5,54750,11105,7798.14,20.822
1.87728e+06,1.44537e+06,779294,473511,308433,236247,783333,374992,757634,7664.64,1162.77,120444,59814.5,34377.4,7369.52,5909.67,20.8289
2.08562e+06,1.48754e+06,841238,546919,500136,378905,791970,442937,740853,7492.75,1105.74,145658,34812.9,10403.2,6107,4484.8,20.8312
1.27365e+06,954448,800664,580437,367178,263166,837140,482713,721469,9026.69,2655.41,3458.03,34975.7,15824.7,7986.08,4252.55,20.8316
2.207e+06,1.74158e+06,760342,435769,314939,233862,808012,346838,753844,13337.8,1908.77,17778,79000.5,11145.3,5957.93,5436.39,20.8331
2.1613e+06,1.26949e+06,1.0215e+06,1.12154e+06,610035,378773,966334,795363,846058,6737.37,2248.84,57511.4,80577.1,52344.7,12947.8,11991.4,20.8418
1.14807e+06,761007,905174,486780,425810,300136,851233,378195,772268,6865.77,-203.376,47446.3,27857.6,14200.6,6040.49,3766.09,20.845
1.70445e+06,1.25968e+06,811851,845542,660215,436499,907514,607698,834831,12099.2,2520,126667,45117.9,19385.1,9051,5414.7,20.8494
1.53469e+06,1.08446e+06,849103,695711,535071,380204,844396,528999,789088,8363.66,2094.79,103599,54008.6,39098.9,8471.74,6918,20.8527
869368,574114,908566,449430,349321,237381,882937,343921,784069,9963.19,338.34,38864.6,35687.9,21474.7,5377.06,5388.51,20.8531
2.02988e+06,1.33696e+06,910967,965096,596347,386825,924987,682590,848324,7520.88,588.821,444210,41418.6,36973.9,9078.75,11002,20.8538
1.61147e+06,1.2031e+06,803657,539495,460976,353569,782268,443304,730192,9058.98,1598.94,50356.5,28315.6,14972.5,6283.75,4628.83,20.8577
1.24051e+06,897726,829102,422055,340056,257563,792169,347344,729056,4584.14,12.3631,121062,31532.3,18444.3,6171.71,4101.59,20.8579
1.62217e+06,1.33299e+06,730165,377395,213253,165774,771845,307899,735426,7372.8,621.018,52542.8,30795.6,9743.09,4251.13,3520.17,20.858
1.68608e+06,1.20199e+06,841642,408793,224966,178567,755904,345620,709669,6451.95,-491.107,65747.4,45011.1,46430.1,6073.06,6526.01,20.8687
1.52637e+06,1.09836e+06,833807,556358,329417,235700,838566,445338,749576,4028.07,2088.46,108820,22563.3,28772.2,5077.34,5403.1,20.8746
2.21948e+06,1.39269e+06,956197,532961,331636,198307,1.0034e+06,356834,896150,5627.41,1326.38,16098.8,39588.7,19510.3,5896.06,5978.17,20.8764
2.62846e+06,1.80138e+06,875480,638589,423968,283647,896822,450383,850728,11829.8,1784.03,77867,115620,50550.4,11384.1,8197.98,20.8779
2.32967e+06,1.54329e+06,905729,803825,577442,391157,885745,582421,828087,17369.6,4183.13,62591,94197.8,35957,12854,9383.56,20.8795
903822,558348,971246,653768,516197,325223,952326,474983,825842,10323.3,2937.81,42435.7,49263.2,55974.3,8218.3,3855.06,20.8851
1.90223e+06,1.48358e+06,769315,352327,272151,206575,790467,293872,719347,6382,1720.99,23012.7,27527.4,17836.4,4743.82,9963.6,20.8921
1.94563e+06,1.30121e+06,897145,553082,361753,249424,870212,421160,787941,7470.78,4648.87,70992.5,143552,44644.2,9138.26,7106.39,20.894
1.41706e+06,1.05465e+06,806182,620493,400638,289342,830792,480058,775523,9408.57,4651.67,47664.9,30887.5,17081,6444.57,4887.06,20.9013
761510,598109,763918,523619,362692,248383,876128,392604,800224,4721.36,1305.74,175736,37668.1,23677.7,7363.5,5483.67,20.904
1.24122e+06,774475,961595,559309,363622,215793,1.01103e+06,361850,927415,19847,-10.7618,124589,52590.2,16597.8,7526.42,9470.06,20.9092
1.8621e+06,1.31382e+06,850387,614890,496208,343389,867020,468995,786649,20378.1,2356.24,55757.7,57468.8,26519.8,9324.02,4134.33,20.9117
2.04356e+06,1.60049e+06,766100,330155,262243,203405,773558,266954,742050,12640.1,884.73,64886.8,41623.9,12885.6,6736.33,3026.3,20.9174
2.0887e+06,1.60334e+06,781629,524332,298730,212842,842116,406405,774103,6276.71,3384.3,37444.3,36484.3,31579.4,6732.94,5583.8,20.9265
1.81279e+06,1.29432e+06,840342,566778,476528,338114,845622,441185,770803,12584.3,1213.85,112658,54294.2,38564.8,7105.74,3996.04,20.9268
1.55376e+06,1.09457e+06,851708,659046,488679,359645,815268,514792,768130,5164.39,3455.44,95062.4,44517.3,15131.3,7611.82,5072.31,20.9277
1.20763e+06,921583,786230,574636,393643,291146,811227,458748,751571,7971.49,-274.179,84874.1,40624.9,20084.1,7613.12,3225.16,20.9279
1.28191e+06,966330,795945,625300,350631,241898,869700,473974,791562,9324.84,208.13,106061,41528.9,33027.8,7969.09,4429.78,20.9315
1.55693e+06,1.15329e+06,809993,514741,382794,268498,855411,387622,796767,9400.08,698.297,41891.8,35848.6,22541.7,8976.34,3320.03,20.9318
2.51041e+06,1.67693e+06,898220,596255,360236,241184,896170,455514,785383,14424.1,927.342,56926.1,74598,45638.9,10359,12451.2,20.9343
1.60773e+06,1.22438e+06,787859,530501,365346,270422,810613,425664,747775,3987.12,977.371,48340.3,23034.4,26876.4,4874.37,6603.1,20.9353
1.28955e+06,891113,868276,374388,185897,129027,864455,301895,744076,9380.11,3409.8,15891.1,29074.4,6766.42,7605.86,3838.27,20.9397
1.42051e+06,1.05095e+06,810988,587639,327572,243483,807215,468600,752419,10089.4,2036.53,65237.7,31368.1,22867.6,7434.7,3127.38,20.9452
1.4837e+06,1.16488e+06,764215,614859,428461,312504,822635,500755,736718,6229.8,1912.33,1.1204e+06,25066,13327.9,6191.28,3650.53,20.9459
1.632e+06,1.0855e+06,902070,613608,372602,256602,871236,467641,787281,15942.1,4135.19,64483.8,28554,17729.2,9385.78,5394.18,20.9521
1.73296e+06,1.35164e+06,769267,423214,344147,267158,772906,349996,725518,9140.56,-224.712,118804,39679.9,9175.92,5370.68,4387.76,20.9522
2.11258e+06,1.55081e+06,817346,516547,452467,329075,824979,404678,765864,14295.9,-406.135,520444,49361.3,22274.7,8179.29,4167.15,20.9539
1.56097e+06,1.13288e+06,826730,537206,477923,338969,845959,413827,778885,19696.2,903.297,58454.9,44520.2,20282.1,8169.16,3968.47,20.9606
1.09082e+06,725747,901820,497662,394305,303993,778251,377455,791080,3866.04,568.873,48632.8,36593.3,18070.1,4767.85,4193.71,20.961
1.32066e+06,878578,901909,1.0789e+06,751540,516837,872468,785769,823828,6418.75,4073.96,184075,34639.4,29611.4,10689.4,7476.98,20.963
1.46669e+06,1.07616e+06,817739,460045,425074,325933,782506,383866,719071,3692.88,5187.71,273356,35582.8,7588.14,6357.74,4130.76,20.9638
1.53868e+06,1.1694e+06,789475,466886,329276,257854,766192,375992,745047,7821.32,305.061,124794,35333,18727.5,6054.52,4118.41,20.9652
1.61481e+06,1.13774e+06,851589,580239,492773,361155,818662,433567,802975,10923.3,3357.55,67313.6,46288.4,55098.6,8133.56,6929.38,20.9669
1.46782e+06,1.0405e+06,846414,591336,479299,350777,819835,472486,750926,9980.79,339.309,216574,32382.3,23569.8,6137.75,6259.22,20.97
1.2701e+06,906081,841053,520588,337737,256633,789618,425460,734153,5124.18,-106.777,14207.2,23903.4,8736.68,4884.23,3111.03,20.9727
984101,707796,834224,772087,498336,348158,858810,565559,819105,9988.75,343.141,99718,43195.3,72436.1,6938.24,6778.1,20.9742
1.28723e+06,893910,864000,901196,644995,434705,890252,695046,777960,6079.32,4799.11,413744,69210.1,28808.8,11492.1,5213.43,20.9875
1.41454e+06,1.12842e+06,752136,524089,322948,254929,760088,445688,705546,6978.49,833.423,80194.9,27883.9,9543.24,4501.21,4855.39,20.9941
737928,466094,949930,567732,307746,199041,927685,391047,871095,6471.53,764.081,48631.5,34027,36879,4256.75,4092.18,20.9958
2.39422e+06,1.82692e+06,786316,406453,288059,180850,955684,289181,843319,9843.35,2190.5,32046.9,22460.9,7152.85,5406.37,6535.4,20.9961
1.7249e+06,1.2371e+06,836586,629941,439746,290258,909010,443704,851840,20337.5,4668.21,74380.9,75170.6,18317.1,11602.3,9130.16,20.9976
746674,470672,951840,606292,479620,309559,929620,431240,843557,14859.7,1300.11,107786,61428.3,39148.9,7577.94,4909.64,21.0086
1.61215e+06,1.20024e+06,805913,663338,527764,411444,769627,551566,721587,4489.58,871.276,122075,47299.2,35350.7,6578.81,4121.15,21.0111
1.84236e+06,1.37848e+06,801909,491906,378870,283382,802174,398379,740861,10381.6,3666.49,691964,37273.7,12125.1,7500.96,5881.59,21.0134
1.88587e+06,1.45739e+06,776401,422032,332877,259109,770818,360877,701677,10988.7,699.318,276372,21845.9,15554.9,5208.08,4136.28,21.0144
1.50103e+06,1.06659e+06,844392,637892,377543,267742,846061,493592,775408,8278.64,3070.56,55004.6,62664.3,62368.8,8148.22,5470.24,21.0196
1.84722e+06,1.3032e+06,850472,562364,483569,349802,829444,445301,757731,13786.5,2666.85,69111.9,35462.3,12475.6,7553.22,4320.72,21.0232
1.65087e+06,1.3064e+06,758209,587474,436347,343748,761629,492861,715180,8947.71,-329.385,132029,38149.3,23269.5,4680.97,5050.59,21.0374
2.24502e+06,1.67234e+06,805465,381511,342996,258082,797411,309988,738437,7121.95,379.576,69400.5,41427.4,23673.1,5409.16,4242.13,21.0376
1.13871e+06,822317,830854,529261,355167,258174,825413,416688,762097,7788.63,469.767,46611.1,31597.4,14946.8,6053.8,4281.31,21.0401
1.41277e+06,1.10814e+06,764940,554285,491405,381062,773740,446402,745003,7366.73,-229.609,20332.1,34648.2,36196.6,5721.45,4307.8,21.0432
1.79182e+06,1.34352e+06,800204,469419,410218,300035,820341,362580,776798,10762.4,-654.678,242558,33197.6,15957.8,8250.77,3561.92,21.0447
2.30933e+06,1.61231e+06,859386,498996,320387,224124,857705,396876,754385,7204.72,798.97,43801.6,81820.1,28767.5,5409.59,6636.77,21.0473
1.17583e+06,783096,900910,692462,333709,234349,854390,538358,771749,5947.66,4243.96,136802,47384.5,22290.7,5323.79,5266.16,21.0514
1.86208e+06,1.40268e+06,796509,492402,401522,294311,818566,387772,761895,13238.1,1654.06,69461.4,44190.5,16251.3,9427.58,4066.72,21.0538
1.68035e+06,1.25878e+06,800939,489496,389680,288820,809528,387266,758388,8711.08,1666.12,28422.9,45313.9,18014.1,6147.54,4680.73,21.0571
1.49807e+06,1.07933e+06,832777,567724,388674,275725,845785,443666,767772,15757.8,1269.19,60719.6,36289.1,16794.8,7374.09,3878.58,21.0669
1.63468e+06,1.12142e+06,874617,713877,435663,295221,885430,516818,828776,13336.5,2115.71,120663,47897,38766.4,8536.89,6827.81,21.0692
1.70586e+06,1.22068e+06,838479,575528,454279,323572,842370,443721,778230,13791.5,-99.3607,84843.2,49922.7,17294.8,8066.61,5283.33,21.0692
2.2424e+06,1.45703e+06,923413,836002,505643,329256,921428,600776,834922,9728.61,2753.4,291255,70466.7,32651.3,9355.72,7243.56,21.0698
1.94685e+06,1.61585e+06,722907,287931,199922,163980,731513,241048,716699,13472.1,360.99,65389.2,26795.2,8157.95,5704.78,2948.54,21.071
1.12303e+06,817588,824152,548415,311149,228474,817113,430189,764894,5232.46,744.952,48080.4,22239.1,11308.7,6606.01,4082.95,21.0787
2.23989e+06,1.78911e+06,751178,418086,287918,234033,738148,342805,731762,5383.15,2396.08,102581,27815.4,13367.6,7196.7,6634.26,21.0814
1.76094e+06,1.28532e+06,822021,466284,380701,270146,845545,362794,771155,7792.66,-211.608,276078,32962.6,14031.4,5327.31,6050.73,21.0875
1.61062e+06,1.1754e+06,822166,380088,196492,146461,804961,317125,719126,4072.01,902.567,43756.2,21369.1,27649.2,3866.84,3441.88,21.0908
1.65704e+06,1.28667e+06,772710,423628,281621,203633,829789,328095,774704,13140.8,1841.64,80973.7,33478,15629.2,5052.1,4495.95,21.0942
1.74761e+06,1.26118e+06,831414,510045,436446,318213,822931,399476,766072,4672.46,1149.06,64749.5,38499.3,8356.31,5824.6,4175.83,21.0996
2.12577e+06,1.41142e+06,903673,762574,626181,408192,920421,532745,858843,29069.6,4078.45,50760.7,39313.1,29920.1,9875.6,10620.1,21.1032
1.08159e+06,730142,888805,388156,201887,148293,816845,316154,736646,5080.65,2218.15,59479.9,23086.3,4359.53,5623.52,5570.22,21.1062
1.57374e+06,1.23089e+06,767124,372713,289592,223549,777256,314117,711926,6071.6,791.762,130794,15212.8,11596,4209.05,2812.38,21.107
2.02848e+06,1.49921e+06,811819,720620,515978,384773,804596,573593,753796,10902.9,1673.93,945630,48883.1,53795.2,9386.43,6938.87,21.1137
2.04662e+06,1.46427e+06,838623,548969,452773,322647,841985,425148,774745,4320.84,515.508,204272,22996.5,45913.1,5368.26,5635.11,21.1145
1.29092e+06,928727,833996,512452,335045,243972,823975,383627,801486,10553.1,791.773,58154.9,65484,8800.52,8476.25,8148.94,21.1191
1.7076e+06,1.27125e+06,805943,653618,403173,297438,813291,493657,794419,7819.54,528.43,220877,35894.9,26159.1,8769.69,7559.33,21.122
2.50021e+06,1.72846e+06,867900,581714,504613,344439,879018,419292,832423,25572.2,2587.88,14174.7,37835.3,16234.1,9203.01,8640.99,21.1248
1.44867e+06,1.05912e+06,820680,343271,155385,111057,839487,278996,738229,5475.35,655.183,124725,97911.8,23594.9,3801.35,2884.6,21.1264
2.11477e+06,1.57466e+06,805799,429552,264667,199138,797439,352615,730914,6151.37,4041.1,29688.3,52606.5,17808.1,6367.65,4259.4,21.1267
1.20716e+06,861789,840459,519454,387484,271138,857462,384900,809749,4171.29,4636,176082,43536.6,19260.3,6957.77,3408.71,21.1327
1.58067e+06,1.25065e+06,758325,404408,277888,201327,828168,309007,785241,9150.59,2832.47,101650,27294.1,15131.2,6830.76,5067.76,21.1354
1.50154e+06,1.09011e+06,826449,591456,375256,271652,828830,479395,740253,10421,1067.4,391710,32413.8,18714.4,9191.73,4931.08,21.136
1.99065e+06,1.14657e+06,1.0417e+06,671203,486058,307736,947678,467988,860539,11899.4,2058.63,152826,61823.6,40188.2,11954.6,7616.25,21.1461
2.03663e+06,1.3195e+06,926092,726888,535050,338029,949711,524002,832311,14888.4,4573.55,56439.1,57810.3,44217.7,11474.3,8497.34,21.1493
2.513e+06,1.69894e+06,887494,718235,539713,358359,903642,527799,816487,15538.8,3332.53,107453,59829.1,39833.4,9567.2,8289.88,21.1549
2.10926e+06,1.63278e+06,775095,336383,254825,202665,754424,273993,736625,9633.71,1067.39,42305.7,43777.8,15915,5809.03,4520.5,21.163
1.5568e+06,1.18679e+06,787065,559084,366021,263724,832736,428262,783282,8854.42,2970.93,38200,40485.2,18265,7084.26,5117.92,21.1644
1.9814e+06,1.46906e+06,809251,457858,390909,288085,814154,357693,768019,12605,1712.01,49870.4,40676.2,12121.7,6655.17,4301,21.1727
1.51759e+06,1.11367e+06,817614,468554,275394,203768,810904,383344,733369,8565.55,-57.5527,181224,25032.4,19724.6,6665.63,4357,21.1817
1.88015e+06,1.32058e+06,854234,594192,523651,376996,833406,454306,784747,13843.4,2271.59,53588.8,62715.2,29715.6,8945.07,4266.24,21.1823
1.09698e+06,770627,854094,884470,968208,785597,739469,714113,743134,10592.5,1520.84,62012.5,27320.5,26753.3,7154.18,5332.71,21.1852
1.43793e+06,1.00850e+06,855480,562627,444960,331376,805659,469021,719746,5939.93,1442.77,102343,30194.6,12292.4,6321.04,3590.13,21.1901
1.53544e+06,1.11038e+06,829684,520830,323697,243138,798798,421929,740641,8524.93,2887.87,30005.9,23564.8,13368.9,4575.49,9733.94,21.1939
1.95889e+06,1.4765e+06,796031,483241,322127,245493,787298,392477,738755,6771.44,407.268,72223.7,82958,35323.5,5292.52,4714.58,21.1953
1.47469e+06,996360,888044,815305,641874,438927,877422,621350,787291,7792.26,2710.56,56158.1,49359.8,29692.6,6788.36,5575.65,21.2001
2.30281e+06,1.4143e+06,976941,996453,689295,444476,930482,679614,879723,18774.7,4815.49,125461,65930.8,28827.7,12455,7715.39,21.2038
2.03846e+06,1.41224e+06,866051,561280,409753,286721,857460,430695,781918,8834.16,5131.41,60343.1,45074.5,29484.4,7582.47,7160.76,21.2043
1.64869e+06,1.10048e+06,898891,715469,535245,356351,901209,541751,792396,18187.2,3600.54,59815.6,53697.9,22248.8,10508.1,5561.15,21.2087
1.79745e+06,1.35783e+06,794261,417405,281795,211716,798602,352723,710028,7049.71,1187.4,67328.9,30304.7,7842.53,5175.5,3287.14,21.2126
1.98926e+06,1.44184e+06,827797,283976,170430,126168,810489,230735,738448,5748.44,1332.66,242172,27356.3,5870.86,3571.1,2339.18,21.2271
1.16216e+06,833429,836661,569321,336295,256311,787234,467676,730405,7195.39,2765.79,155993,30576.7,7748.9,7002.96,6484.67,21.2302
1.3897e+06,939200,887801,616032,317618,227178,838860,478317,772750,10563.9,4491.39,13634.7,35724.4,20088.8,7545.06,4641.33,21.2333
1.52652e+06,1.16777e+06,784328,461036,366878,274803,801035,372870,741871,11056.8,383.956,64316.3,27666.6,18646.3,4805.53,6834.31,21.2342
1.59559e+06,1.17422e+06,815306,474223,404505,312616,776361,389745,730051,15329.6,1731.5,95343.2,31435,15258.1,6130.18,4663.14,21.2445
778138,597239,781736,409025,248012,199782,744849,348444,704317,3851.02,220.545,12304.3,8705.84,5570.4,719.219,919.276,21.249
824289,479654,1.0311e+06,748466,371971,246609,905007,546391,821902,7190.25,1066.95,47029.6,44539.9,18411.1,7074.39,4070.04,21.2523
2.16974e+06,1.38433e+06,940414,630593,581595,355428,981794,422557,895396,21281.7,3209.52,127488,44434,27810,12295.2,4915.84,21.2541
1.17825e+06,864588,817671,532866,349566,253727,826635,422790,756214,9241.04,2059.78,49185.9,55918,17634.3,6487.07,4923.56,21.2589
1.60793e+06,1.16934e+06,825042,681168,470002,343256,821548,534246,765005,10051.1,4781.45,59565.6,50986.5,20858.9,7060.84,7215.72,21.2591
1.69143e+06,1.30162e+06,779688,462982,359332,259674,830269,358725,774379,8501.01,1278.7,112596,68471,32777.3,7482.19,3364.77,21.2593
1.29136e+06,963792,803922,503849,374995,267109,842341,387210,780737,4522.36,1081.39,46943.6,36610,18873.4,5807.99,6252.68,21.2595
1.71548e+06,1.24971e+06,823619,423917,217063,159031,818946,342833,741908,8285.39,2629.35,32769.6,57630.3,29668.5,6121.45,6783.64,21.2663
2.35104e+06,1.54987e+06,910157,841498,596128,391066,914619,620863,813221,10606,3226.33,66579.8,64769,21979.4,9385.03,9371.51,21.2688
1.95892e+06,1.40589e+06,836020,556293,474363,332972,854779,423945,787309,9684.92,2031.52,94638.2,25527.2,11282.4,9334.06,4304.41,21.269
1.3637e+06,945212,865648,705566,446410,293885,911396,505306,837789,18126.6,2790.1,222146,51289,27820,11045,4339.8,21.273
1.59992e+06,1.19872e+06,800815,432228,348507,248473,841558,323644,801302,7922.54,2557.73,101762,45368.3,9433.96,6144,4608.87,21.2773
2.13117e+06,1.44492e+06,884962,497992,317966,218387,873586,372729,801642,9631.77,1347.23,62464.9,33155.1,9904.74,5562.45,3967.37,21.2779
841179,575977,876263,609024,535477,367363,874574,437504,835226,6872.1,1947.1,37574.4,35423.1,29916.7,5617.87,4685.24,21.2808
1.7288e+06,1.21139e+06,856274,583439,316018,225527,840745,472309,741174,6071.16,1372.97,67302.4,50696.4,34647.1,7018.16,3655.98,21.2852
2.1028e+06,1.33144e+06,947604,793939,627979,397297,948377,563313,845646,13654.1,4790.85,46034.7,67365.2,49703.5,10904.9,7942.66,21.2949
1.46266e+06,1.0714e+06,819111,614159,512214,375228,819044,462751,796315,8931.01,-137.083,495757,29391.1,20194.4,10227.6,5293.59,21.3075
1.43694e+06,1.03254e+06,834994,507517,367725,260668,846420,394212,772453,11898,2728.98,64917.5,28082.8,28598.2,7138.9,4151.18,21.3117
993046,753596,790646,486738,327733,256552,766473,413966,705475,4697.78,259.006,31466.9,33859.2,13346.4,4503.54,3401.79,21.3147
1.40399e+06,1.04309e+06,807595,619738,488211,353808,827925,467378,795593,8471.49,155.491,173557,32379.8,11915.3,6619.24,4254.73,21.3151
1.77052e+06,1.09209e+06,972733,643199,435236,277826,939948,456271,845812,12721.1,4428.47,56510.1,39768.8,52124.4,8004.94,4739.55,21.3171
1.7341e+06,1.1344e+06,917194,772877,560941,360785,932867,562257,824758,17380.8,3715.19,35839.7,64774.2,47882.5,12874.4,8493.34,21.323
1.85542e+06,1.29366e+06,860545,626476,474773,334916,850552,480749,781874,12023.9,4281.47,76458.6,44405.5,58379.6,8357.18,6418.99,21.3232
1.33793e+06,947578,847171,653328,408406,301064,813926,534017,734053,5934.37,4292.56,111755,28790.9,18120.4,7242.67,5095.02,21.3234
2.42001e+06,1.69262e+06,857846,441676,345912,245121,846713,339202,781263,10948.2,1969.42,51173.3,39190.5,8528.48,6399.42,3171.72,21.3259
1.35248e+06,1.0084e+06,804732,619916,525094,417464,754691,517401,718881,6260.27,818.985,49948.2,26028.4,18480.7,5810.39,7065.58,21.3292
2.49944e+06,1.80177e+06,832327,579875,479879,340826,844793,437648,794989,8087.37,1203.99,78968.3,61617.5,29143,7002.7,6541.77,21.3316
1.38097e+06,892761,928109,562791,431440,275375,940042,397002,850562,9339.75,1467.53,88641.4,26453.8,11111,6566.84,5877.76,21.3317
983336,672246,877657,469422,254607,190436,802180,377722,745663,6587.51,312.256,22785,18308.9,8245.05,3786.96,2609.98,21.3332
1.59268e+06,1.04144e+06,917582,757462,551121,412373,801877,585809,775811,6130.24,1139.11,30250.5,31849.5,14021.6,5154.06,4758.46,21.3382
1.59243e+06,1.13197e+06,844063,647164,525947,380818,828658,500889,775218,13487.6,1703.62,28701,45225.8,23810.9,7036.42,3499.01,21.3382
1.88439e+06,1.23715e+06,913905,608883,527829,350625,903237,421580,866573,10793.2,2171.91,63839.9,61016.7,36244.7,10876.2,6177.45,21.3404
1.27868e+06,870765,881073,566243,274342,195772,840800,456618,744048,9154.32,566.38,107677,29502.5,20811.3,7110.44,3373.81,21.3457
2.05994e+06,1.4888e+06,830174,474545,308522,220561,839284,390044,729986,8302.66,164.648,77320.2,34679.2,14662.2,5432.82,8119.74,21.3478
1.58532e+06,1.04312e+06,911869,600864,455789,299497,913108,437941,823212,11013.4,3830.81,28254.2,49107,14356.8,9529.5,4379.25,21.3531
1.74276e+06,1.1874e+06,880630,634462,452967,320341,848409,456308,834254,12735.7,929.741,240059,29643.8,22081.5,7224.86,8057.58,21.3543
1.9531e+06,1.33672e+06,876668,637748,330887,230973,859548,489401,781872,8999.28,2414.81,57949,67923.6,43167.6,9731.96,4833.36,21.3562
1.96165e+06,1.39602e+06,843107,424610,363671,261542,834293,330484,770887,20977.6,4156.67,31038.2,40361,16730.9,7358.92,3970,21.3564
1.65718e+06,1.04761e+06,949124,759110,631222,401038,944382,514181,885808,17307.8,3492.86,46340.6,64849.3,27975.6,11663.6,6425.37,21.3597
1.9267e+06,1.51451e+06,763298,403064,300245,225733,798052,329998,732848,6905.67,-335.523,38351.7,44354.4,12578.5,4239.76,6048.17,21.3656
2.07943e+06,1.51135e+06,825530,459072,384858,296267,779415,381352,722280,8399.41,2289.06,43651.4,34336.3,13981.5,8942.62,5818.14,21.3657
1.38408e+06,881328,942269,889104,481909,316021,914956,636949,837528,11363,1961.58,62133.9,71534.8,47441.3,9302.48,10118.7,21.3669
1.91351e+06,1.41766e+06,809861,348116,233119,176319,793286,301795,692091,6071.5,13.7477,23607.1,41888.5,9682.11,3662.46,6901.7,21.3717
1.27749e+06,1.02008e+06,751409,483063,258842,194461,798644,384178,754437,6963.31,18.478,166153,45991.8,16916,7327.06,2935.44,21.3719
1.09616e+06,689914,953300,561054,392358,258737,909862,403206,834889,8061.68,799.312,60695.7,31477.6,8712.91,6314.92,6181.19,21.3759
1.80128e+06,1.29819e+06,832519,480467,287141,218463,788621,380720,757197,10651.1,841.289,53168.2,92874.6,39476.6,5451.96,5310.42,21.376
2.09738e+06,1.58265e+06,795139,535653,415358,304844,817516,423859,758252,9423.75,1760.99,193530,30736.3,10500.3,7071.23,6019.45,21.3778
1.25992e+06,898612,841247,618944,373248,268962,832642,507277,732078,5600.81,480.001,38559.5,27047.9,16897.9,5119.67,4449.63,21.3781
1.20265e+06,743528,970494,602607,504417,308389,981390,398521,907266,6179.22,1005.77,112315,55008.1,16321.9,5897.11,7390.98,21.3794
2.33654e+06,1.47152e+06,952703,702141,566636,378348,898594,511910,822967,6156.76,2951.8,55379.3,39550,50079.8,10630.2,11006.7,21.381
1.67586e+06,1.23863e+06,811795,485807,328222,230349,854935,375071,777144,8072.73,1218.5,239459,33596,20004.2,7328.79,4742.29,21.3872
982914,637931,924471,304385,241510,167280,866247,232639,785041,8038.49,327.694,122262,30985.8,8006.77,5059.96,3218.22,21.3893
2.3118e+06,1.85478e+06,747838,410780,315683,249394,759481,336110,733295,13929.6,293.849,138143,38233.5,16154.6,7729.79,3994.66,21.3944
1.81716e+06,1.46169e+06,745912,333886,242389,191672,758763,274064,730968,12275,-261.792,61712.2,43134.1,12293.2,4262.75,3606.84,21.3944
1.2525e+06,799424,940055,655478,476421,311998,916199,488769,804647,8880.08,2396.62,81800.9,52384,16127.1,7099.91,3922.12,21.3983
2.00473e+06,1.5798e+06,761390,476744,323367,248555,780592,382162,748496,15048.1,3751.17,23869.9,48727.4,9181.49,7880.75,4927.67,21.4005
1.28511e+06,906748,850365,612471,444531,334137,798231,487377,754001,11472.9,1701.68,56706.8,51841.4,16505.9,6802.23,5830.5,21.405
1.70921e+06,1.24542e+06,823437,554257,474225,329336,863965,415642,800097,9992.87,1605.79,118679,28894,9537.44,9561.3,5826.63,21.4056
2.65195e+06,1.90097e+06,837031,601032,442211,315464,841068,458888,785855,13989.1,2355,79237.3,67576.5,59342,8968.93,11637.6,21.4066
2.27081e+06,1.50189e+06,907181,533419,406758,280747,869304,401590,796960,11536.8,3080.63,23159.4,55869.8,53495.7,7842.6,4830.45,21.407
1.49604e+06,1.07081e+06,838269,443310,249097,161655,924550,320033,831120,6132.86,156.346,98380.8,28021,14178,4200.61,3399.62,21.4079
992435,681706,873486,682395,456797,321803,851696,518788,789218,9430.38,387.178,83765.9,59177.1,40847.2,7396.99,7363.22,21.4137
1.22382e+06,893398,821910,442840,275067,209647,787230,360076,737911,7478.63,-188.576,53374.4,19751.2,10068.1,5261.88,2860.13,21.4251
1.68094e+06,1.1858e+06,850537,531366,356142,251378,850055,415974,766442,12377.9,2786.93,65024.1,39121.2,23079.5,8963.83,4746.14,21.4294
1.57374e+06,1.09814e+06,859859,528280,319926,227127,845145,409782,773503,9232.4,1622.58,47887.5,58439.3,27081.2,6491.93,4520.75,21.4337
1.93949e+06,1.43945e+06,808433,452695,375400,267606,841686,345225,786783,4250.29,646.007,20144.6,29416.6,7060.52,4336.68,7306.96,21.4384
1.9523e+06,1.32712e+06,882651,708524,467389,295802,948043,481566,882775,22802.9,2855.18,68983.4,51863,28659.9,14113.5,7113.94,21.4415
1.5305e+06,1.0741e+06,854952,810620,520651,334025,935231,584130,832643,6297.78,3589.62,100014,41160.6,47331.5,9646.36,4720.91,21.4424
2.75072e+06,1.90473e+06,866491,646810,468520,301174,933386,459999,843667,33654.4,2086.08,198076,39171.4,25395.2,10629,10194.7,21.4442
1.56568e+06,1.17069e+06,802442,588206,382319,264938,865830,454379,776716,14649.8,2503.95,129050,41937.7,12530.4,9029.75,4848.01,21.4485
1.3734e+06,994946,828224,674731,481332,332665,868139,505718,800522,8617.51,2056.42,28808.6,39152.2,25516.4,7441.11,5709.12,21.4522
1.78583e+06,1.18613e+06,903352,777941,510170,341234,897045,579228,805839,16521.4,963.888,40721.4,33219.9,12602.9,12296,5682.06,21.4545
1.89862e+06,1.43804e+06,792171,402419,282005,219261,771698,335983,718642,10741.5,794.358,55844.6,34501,13700.1,6813.03,2867.76,21.4564
1.68616e+06,1.08014e+06,936632,607406,322095,219123,881956,473099,770333,11353.7,198.659,47372.7,36498.4,39185.2,9271.4,5259.77,21.4591
2.02575e+06,1.45546e+06,835097,593382,408105,304476,804212,475749,748355,9424.41,1915.08,110682,111788,65669.8,5976.35,8986.85,21.4662
1.80846e+06,1.24934e+06,868519,506270,288290,203863,848481,402502,754685,10546.4,910.135,28430.1,66301.2,67228.8,7517.12,5620.11,21.479
955668,694144,826055,655147,388860,266868,874275,496615,791535,9781.43,1814.07,45690.2,30133.7,29646,8094.93,3767.68,21.4797
865919,486444,1.06806e+06,518705,432631,242408,1.07083e+06,317964,978799,3725.15,636.569,58916,106459,11859.4,5345,4528.73,21.4798
1.73636e+06,1.33984e+06,777570,577200,385638,303419,762585,480890,720164,5043.06,163.939,119892,43598.6,20873.4,6527.21,2695.41,21.4835
1.32422e+06,793476,1.00133e+06,672000,558663,340345,984877,456844,882576,11448.2,95.8279,168580,63691.9,24087.8,10612.6,6141.3,21.4836
2.12018e+06,1.50242e+06,846709,421366,300779,212600,848860,333235,758682,9111.56,-440.073,30992.2,90860.6,23109.9,5130.99,5266.07,21.4873
2.05716e+06,1.48314e+06,832217,601781,480787,322466,894581,455763,792229,12232.9,-35.8926,49527.4,159304,63883.7,7642.69,5607.82,21.4905
963170,728010,793810,422508,283486,205396,828116,326771,775788,8017.78,907.13,58022.4,23217,11410.3,6076.59,4154.63,21.4921
2.40799e+06,1.54768e+06,933518,697649,576145,381711,905626,496716,842714,13390.7,3742.13,99553.2,44905.6,31234,11821.8,8522.49,21.4946
1.48648e+06,1.11026e+06,803315,500726,425076,317333,803717,394505,761551,6151.32,1901.25,142132,27352.3,5950.26,4856.99,4186.22,21.4947
1.52346e+06,1.02701e+06,890034,511052,344661,245700,841663,402343,762114,10719.7,1701.57,100565,44050.4,17450.8,8657.82,8377.21,21.4992
2.30305e+06,1.79857e+06,768295,415720,303445,239911,758894,352436,707736,9720.79,1361.02,33334.4,59820.5,21606.5,5177.3,13274.8,21.5001
1.16766e+06,785760,891613,667794,528576,368048,861697,518945,772099,6697.72,1019.96,99306.4,30172.1,25760.7,6901.03,8637.64,21.5018
1.97344e+06,1.36497e+06,867464,516407,332592,241230,827240,414120,748199,9200.21,2063.39,107912,50343.5,19718.2,4406.18,4368.84,21.506
2.53538e+06,1.7816e+06,853856,498862,371314,261050,853432,366035,817729,13156,2556.35,74482.4,42180.5,23074.3,9353.4,6655.22,21.5093
1.44555e+06,938424,924243,661207,532291,365602,873558,489719,810106,14812.4,3998.67,60080.2,46083.3,25118.8,8317.87,6330.75,21.5228
2.11649e+06,1.44445e+06,879153,607691,306455,216130,850753,481510,757232,6362.94,1169.63,61321.1,74543.8,43017.1,6329.07,6262.28,21.5238
2.159e+06,1.632e+06,793749,389535,342470,262827,781815,309077,756191,17958.2,1040.51,103340,31958.6,10453.8,7430.93,5014.69,21.5282
1.84212e+06,1.18615e+06,931815,987138,725322,457202,951861,677535,874173,14402,2463.15,114059,87038.2,118814,10851.8,10191.7,21.5333
1.42151e+06,1.07643e+06,792345,466799,328727,227636,866454,350840,798310,9069,1033.29,28212.7,30811.3,31505,8306.95,7762.87,21.5392
1.626e+06,1.22372e+06,797241,684901,504144,391762,772118,560657,732963,4665.07,636.676,108273,44110,21551.6,6849.52,8704.58,21.5408
1.33224e+06,869407,919415,604600,457440,319172,859926,460014,788585,11588.2,3731.4,53960.1,56833.6,22487.6,7931.08,4780.88,21.5437
2.23939e+06,1.6962e+06,792144,479984,312328,226658,826782,372430,773274,6594.7,1192.73,48860.1,46569.4,27301.3,6241.82,9441.23,21.5595
1.20923e+06,847118,856475,556505,359576,250278,862025,437025,764037,6694.76,2086.54,77960.3,32577,14746.6,4911.57,3493.92,21.5606
1.52278e+06,1.06386e+06,858824,658135,540361,389840,831666,511892,771414,12502.3,2795.34,61956.1,46064.5,22864.4,9158.49,7431.88,21.5669
1.65253e+06,1.15523e+06,858287,642282,449707,320171,842751,489204,787747,6461.05,2271.8,27962.3,34198.9,13044.4,10180.7,6120.26,21.5734
1.9928e+06,1.57729e+06,758060,375681,212055,152480,834425,284548,792164,18040.9,1506.1,110171,35147.8,12530.8,8381.21,4188.95,21.5735
1.79549e+06,1.09763e+06,981468,842048,692027,474891,874340,604620,835614,14634.2,4587.17,85496.8,65175.1,29535.6,10804.9,5494.5,21.5747
1.55385e+06,1.08498e+06,859291,474906,246925,181252,817397,378751,752324,4890.43,1490.11,29986.7,28546.4,34970.4,5159.18,3956.42,21.5774
1.84961e+06,1.41059e+06,786736,521886,421231,329216,767699,429577,728930,4506.15,23.1149,50945.2,81426.4,33535.7,5728.36,5441.96,21.5828
1.73662e+06,1.286e+06,810239,581963,333272,231183,864955,436397,800138,7914.35,2079.73,61346.2,68389.7,25983.3,5493.12,8349.6,21.5859
1.66953e+06,1.27874e+06,783362,518173,423655,317907,799583,420298,739722,6579.71,1886.43,74732.1,46166.7,12557.6,6791.57,5480.75,21.5863
1.39592e+06,1.07296e+06,780600,573918,343432,249269,826655,463180,743449,3775.01,109.552,49426.1,29112,30210.8,3986.46,4009.21,21.59
1.57011e+06,1.11172e+06,847399,619438,484967,337741,861548,479196,775596,17930.4,1801.57,59950.6,80226,52823.5,8860.45,5920.65,21.5938
1.19422e+06,795239,901024,553537,314613,227056,831371,448226,740970,9114.49,2210.51,118970,23304.7,9171.43,7530.08,9380.69,21.5944
1.80971e+06,1.19783e+06,906494,852572,524339,375743,837283,655743,780097,12346.5,-221.871,97495.1,65900.4,97146.3,9099.01,7793.34,21.595
822652,549882,897632,440796,297231,212867,837793,329669,802251,5113.26,1294.91,45052.5,29344.1,7146.41,4546.99,3364.64,21.6038
2.74349e+06,1.7987e+06,915157,696436,523188,367158,854980,530733,787330,9173.09,2001.6,115789,42544.6,47490.4,7673.52,10716.5,21.6051
2.35664e+06,1.58173e+06,893946,469293,387321,259865,894281,345904,814028,6236.01,2814.73,31623.8,79233.8,24454.4,8365.73,4298.43,21.6109
2.0836e+06,1.59647e+06,783078,534528,337559,256580,789367,436005,735580,5579.01,14.5855,119715,115674,35422.4,5562.3,3314.5,21.6109
2.2362e+06,1.57688e+06,850870,484893,251532,188953,798713,385742,754223,5361.23,-736.931,68247.5,53264,40507.2,6001.35,3960.78,21.6112
1.77676e+06,1.26222e+06,844589,437883,333048,244546,817142,346344,758580,5860.91,1790.18,57140.7,31830.4,19091,6270.06,4172.54,21.6168
1.44215e+06,1.01079e+06,856054,532642,444625,332655,801956,425669,750784,11622.7,2420,53839.8,34713.3,20900.6,8567.19,3672.87,21.6193
2.43518e+06,1.6408e+06,890484,641105,532378,376722,847911,480269,800933,15615.7,1418.49,64515.7,89544.9,64063.8,11598.9,6220.75,21.6204
1.45961e+06,1.01996e+06,858623,655900,366448,255364,861001,509997,771651,3263.23,-321.294,219750,29081.5,52140.7,5550.67,7659.38,21.6238
2.08378e+06,1.55398e+06,804561,354894,289685,222072,782678,301227,706897,9090.11,495.09,49119.9,19728.6,6110.02,7401.31,3890.6,21.6305
1.59542e+06,1.10712e+06,864631,651488,558363,395373,847347,484210,807280,13815.1,3897.45,48451.5,46114.3,34445.6,12820.1,6423.27,21.6412
1.13787e+06,784860,869865,599922,380918,271231,842642,458118,785722,5576.08,2482.23,60305.4,27762.1,15149.7,6237.02,4374.72,21.647
2.70362e+06,1.89233e+06,857236,856282,699492,465719,901177,613159,837906,14732.1,2888.81,775762,39413.9,18044.7,11962,8208.94,21.6477
2.09891e+06,1.53905e+06,818266,533573,426876,290237,882470,393150,814304,11498.5,3524.46,35748.2,53476.2,23049,7570.65,5424,21.6525
2.19159e+06,1.38258e+06,951086,628901,513522,325549,946442,432794,871872,24446.2,2829.9,34057.7,35916.9,22043.6,18134.6,6470.96,21.6542
2.72791e+06,1.81537e+06,901606,820397,506123,270729,1.12169e+06,448793,1.0968e+06,9177.21,2742.41,736574,34310.8,24715.6,8409.17,3868.64,21.6726
1.48344e+06,987361,901456,543364,239260,163626,877343,417990,779967,8269.01,910.366,32502.4,37595.4,35353.7,7295.81,5332.96,21.6749
1.28161e+06,934741,822650,723918,412413,305073,811109,584876,742637,4593.75,2098.61,142132,27602.9,15663.6,5671.34,5025.97,21.6774
1.60134e+06,1.23486e+06,778066,441811,329966,249079,794848,340961,777469,8566.5,1747.11,59596.2,28757.6,12715,6243.67,4147.55,21.6795
1.47711e+06,1.06806e+06,829788,455328,357178,275085,779056,361610,755501,11072.3,2489.85,52397.8,33204.2,17587.2,6696.24,4118.06,21.6811
1.93951e+06,1.46053e+06,796772,450195,398147,293064,815141,349693,772440,12474.1,-643.575,91365,48176.4,25888,6584.09,3598.01,21.6813
1.96608e+06,1.54304e+06,764496,454802,308579,228453,810440,359808,758408,9573.23,1466.22,57799.1,59194.6,23209.1,8223,7202.13,21.6859
2.55788e+06,1.73322e+06,885481,654408,430142,287903,896431,476762,823565,9518.45,1689.32,119691,81839.9,40142.9,7773.64,4764.89,21.6868
1.89324e+06,1.38988e+06,817297,545263,348842,250855,834367,426108,767782,6720.46,1301.3,124566,25268.3,17825.9,6205.18,9334.73,21.6928
1.97253e+06,1.48488e+06,797045,433492,298357,207849,861271,328891,790824,19502,4667.33,45305.2,36148.3,17994.2,9713.26,5649.64,21.6935
2.296e+06,1.44099e+06,956007,907307,772289,509081,910216,636990,854619,18719.2,3130.1,71227.7,49246.1,22360.5,11647,8540.23,21.6936
2.25311e+06,1.47693e+06,915322,592532,510773,360032,851212,459144,774309,10840.1,3523.26,15927,41884.1,34710.3,11815.6,9224.67,21.6947
2.99238e+06,1.8574e+06,966636,560346,331383,210937,942604,391775,858165,9370.65,1805.25,123440,22369.7,25266.6,9409.16,7051.42,21.6993
1.16798e+06,888221,788980,458676,332315,255553,780226,364620,754774,4943.83,1093.57,61035.2,36983,14019.5,5580.41,5441.01,21.701
2.41935e+06,1.69622e+06,855792,558589,418316,304519,824216,456288,734521,7796.81,1282.29,48583.4,66055.4,44008.2,5791.15,6972.81,21.7015
1.85927e+06,1.34136e+06,831662,489824,414170,303744,818129,381940,769478,8913.31,4071.32,47623.6,50938.5,25382.5,6666.9,5421.88,21.7025
2.2637e+06,1.47194e+06,922743,742053,540518,351344,923058,523524,850451,18811.3,4035.71,67391.6,64609.5,55486.7,11981.4,6798.12,21.7046
1.89116e+06,1.50249e+06,755209,373138,244524,185614,790428,308965,724622,12006.3,513.839,66682.1,23665.6,21624.3,4975.25,5858.55,21.7055
1.55291e+06,1.19244e+06,781374,369347,193004,148132,781752,300679,737026,11539.4,1162.63,69953.2,26614.2,9806.39,5313.38,2810.18,21.7332
1.87956e+06,1.43041e+06,788401,402747,335362,254816,789657,329263,733907,10139.8,989.659,87717.2,39515.6,12447.2,7178.83,3807.38,21.7355
1.88374e+06,1.44802e+06,780545,489597,326748,251094,780779,393291,746924,18169.8,4867.95,55774.1,43405.2,31153.7,10545.9,4542.04,21.7359
1.87322e+06,1.34588e+06,835092,417061,258718,181417,855656,339409,737271,12287,556.89,1.17283e+06,31622.8,13649.1,12696.4,2231.84,21.7365
1.29598e+06,930976,835241,627234,528038,375218,844369,482352,780219,12413.4,1297.67,124025,37576.2,24032.8,7313.24,5740.38,21.738
1.64025e+06,1.23141e+06,799206,558654,363025,262750,828982,439070,763415,6169.6,5678.97,101903,23504.5,14917.2,6409.68,4380.15,21.7401
1.95122e+06,1.42767e+06,820029,411336,325250,245183,795935,326471,755968,11135.6,115.242,17434.2,49415,14502.1,17369.5,8894.03,21.7454
2.02887e+06,1.42028e+06,857102,457651,256047,186045,825757,368681,744792,7170.15,365.088,73045.6,49379.7,40573.9,4851.17,7768.59,21.7463
1.38658e+06,1.0112e+06,822740,547238,333375,253307,789654,443334,740622,9270.87,3726.1,44100.8,39222.9,29646.6,5917.56,3443.75,21.7478
2.43368e+06,1.62205e+06,900226,871227,480043,288133,999629,578424,903725,38012.7,2207.27,62133.4,41358.4,33805.3,21131.6,6498.08,21.748
1.8216e+06,1.31255e+06,832702,470763,403544,293420,825188,373140,756976,9269.72,4226.66,27626,38630.6,24142.1,6316.23,5285.65,21.7486
1.25799e+06,910229,829237,600653,339705,234949,867521,445375,809187,8486.09,3516.1,492534,53084.3,17691.1,7809.23,4321.92,21.7563
1.81874e+06,1.33495e+06,817444,573548,353286,262792,806614,471642,729640,4350.31,123.464,132996,99001.6,32733.5,4854.54,9034.59,21.7588
1.36241e+06,920829,887726,770999,424932,302931,841641,589224,785099,9050.46,1287.82,59073.5,34515.1,27398.8,7598.79,4135.88,21.7598
1.57432e+06,1.11046e+06,850634,611440,554391,334502,994418,388618,944022,10090.8,3456.49,67820.5,32849.7,19284.3,11729.9,4666.31,21.7611
1.10571e+06,835792,793767,406594,277780,206226,808181,329344,740734,4433.46,-215.066,64072.2,29089.1,5005.84,6885.49,7003.29,21.7648
1.35326e+06,985761,823687,479140,337934,252031,804506,400911,717077,4217.86,1117.71,46532.6,32235,19510.6,5748.95,3626.77,21.7656
2.46781e+06,1.70669e+06,867576,508024,392522,268962,875638,371842,819742,9462.2,2952.62,48620.2,42835.1,14923.8,7276.75,4762.28,21.7708
1.71784e+06,1.22935e+06,838416,681922,441178,308899,856936,531924,769195,15148.9,1261.33,562230,50272.2,21973,10634.9,4449.27,21.774
2.03497e+06,1.31682e+06,927221,767590,463699,311185,894065,566630,812794,11011.9,4862.74,56284.5,73779.6,58310.3,16091.4,10584.4,21.7743
1.70627e+06,1.16464e+06,879040,436252,254384,179198,851743,338402,773492,13329.8,4909.33,18985.6,31389.7,15993.6,7870.36,8872.72,21.7899
1.41673e+06,1.05986e+06,802025,523899,510739,399403,767253,409156,768262,6508.15,3117.78,51224.7,34869.6,18627.6,6027.95,4973.45,21.7984
1.51257e+06,1.05773e+06,858008,446551,361369,261740,828384,359423,745447,6851.8,1529.68,60621.5,40509.8,29394.2,5934.84,3276.96,21.801
2.18304e+06,1.60592e+06,815625,573061,458216,328944,835794,440626,780336,7630.07,1359.26,111189,38568.1,12210.7,6385.4,3673.88,21.8019
1.88125e+06,1.28864e+06,875920,550843,317797,217367,877217,413977,798367,11687.4,3979.17,60665.5,33335.5,38209.6,9666.5,7848.32,21.8027
1.36002e+06,861929,946724,781492,498180,319471,935635,546965,857268,11094.4,3085.17,63514.6,36808.3,23194.1,8469.43,6848.67,21.8115
1.75753e+06,1.16017e+06,908931,430958,349927,228976,916935,301720,857003,6913.21,2326.04,168833,17190.2,6845.95,7654.77,7179.6,21.8133
2.04506e+06,1.49621e+06,820098,510291,426414,309186,827490,396320,772544,12701.1,4063.33,105225,44778.6,14984.9,7679.71,7302.38,21.8231
1.47632e+06,1.07734e+06,822202,544127,486715,371489,786104,431906,755897,8653.8,1496.71,149182,27837,21470.4,5832.91,4299.56,21.8262
1.44909e+06,1.02761e+06,846094,451967,297481,214847,830770,355516,762780,7610.56,2162.43,32042.3,19967.7,23069.1,5992.42,3703.15,21.8325
2.56972e+06,1.70014e+06,906886,878134,720097,493663,875209,636914,827239,11335.8,1447.21,138871,148004,43682.4,8410.16,7005.59,21.8363
2.30921e+06,1.48175e+06,935058,637342,441145,302512,874963,492182,776959,5525.29,3183.73,43207.1,84411,64937,5734.24,5563.59,21.837
1.70906e+06,1.13851e+06,900684,859467,619674,386158,962830,588063,876913,10570.8,3740.11,92706.2,77460.9,81410.8,9913.41,7992.15,21.8371
1.64866e+06,1.22346e+06,808527,452127,242386,177379,819893,358459,756785,9735.68,1920.38,51547.5,27528.3,16522.5,6165.99,3354.06,21.8378
1.43918e+06,993405,869242,711998,551188,390925,845975,548890,778295,9376.86,3732.79,54063.3,31514.2,19355.8,9704,6618.86,21.8403
1.77787e+06,1.40074e+06,761540,316695,226026,186758,726156,284510,667875,3825.87,-605.956,1.15492e+06,23408.9,4664.42,1478.47,1183.91,21.8421
1.71858e+06,1.24648e+06,827252,488447,422692,317307,799274,385433,760361,9439.72,2152.17,49863.1,45875.9,34014.7,8628.68,4810.92,21.8432
1.74873e+06,1.20175e+06,873090,965336,738355,466912,948814,685248,845244,17048.7,4506.59,83300,46052.7,27846,10289.8,7960.2,21.8459
1.26822e+06,910319,835894,796768,511693,347305,883995,581791,821705,14368.3,2609.85,113723,38082.7,17448.9,8431.71,6081.4,21.8462
1.47245e+06,1.05205e+06,839766,550762,345939,239195,867759,415358,795596,7823.71,1300.05,220767,57856.1,11656,8140.81,3655.72,21.8532
1.55518e+06,1.11417e+06,837495,814683,554724,382232,870765,624085,783242,6938.91,-401.219,120307,106792,74588.8,7199.48,7130.82,21.8546
1.92021e+06,1.52172e+06,757124,318313,248316,198628,750094,266156,717579,7255.23,-414.522,57580.4,58887.1,18261.1,4481.91,5149.53,21.8559
1.64205e+06,1.21497e+06,810911,574832,356836,279649,765609,483381,713515,6274.65,1308.55,52616.5,35690.3,9115.91,4439.12,3382.58,21.8624
2.2689e+06,1.67164e+06,814372,540730,442160,325055,816158,419469,773449,6368.44,3080.77,244844,56750.1,31340.3,6836.2,4591.18,21.8703
2.79875e+06,1.83924e+06,913013,875300,528291,350771,903650,630726,832660,10577.2,1921.75,67342.2,41139.8,45890.8,14151.2,12793.9,21.8778
2.13809e+06,1.56317e+06,820673,452929,414992,312849,795896,356429,762445,5898.02,915.665,69192.6,31094.5,23636.4,5615.94,7740.8,21.8787
1.4549e+06,1.0667e+06,818358,539382,439735,335060,787443,438614,737845,6319.47,663.124,105575,24420.1,15109.7,4171.79,4634.16,21.8793
2.31601e+06,1.59958e+06,868733,739592,640344,466863,822954,576038,770357,5264.13,2936.03,54234.2,55906.5,33623.8,6907.1,6041.53,21.8812
2.15362e+06,1.64485e+06,785586,468740,466539,394237,710039,397585,707381,7793.2,2417.35,33841.7,49921.5,10844.1,3638.85,3650.02,21.8814
1.88196e+06,1.21575e+06,928791,831465,580293,376305,925249,605641,823720,11868.3,4129.75,23615.5,32199.7,16748.7,9216.49,4881.9,21.8874
737254,492992,897281,487850,308665,211454,875836,381786,766685,6434.7,812.437,90422.3,24673.3,15998.9,3928.74,2474.19,21.8934
2.10674e+06,1.45512e+06,868689,573490,494511,344699,860771,434370,792167,14394.5,3547.56,49670.2,29923.3,7912.97,7515.69,7238.37,21.8935
1.79816e+06,1.41216e+06,764005,471511,335583,263783,763316,384014,736709,7960.23,1715.7,86381.8,32329.7,12225.2,7037.49,5621.38,21.8972
1.90068e+06,1.26902e+06,898653,598545,495493,341555,870419,453543,791826,13141.7,2587.07,115435,29473.5,9154.3,13684.7,6351.6,21.8985
1.17969e+06,860500,822565,508002,358534,275935,779605,414512,735325,7052.1,196.902,66351.8,47891.9,14934.3,5914.21,4780.47,21.9048
1.2275e+06,759839,969280,379993,185253,109782,1.01248e+06,253767,898446,10397.6,1314.93,126657,32354.6,18948.9,7103.21,3454.44,21.9081
2.3657e+06,1.85674e+06,764467,452450,303569,224310,812007,352952,769141,9183.93,1950.79,78660.8,69155.1,42035.7,6733.24,9055.05,21.91
2.22949e+06,1.54187e+06,867580,603980,474575,322108,884004,455368,795813,10644.7,4260.23,32574.5,48432.6,35762,9927.46,8345.88,21.9179
1.85353e+06,1.29505e+06,858746,558140,425624,313973,813363,439845,761368,7240.32,985.543,72761.6,49280.3,43840.2,7136.78,7190.5,21.9252
1.83904e+06,1.35048e+06,817062,555616,454401,344429,791572,441770,754623,8135.6,1594.56,43000.3,58854.8,48256.3,6297.94,7607.72,21.9258
1.62227e+06,1.20714e+06,806339,379798,297155,221389,805339,312054,730254,6347.26,2076.86,50619.2,31604.3,8188.73,5401.43,3218.27,21.926
2.18411e+06,1.55024e+06,845329,443919,324738,227519,856381,345945,769925,19854.4,3325.61,37135.7,27758.5,15370.9,7673.39,8989.93,21.9325
1.33934e+06,986923,814251,636520,517527,383499,809693,507196,752987,8100.89,1134.89,122357,28519.2,24650.5,5886.82,5370.44,21.9363
2.02328e+06,1.15604e+06,1.05011e+06,1.13433e+06,766467,446084,1.03093e+06,735298,925608,21257.9,1969.03,52668.3,137012,49829.8,9720.3,11275.8,21.9548
1.54479e+06,931649,994876,1.01491e+06,746448,484912,923608,729378,834886,13945.7,4879.43,23340.1,91227.4,84591.9,13607.4,11264,21.9579
1.71272e+06,1.55748e+06,659802,185426,86612.1,82410,630594,176468,630457,1584.16,-41.2078,1.18799e+06,12658.1,3167.75,2682.56,987.366,21.9612
2.31558e+06,1.70864e+06,813129,849476,661368,488936,811600,666004,765289,9977.56,2778.23,110706,45095.9,29566.6,6905.02,5614.73,21.9715
2.4091e+06,1.63825e+06,882317,661810,481409,333538,866005,479092,828830,13117.4,3248.48,81600.1,56887.9,24857.5,9405.44,6271.63,21.9808
2.5536e+06,1.70276e+06,899810,1.09393e+06,835820,488326,1.02696e+06,671884,976894,16082.8,1498.93,1.00645e+06,129493,50493.2,14602.7,13498.7,21.9832
2.37282e+06,1.83289e+06,776749,451653,340173,264214,772493,362376,747820,8458.2,1577.7,33299.3,78030.3,23660.8,8302.84,7268.84,21.9849
2.00265e+06,1.45151e+06,827822,500747,461465,339746,814959,384823,780745,11069.1,1867.51,54301.8,45797.6,11097.9,7173.94,5400.73,21.9861
1.39693e+06,1.05298e+06,795983,481630,402000,308574,781661,392512,736228,9052.61,-61.6029,229151,58464.2,19620.6,6380.13,3314.3,21.9918
1.75194e+06,1.36171e+06,771945,549015,311580,239241,781421,437085,753650,14754.3,1219.49,120603,47785.1,14252.5,6619.74,4710.14,21.9965
2.27545e+06,1.6296e+06,837792,453593,345054,250994,824851,352086,772982,9676.01,1723.8,22279.2,46838.8,41954,7853.71,6361.61,21.9969
1.22157e+06,875364,837298,586560,352416,265157,797450,477181,737531,8846.76,873.259,185892,27168.5,11877.6,5986.75,3814.35,21.9969
1.36113e+06,918307,889330,653930,488892,335559,874168,509017,770816,7751.24,1072.95,34801.8,62843,10037.2,6195.48,5827.54,21.9981
1.8477e+06,1.33679e+06,829315,519578,374052,269091,834034,430094,724834,6479.19,101.814,249388,25677.2,38725,6140.44,4747.91,22.0001
814610,552845,884092,631863,377378,266049,851073,475523,797265,5434.03,644.039,26542,27619.4,22089.7,4239.29,3531.35,22.0048
2.2887e+06,1.45615e+06,943052,779589,534254,362555,884148,560741,834170,12266.7,4600.19,17482.7,51480.6,39316.3,9168.72,11840.8,22.0068
1.5683e+06,1.01287e+06,929021,934692,810609,578376,840916,719702,779232,10210.7,4071.86,67540.6,62308.7,21427.8,7047.28,7558.77,22.0122
1.70129e+06,1.28149e+06,796557,378697,232749,172121,811346,304155,747047,5722.02,208.155,68715.8,29483.5,14568.3,5987.54,6180.88,22.015
1.56092e+06,1.18719e+06,788880,581890,387559,276283,841657,448276,778837,10213,1978.16,115950,41402.6,19423.9,8010.23,5990.41,22.0164
1.3105e+06,733290,1.07229e+06,452700,346089,198279,1.04728e+06,299575,906684,8579.31,383.648,50794.3,31002.1,29435.7,5911.92,4210.42,22.0171
1.4829e+06,1.07579e+06,827056,500295,394659,285573,829194,393957,761954,12813,2235.68,204211,29489.1,16164.5,7628.35,4559,22.0192
2.08367e+06,1.57334e+06,794614,380617,340283,266829,765170,310251,736082,30875.8,114.918,12955.1,32377.8,10388.6,4955.71,4821.06,22.0219
1.22906e+06,959719,768385,443539,341021,269516,759184,362172,734798,5026.31,1789.65,83215.7,28290.6,14162.1,4481.64,7020.51,22.0222
1.65377e+06,1.31123e+06,756744,558660,374186,284162,790084,457585,732533,8106.13,-47.7136,262537,40359.3,19652.3,7671.81,3474.69,22.0238
1.89608e+06,1.40848e+06,807714,425622,341906,242567,845718,333055,766760,14312.8,2350.61,29018.6,28250.5,9111.43,6781.42,5970.67,22.0265
1.48226e+06,1.16826e+06,761266,628782,376257,295932,762859,521311,723693,9232.44,242.507,27897.5,27456.1,14015.8,5436.89,5380.58,22.0272
1.74003e+06,1.28957e+06,809589,380354,221028,175687,754847,311249,733215,12724.6,3222.14,55763.2,57835.2,12259.8,5870.76,4295.74,22.0273
1.94376e+06,1.32294e+06,881567,961209,762988,556571,822523,761310,757543,8696.43,1724.45,228698,113655,64490.3,8010.82,10013.4,22.0352
2.51567e+06,1.6377e+06,921660,755463,595760,363673,982905,501330,904150,26250.7,2650.05,141117,64976.4,18813.9,11822.9,8187.73,22.043
1.97253e+06,1.3432e+06,881120,568606,409696,280868,875207,419872,812542,11176.4,1424.17,23484.2,57144.2,62123.2,8923.76,5895.91,22.0514
1.43732e+06,985293,875266,590427,481607,335325,861744,440369,804453,10924.8,1889.83,45161.8,47126,21919.8,9010.5,4471.15,22.0534
1.0039e+06,715424,841930,512414,250270,186201,806451,414790,741214,8682.44,2481.35,77705.1,35124.2,15629.7,4771.76,2981.95,22.054
2.15492e+06,1.43769e+06,899323,942529,565143,369593,917458,666109,848986,15167,2302.17,54585.2,111503,43308.7,10135,13117.7,22.0595
1.74194e+06,1.28637e+06,812494,549572,288931,211257,820606,443353,743749,14227.2,2891.15,33816.8,35675.6,26583.5,7899.75,4138.55,22.0706
1.65546e+06,1.22051e+06,813824,544007,456275,341019,802784,429257,760393,7414.84,1227.06,120719,34978.2,11741.3,8252.81,7313.99,22.0804
1.37581e+06,953198,866016,567903,464791,355028,785501,462683,736447,4212.42,333.641,30035.9,33957.8,27668.9,4283.35,4152.71,22.0885
1.27047e+06,938910,811878,608466,408936,316159,776070,492971,740570,8034.94,1793.99,312145,42767.9,16965.8,8548.98,4432.77,22.0887
1.99549e+06,1.26911e+06,943414,707429,534144,341917,937322,515538,823329,18228.9,4382.96,86667.1,61711.1,23065.6,10679.7,9556.76,22.0916
1.72194e+06,1.21525e+06,850165,804783,684731,498499,824152,627291,769770,7519.26,128.733,168717,34716.9,38662.3,5105.38,10280.7,22.1082
1.70412e+06,1.20605e+06,847789,806095,550166,386844,853314,612129,790122,2838.87,1482.31,116940,49793.3,62371.1,7788.91,7113.76,22.1093
1.5588e+06,1.10445e+06,846829,470419,264857,188393,843525,367015,769047,7991.61,2199.68,64087.3,63086.1,22480.1,5272.73,3631.97,22.1103
1.29574e+06,751839,1.03405e+06,637676,389609,241506,967949,427455,895078,7312.12,378.415,83705.5,37071.6,26716.5,9731.92,5065.94,22.1144
1.93107e+06,1.32734e+06,872907,553036,345341,214891,964230,376736,880781,6121.2,1988.66,66315.8,29225.7,13734.2,6063.56,5589.3,22.1164
1.72591e+06,1.02577e+06,1.00953e+06,938218,812251,513984,948183,634735,886875,20382.1,4430.58,85275,53585.8,43360.8,12767.4,6140.15,22.1175
1.625e+06,1.26552e+06,770433,466655,355183,263036,810193,389658,718561,8798.32,240.225,785810,60590.7,24917.7,6952.36,2069.43,22.1207
1.83738e+06,1.37912e+06,799366,409086,297450,219471,813181,325379,754356,13130.7,2878.99,35730.5,35602.7,16204.1,6467.63,4979.9,22.1221
1.1971e+06,862130,833121,604524,361672,262973,825193,479207,756905,8873.05,569.881,1.03516e+06,85467.2,14652.9,4466.01,5200.86,22.1226
1.50041e+06,1.13724e+06,791608,471738,397245,272030,876180,364419,776696,4561.63,4613.95,48945.2,21635.7,9116.21,6092.83,3960.64,22.1227
1.65853e+06,1.17756e+06,845069,709359,567765,410836,829185,574155,741291,7817.23,1614.13,111509,32283.8,24681.9,6053.86,5956.4,22.1268
1.31586e+06,894432,882699,600163,398399,278537,858196,482532,746268,9098.01,2531.97,19577.1,31760,17294.6,5927.37,3917.75,22.1387
1.28041e+06,938962,818187,438786,335393,251855,799015,338064,778762,6048.65,1237.92,40486.2,39495.6,18110.7,5614.78,3895.66,22.1435
1.20116e+06,770355,935540,760028,465818,308228,906766,564726,807502,6212.92,3178.76,127572,26716.8,14524.6,7798.5,5991.81,22.1443
1.5684e+06,1.17097e+06,803639,572357,312087,221755,844410,445644,770602,12885.6,2356.84,274829,37001.6,13999,6473.4,4273.25,22.1479
2.13314e+06,1.61685e+06,791591,389629,233133,183047,764174,320414,729611,10190.9,-666.269,25239,82005,16634.3,12783.6,7314.65,22.155
1.28919e+06,1.003e+06,771197,395756,320196,251462,764001,330026,719500,6768.69,-140.148,66808.3,38543.2,18435.6,4315.23,3671.4,22.1559
1.66996e+06,961786,1.04179e+06,1.216e+06,947471,579066,981724,834598,874191,8610.69,1434.7,372098,154879,134437,15838.4,10794,22.1561
1.76904e+06,1.15528e+06,918756,687358,521863,340892,918525,496845,830067,16583,3251.83,52627.9,42075.1,20175.1,9517.61,5419.07,22.159
1.51203e+06,1.01918e+06,890139,698048,549927,363633,907388,524682,798253,8027.47,4068.39,45648.6,46344,40040.2,7978.34,3597.38,22.1604
1.38516e+06,1.06006e+06,784004,369203,197857,151310,784574,301411,734950,6828.2,190.704,147192,39367.6,11426.2,5241.97,2456.87,22.1645
1.97308e+06,1.46881e+06,805989,512235,371472,268521,830039,411486,746906,4457.34,1602.17,34286.1,24279.7,28298.4,5039.92,10985.4,22.1753
1.86584e+06,1.40823e+06,794972,436630,355396,262614,811981,348975,750707,7440.17,1028.81,142879,32111.6,7447.68,5698.52,5809.51,22.1754
1.19962e+06,821505,876159,660854,406536,275346,885872,512377,773869,7318.93,630.576,71807.4,44080.9,17405.1,6373.53,3556.87,22.1771
1.59113e+06,1.06028e+06,900405,798991,622097,415625,898065,567070,845389,7957.86,1298.72,71406.7,37423.7,19670.9,7446.86,6960.57,22.1816
2.61414e+06,1.62237e+06,966785,741000,554495,377496,881325,537939,826488,10966.8,1332.84,286092,157209,93512.5,15569.2,12929,22.182
1.55345e+06,1.117e+06,834442,463765,383002,281600,816056,360554,771754,10929.9,1884,35087.8,43233.6,10748.9,6460.2,3634.84,22.1836
939988,672554,838584,560996,334235,232883,861124,434560,774570,5867.48,45.1835,53264.9,18499.6,16944.4,5537.95,4072.01,22.1861
2.04753e+06,1.47789e+06,831265,473181,339984,249627,817181,380676,745801,8988.73,1383.71,59114.3,45049.2,40841.2,6560.42,6376.58,22.1874
2.3496e+06,1.59382e+06,884514,761268,603596,421856,858486,567139,805377,13356.8,3366.38,60248.8,46159.5,13649.4,10357.5,8560.89,22.1883
1.99262e+06,1.56041e+06,766192,377099,285244,213359,802152,300903,751935,11071.6,1868.09,29458.3,42270,12076.5,4249.95,8624.98,22.1953
2.38968e+06,1.50027e+06,955699,880475,614465,411527,895881,617317,855776,14502.9,1949.51,70628.1,52152.2,27206.1,9743.63,10765.9,22.1973
1.58021e+06,1.14035e+06,831434,427588,398836,295745,809149,329643,778274,11406.6,2138.75,61876.6,29483.4,15193.4,7482.02,4905.18,22.2134
1.70992e+06,1.13531e+06,903676,692561,384410,256998,897461,499682,831602,12694.9,2084.06,44270.2,83726.1,44125.1,8801.89,6123.03,22.2149
1.54269e+06,1.122e+06,824966,646131,502171,349611,861823,477466,811950,9465.08,1918.53,98894,45462.7,37495.3,7781.57,6525.02,22.2161
1.91074e+06,1.44118e+06,795492,346796,231240,177020,783774,296007,702949,7871.35,416.413,148103,54791.4,14622.1,4837.15,4284.59,22.2225
2.4706e+06,1.67828e+06,883263,587321,394762,270718,874921,435933,808365,14054.8,2021.37,59295.7,93522.1,66306.4,9091.65,7059.69,22.2263
2.11307e+06,1.62907e+06,778260,511487,322889,235708,821922,406471,755016,10264,616.768,64886.5,28740.3,9040.16,6736.08,3713.16,22.2298
1.05471e+06,777847,813559,592290,476483,334370,855010,459252,773810,9302.17,2337.68,58784.3,40242.1,21964.6,4685.61,5277.59,22.2363
1.94896e+06,1.52302e+06,767799,379748,283342,221976,765871,319015,714227,6503.15,-85.9596,24511.7,41466.8,35285.6,6170.43,6714.93,22.2363
1.18142e+06,710704,997395,458380,245310,164758,893345,343484,800701,8029.12,1864.26,34528.5,31494.8,12987.3,5909.97,6862.26,22.239
859384,592605,870108,520978,393439,290050,813872,421136,742247,7445.92,163.648,83906.5,38387.6,16934.5,5476.91,3436.4,22.2467
1.19385e+06,832896,860024,622476,393716,280472,842257,500597,746081,3157.14,1951.58,228693,29172.5,10878.6,7034.85,4171.3,22.2487
1.63126e+06,1.22726e+06,797512,430222,202819,151852,801383,363162,710794,4989.33,5342.62,52449.7,34526,14238,4497.71,3403.22,22.2534
1.64304e+06,1.09975e+06,896407,708978,541739,363288,894727,537770,791020,11621.9,3808.66,119870,42896.2,17807.5,14506,7737.96,22.2633
1.65418e+06,1.10963e+06,894451,781042,543593,352289,925818,549166,853340,10114.3,-512.054,91997.7,29148.3,56933.6,7375.53,5485.7,22.2692
2.05998e+06,1.37865e+06,896520,758436,468999,307936,913824,546853,832147,7495.96,2544.91,51697.1,56523.7,45607,10889.5,8631.63,22.2696
2.43535e+06,1.8329e+06,797213,388358,329742,254049,778767,313763,742646,4317.49,1265.68,50288,48172,19735.3,8143.97,7026.41,22.2705
1.77551e+06,1.2886e+06,826721,591858,485551,344746,845058,467860,759019,13251.2,4293.84,137027,33731.8,13810,10231.3,4711.35,22.2729
1.18022e+06,903011,784187,739632,495837,376530,790116,599167,740660,7583.99,1897.9,65941,40113,23670.5,5969.58,5722.53,22.2765
2.24735e+06,1.71846e+06,784661,407966,316935,238060,798795,327192,748123,9643.7,823.581,63789.9,48559.8,25981.8,5458.86,3280.54,22.2829
1.96098e+06,1.55464e+06,756823,431577,304102,237666,767722,361967,715386,11298.7,2208.44,67075.5,47981.8,10623.2,8177.07,4651.62,22.2856
1.85281e+06,1.42809e+06,778440,385358,278791,204953,816160,310458,744753,14132.2,2903.49,224016,27586.2,7728.48,6884.16,4351.48,22.2916
2.39966e+06,1.6212e+06,888108,790671,543067,381443,854230,606375,782359,14923.7,2216.39,75600.6,140585,55610.8,11613.3,7633.04,22.2929
1.50462e+06,1.20832e+06,747130,441922,317666,247652,769627,363498,729449,4309.11,904.122,130015,25562.5,20536,5489.75,5112.19,22.2957
1.33337e+06,888997,899912,711514,387355,260559,891979,543451,785551,9829.61,2441.05,21776.1,35662,31142.7,7200.46,8442.89,22.3003
2.07351e+06,1.38607e+06,897574,862948,721947,468306,924968,610955,847474,12559.4,3294.26,119033,46335.3,21407.4,11235.5,7321.78,22.3048
2.33815e+06,1.69482e+06,827752,518071,378041,268617,844417,404908,767686,7001.42,1217.37,51295.8,52169.7,46722,7643.08,5645.57,22.3097
1.04474e+06,730349,858283,567491,408642,277071,884919,428481,794655,9450.64,290.956,46778.7,26329.1,14160.3,6474.37,5197.2,22.3123
2.22358e+06,1.72333e+06,774169,397341,291845,216416,809122,322537,739155,7743.25,1215.76,51039.8,30686.2,9125.03,5048.42,3242.16,22.3215
2.034e+06,1.4671e+06,831848,524265,379331,282311,806197,432887,726654,7399.12,2960,57714.1,43764,28402.7,5207.71,5847.59,22.322
1.59983e+06,1.19212e+06,805199,466306,376430,284106,794978,382646,731181,10228,1806.05,45661.2,27833.1,14694,7828.09,3804.28,22.323
1.40661e+06,993572,849426,684854,458946,308330,893094,503428,816229,8123.76,817.679,108302,65290.6,53796.7,8687.33,6677.67,22.3257
2.5354e+06,1.69906e+06,895343,629291,444072,291301,914667,438195,861659,10648.8,1168.16,46254.7,38897.6,23301.4,11838.2,5786.3,22.3288
1.49638e+06,1.08384e+06,828378,433585,358510,263548,816192,357280,728143,6175.6,-384.072,47158.2,32103.4,6351.66,5751.68,5270.91,22.3294
1.49294e+06,1.08136e+06,828366,559817,381709,264292,866562,426014,788449,12097.6,2729.88,26925,40934.1,31040.9,6918.7,4582.07,22.3305
1.90472e+06,1.32949e+06,859600,602666,488514,354197,827529,470023,769323,13570.7,1461.49,95144.9,28953.2,23199.2,8965.58,5927.46,22.3326
1.84391e+06,1.42768e+06,774928,399956,314773,243533,775516,325677,736845,6834.57,2494.16,64523.8,28853.7,9413.23,7926.14,6610.99,22.3348
1.93866e+06,1.53031e+06,760106,399746,281151,222055,759679,334656,716699,15696.8,1476.06,73625.1,40055.8,14413.4,5647.86,8803.4,22.3397
2.19697e+06,1.62743e+06,809975,472972,298463,222830,803652,380630,745563,8901.04,2198.58,61384,40193.1,25728.7,7581.39,6335.78,22.3563
1.21435e+06,858368,848833,450098,235663,168336,839973,366380,737100,7258.28,1661.33,27532.2,23912.7,11537.1,6216.71,3216.08,22.3617
1.71683e+06,1.36962e+06,752105,310434,177988,136845,780392,249664,746043,6495.65,9.27295,127419,25590.5,9752.82,8647.71,3875.49,22.3624
2.50409e+06,1.64587e+06,912867,706890,518902,363457,856610,537471,789129,5886.63,1557.47,117869,32843.2,51700.2,10199.5,10399,22.3629
1.18514e+06,721783,985181,1.0854e+06,572016,365734,938413,734743,886352,18758.2,2899.27,56948.3,43722.4,54843.5,11894.1,7666.25,22.3792
2.11331e+06,1.58117e+06,801926,445279,375015,275540,816610,361756,738529,4226.25,397.542,69650.7,44255.6,33203.8,5067.52,4700.08,22.3807
1.58304e+06,1.19406e+06,795458,519207,395550,302253,785203,417066,746942,8066.5,2094.38,49291.9,30452.1,17467.4,7152.38,4653.92,22.3866
1.02139e+06,720308,850793,491692,250969,181489,829700,393874,749009,6263.59,654.439,51319.9,27287.7,14500.2,6977.16,2569.21,22.3899
2.01123e+06,1.43266e+06,842305,484651,423191,307033,826994,371118,783553,16019.9,4068.39,33181.2,41472.2,12430.4,7526.4,5550.39,22.3929
1.93552e+06,1.38189e+06,840378,610458,496173,361778,822891,470316,778784,6408.45,-323.568,248308,125608,66699.9,7415.75,6582.58,22.3971
1.152e+06,910937,758777,416602,265636,179743,886721,297096,841348,2867.11,2562.25,924324,42381.3,9509.1,10828.2,1538,22.4024
1.75008e+06,1.23076e+06,853169,633629,548880,384883,855658,473027,803711,13686.5,3579.51,42604.8,34577.4,18031.8,8929.96,4596.38,22.4041
2.17088e+06,1.62559e+06,801265,394065,328936,247530,797325,316897,746107,11376.2,2516.3,50018.1,64041.5,21890.1,6025.48,10232.5,22.4106
2.0548e+06,1.48893e+06,828031,450698,394613,285735,828627,349564,773589,12939,297.991,225788,64059.6,36331.1,6871.03,7678.9,22.4114
1.13607e+06,837784,813623,693749,585468,437762,802448,560715,742355,6325.5,2533.94,107418,33102.2,14036.5,7409.19,5464.9,22.4144
1.32996e+06,957574,833329,861026,625653,452485,829623,664881,777004,12525.2,3530.29,425786,57765.8,40131.7,10347.1,5004.14,22.4203
1.85822e+06,1.43383e+06,777593,397498,310573,229925,810454,327085,729165,4524.67,703.661,172860,24535.6,14726.3,4655.78,3761.42,22.4206
2.15676e+06,1.5187e+06,852078,483727,379941,278197,819435,386866,750225,6126.61,368.666,38899.4,38277,30093.5,9094.72,4483.32,22.4256
2.50865e+06,1.48401e+06,1.01427e+06,736004,382732,246833,930343,509553,866647,9315.66,2553.3,80818.5,79971.2,46489.6,8426.82,8240.35,22.429
1.18081e+06,816411,867805,575323,426091,288519,886093,441346,782138,9734.19,1733.66,47501.3,35054.4,21227.3,9249.92,4089.55,22.4342
1.61488e+06,1.25398e+06,772686,409497,306053,238661,769424,351422,699154,4034.64,-348.719,1.30519e+06,27405.5,7047.27,4011.08,1182.31,22.4458
1.47269e+06,1.06954e+06,826163,570110,325257,221075,882751,425226,804433,7640.14,801.795,121868,31175.9,22736.6,7738.28,4265.96,22.4492
1.78147e+06,1.30155e+06,821236,480495,365454,267163,820745,389494,740183,4170.08,2183.33,119305,52301.3,15538.1,6688.7,2731.36,22.4497
1.1527e+06,784158,881994,487410,278683,201992,827804,388528,752702,9513.99,1325.84,55799.2,22509.9,11574.1,6716.71,3783.98,22.4497
1.20079e+06,867819,830210,625107,366515,257345,854531,500501,749377,4698.49,3311.27,125518,28217.3,15964.8,5878.67,6541.7,22.4537
2.38975e+06,1.80146e+06,795936,296934,249741,194074,772100,249472,714150,11925,720.897,21450.7,35208,11709.8,8216.01,1934.14,22.4541
1.63464e+06,1.20645e+06,812948,525908,474858,362772,785382,419085,752937,14113.9,2032.15,31240.4,46620.4,16426.2,5370.74,4614.07,22.4547
1.78584e+06,1.28575e+06,833370,469488,443862,350156,760567,396162,711054,7400.6,33.8107,268032,17556,10613.7,7610.72,5048.72,22.4555
1.56077e+06,1.14712e+06,816361,630490,452396,315931,859168,473671,798644,11606.7,1272.16,99237.3,23404.7,14692.7,7449.43,5221.99,22.4637
1.53124e+06,1.01693e+06,903448,693322,391699,276352,850434,526904,789505,7730.72,250.553,246398,38104.4,30181.2,5999.88,3551.93,22.472
895068,716498,749536,489181,272474,220514,741378,439912,667198,2644.12,2543.9,22272.6,8452.22,56.8354,585.087,1806.34,22.4755
1.44484e+06,1.03272e+06,839439,541380,514419,378669,815095,431704,752433,21734.9,2581.26,242267,56701.6,14672.6,8751.57,4104.15,22.4902
2.13928e+06,1.7111e+06,750143,320118,242081,183594,791140,260249,738027,10689.8,1542.83,47289.8,29196.2,9479.15,5053.67,4060.44,22.4992
1.33571e+06,949225,844294,535108,423592,316752,802379,430763,745340,6304.49,2804.37,68507.2,32714.6,33728.1,6596.48,4544.16,22.4994
1.61857e+06,1.276e+06,761086,380520,266290,207625,769532,315134,724492,5132.11,752.762,111190,25985.3,12687.6,5774.03,4573.79,22.5003
1.66565e+06,1.21488e+06,822622,553693,292026,200780,872674,429638,773245,5269.72,3413.99,44311.6,32592.7,13975.8,7159.82,5070.15,22.5042
1.48247e+06,1.06387e+06,836078,495569,427316,294606,870279,381623,779149,14201.2,3830.16,57636.2,38631.3,11062.8,8786.29,8912.56,22.5081
1.9348e+06,1.4671e+06,791278,472753,363921,266396,819655,370576,765436,8237.63,3996.52,37161,38500.1,23322,6652.2,6920.98,22.5176
2.14996e+06,1.62263e+06,794990,373269,236821,176743,803952,296293,755878,9063,2767.06,39969.7,43565.3,34918.5,7327.29,5909.14,22.5178
2.33942e+06,1.65572e+06,847758,559806,397327,292152,816000,459763,730558,10394.3,1705.46,92853.9,56851.7,37098.6,7811.51,6018.02,22.5182
1.53401e+06,1.17672e+06,782178,412342,240116,180385,798677,318841,775952,18644.1,1269.59,50499.6,42089.8,13845.5,8346.61,6523.11,22.5194
1.86441e+06,1.25321e+06,892622,816423,719892,499144,865352,583707,839212,16675.6,2158.23,119316,47697.3,21050.2,9959.75,7437.34,22.526
1.51433e+06,959766,946688,621313,410953,274321,898844,450614,827288,20152.4,5059.15,130407,115493,45728.1,9792.6,6193.94,22.5281
1.42096e+06,1.10591e+06,770930,365167,276692,220904,751527,307046,713574,7361.22,79.2384,24363.7,37841.1,14618.3,5455.35,6750.47,22.5302
1.54249e+06,1.09601e+06,844419,602609,362819,253419,859017,456786,791542,11926.3,2470.19,99066,50598.7,37401.3,8167.11,5365.05,22.5323
2.03921e+06,1.5031e+06,814002,338755,278484,197349,846674,268748,756296,10206.1,1400.63,29245.4,39867.8,8818.03,5208.92,6518.39,22.5327
1.73945e+06,1.1996e+06,870019,651843,461145,327673,844399,504736,774872,12782.6,4644.96,56751.6,55092.8,60956.7,9160.95,8107.03,22.5374
2.1617e+06,1.54678e+06,838528,401382,299932,215709,834268,323094,745384,19389.8,3244.1,38493.6,42107.2,15257,7201.62,5921.38,22.538
1.74213e+06,1.25885e+06,830344,701606,551975,377298,877782,516310,815331,7392.26,3198.16,265010,45892.6,16250.6,10238.2,6893.03,22.5432
2.13248e+06,1.52361e+06,839774,498358,418126,290162,864604,381257,784287,11986.1,3146.45,37196.9,49777.5,31329.8,12089,6158.06,22.5452
1.2397e+06,827853,898494,573230,474301,335018,849449,426654,806129,8558.03,863.823,44107.9,34982.2,18123.5,6126.25,6107.34,22.5602
1.05155e+06,722843,872846,646013,389885,266787,876846,502738,770994,8662.73,2228.47,51727.4,30179.1,21397.8,6630.39,4210.21,22.5605
2.12418e+06,1.43582e+06,887651,612731,328185,219763,896016,446166,823996,13293.5,3253.87,28241.7,95297.5,35516.1,9426.28,7312.58,22.5638
2.0245e+06,1.56752e+06,774918,510551,374953,276179,814586,412543,742543,10643.3,499.311,246595,48158.8,15633.1,7934.08,4062.96,22.5652
1.51536e+06,1.11695e+06,814016,484889,377735,281842,804142,379214,767201,9443.51,294.078,77663.1,65836.9,40943.9,5671.88,4567.83,22.5656
2.35039e+06,1.44804e+06,973892,848950,760965,470794,969806,574010,887389,11943.8,4401.93,54061.9,80348.1,70804.8,13402.3,9962.7,22.5683
1.48818e+06,1.17993e+06,756746,486669,297937,210819,847941,384448,759534,8622.8,278.662,72926.1,37493.2,15680.7,6411.8,3477.1,22.5718
1.27535e+06,874142,875382,597665,515098,381462,810195,467039,767814,6075.58,1917.71,50003.7,49541.6,18207.1,6223.44,5072.1,22.5722
1.49369e+06,907760,987281,1.12484e+06,758604,421656,1.07946e+06,711168,949008,20791.7,4189.15,177516,158737,43452.5,11949.2,8661.56,22.5747
1.79995e+06,1.38381e+06,780434,357427,203311,154194,791123,299895,715104,4986.03,-302.041,98386.5,68406.8,18709.4,4876.45,4268.47,22.577
1.62547e+06,1.06913e+06,912225,583185,418011,306430,818478,464536,753248,2092.02,173.242,58918,24216.4,29832.6,4040.98,4604.46,22.5822
1.11012e+06,774763,859709,582388,499943,379289,790863,484136,721766,7227.47,695.919,58478.6,41080.9,12526.4,8078.28,4975.22,22.5862
1.57478e+06,1.08885e+06,867770,596261,473458,345860,821358,475299,752698,11070.5,1169.81,33283.8,38815.6,13239.9,6133.22,5614.01,22.5925
2.22579e+06,1.29741e+06,1.02934e+06,712070,490921,296722,992688,461071,926630,7943.81,2013.18,64464.3,24017.7,26863.5,5402.43,3916.88,22.5979
1.40218e+06,866595,970822,910959,732939,515484,853108,699791,781056,18643.9,2489.11,67381,61379.4,35569.6,10005.2,6984.8,22.5988
1.31973e+06,1.00153e+06,790626,519625,369420,279283,793647,426875,730366,10423,574.692,50195,52260.1,14241.8,5525.1,4644.04,22.6003
1.00188e+06,673912,891998,579855,496106,374966,793841,461348,754123,5780.53,438.29,43396.7,26569.8,13352.8,5863.35,3896.76,22.6012
2.5554e+06,1.70173e+06,900988,748698,537588,375571,858834,575082,781138,20337.2,2245.78,58716.8,79315.9,58134.9,10719.6,7020.05,22.607
905357,528084,1.02865e+06,549557,421846,285199,887476,410783,802696,9756.7,813.462,18461.2,36825.8,24858.4,5633.73,3310.34,22.6073
1.5168e+06,1.07082e+06,849886,561912,488508,356074,823157,436888,771702,6625.58,1163.7,25310.4,38899.5,15940.9,4941.47,4517.76,22.6095
1.85369e+06,1.32211e+06,841246,671740,440650,297634,888307,495675,813122,15517,1977.01,184447,65482.2,17998.5,11618.5,4731.37,22.612
884996,439496,1.2082e+06,438715,298000,161823,1.10491e+06,238205,1.10505e+06,2618.01,807.091,131262,10440.7,2086.47,755.533,1256.32,22.6125
2.64659e+06,1.65783e+06,957849,747301,570558,376551,909133,531297,843936,10998.2,2169.81,64299,98586.8,39762.6,23359.9,5789.62,22.6185
1.87182e+06,1.34794e+06,833193,782726,468559,340050,826748,595644,788450,9563.94,672.418,170363,33125.1,23159.5,8493.83,5091.45,22.6211
1.63891e+06,1.1952e+06,822748,510047,301370,213793,845782,389634,785424,11487.9,942.827,79743.7,49337.2,35655.8,6901.49,4811.94,22.6305
1.98064e+06,1.36810e+06,868636,590581,444255,309449,861378,458422,772975,11053.7,3849.07,62288.5,40715.6,34197.6,8231.36,5134.43,22.632
1.5348e+06,1.10532e+06,833129,501842,369684,265118,836648,412823,729381,9180.88,3303.88,17659.8,23628.4,15254.7,6184.12,4500.07,22.6359
1.04623e+06,792852,791750,518255,346725,249915,832424,404053,769585,10718.2,532.548,49356.3,40785.8,29634.8,3747.37,3967.3,22.6366
1.6923e+06,1.22528e+06,828690,486781,377115,272025,831794,386579,755522,19024.2,2288.47,24714.5,37475.7,19574.9,9728.07,6025.15,22.6386
1.934e+06,1.46204e+06,793688,463992,316867,242613,783635,377855,736777,9843.99,1037.45,65039.9,98957.3,38481.6,7208.17,6248.49,22.6489
1.0568e+06,717659,883540,508312,384127,282891,814717,403849,755201,5107.46,3871.23,45655,43925.1,45506.8,5100.39,3261.84,22.6505
2.01701e+06,1.36754e+06,884956,552102,381536,288990,792144,430758,769019,12705.3,2847.27,23458.9,51695.8,55910.1,7264.37,5028.59,22.655
2.30357e+06,1.74707e+06,791121,572048,426290,330513,773870,477817,718327,7321.37,1203.31,39326,82184.5,30228.5,4966.17,4954.14,22.6579
1.70166e+06,1.2522e+06,815362,645303,577718,429516,807026,511789,756527,10488,-122.667,37837.6,33519.7,27811.9,26322.9,4802,22.6629
1.15952e+06,765597,908717,717316,401078,279624,860608,550910,781234,4127.66,2886.46,89930.5,27373.9,22099.3,5776.26,4005.11,22.663
1.20287e+06,869974,829587,715615,604503,468674,773890,587479,730867,5390.45,920.601,53270.5,35040.9,17483.1,3756.3,4379.37,22.6648
1.9146e+06,1.34364e+06,854960,678981,418271,265955,943627,489612,832064,16161.1,3540.99,25655.4,54925,30599.1,8012.65,4554.03,22.6672
913580,616765,888747,597016,312392,225967,829480,500907,715122,5305.93,253.587,51489.7,34750.9,15584.5,8507.56,4209.33,22.6705
1.46967e+06,1.02299e+06,861986,837708,554434,342447,971422,569292,882895,14279.4,3372.37,85102.6,66782.6,43671.6,9474.02,10686.4,22.6706
1.99406e+06,1.42593e+06,839054,452773,309185,220476,841412,345898,785387,6459.92,1126.92,55134.1,33728.7,9954.49,5051.74,6515.62,22.6793
2.12434e+06,1.61772e+06,787898,512684,382862,302992,758162,423539,726286,6153.82,662.7,111296,88909.1,26349.6,6484.63,6224.14,22.688
2.02687e+06,1.37873e+06,882057,620565,542210,366119,888579,460810,808010,20002.6,3895.58,43399.1,32443.5,21703.4,10022.1,6878.35,22.6912
2.04138e+06,1.55351e+06,788425,478312,310472,226287,823216,382027,751222,10775.7,1651.06,59982.6,47412.9,12059.9,6359.9,4653.43,22.6949
1.73289e+06,1.20153e+06,865342,511230,317994,227596,838311,409357,749317,5623.86,2522.48,64873.5,33370.4,33277.8,6354.25,4278.31,22.6951
1.42613e+06,1.01891e+06,839796,440725,373751,259652,863659,342198,772755,6457.42,1715.02,63321,24967.5,12118.9,3496.58,4649.83,22.6978
1.82281e+06,1.35906e+06,804737,512982,436068,317640,823703,401576,766453,11982.8,1924.98,63899.5,36286.8,32024.4,7098.1,6522.06,22.6998
1.46231e+06,1.111e+06,789726,420677,314722,235719,801096,328918,767383,8317.57,3461.35,56584.8,30016.7,8959.77,6508.77,3983.77,22.7005
1.60682e+06,1.24847e+06,772216,459090,285178,210980,811010,364245,756232,13278.1,1521.37,67116.8,58006.6,26551.5,10671.9,3707.61,22.7059
1.82917e+06,1.32888e+06,825884,454356,304064,224697,811930,348208,782905,10267.2,1893.53,198732,35860.8,25801.7,7769.56,6693.78,22.7066
1.44525e+06,1.10796e+06,782657,599185,471984,338620,836307,489826,733956,6666.82,1837.24,192322,42084.1,19583.4,6316.75,4196.75,22.7095
2.09319e+06,1.48721e+06,844476,475352,426823,316800,808376,364257,782994,11813.9,2419.54,35713.6,62457.1,24990.1,7290.25,8889.31,22.7129
1.93455e+06,1.21643e+06,954210,656851,393580,273009,864982,511940,769838,10385.9,3613.43,30673.8,26423,33420.1,8141.76,6309.45,22.715
1.96567e+06,1.19123e+06,990074,958462,809305,484215,1.00283e+06,627071,917085,19363.5,5426.13,54705.1,51420.9,23840.9,10847.9,6534.79,22.7174
1.94292e+06,1.43447e+06,812673,649530,513296,370865,830430,498438,781878,15990.7,2229.66,141272,52243.9,19749.4,10911.6,5131.87,22.722
1.98912e+06,1.57971e+06,755504,370964,284639,221758,770134,309571,718990,7608.48,737.829,75103.2,26327.3,8116.1,5482.7,3321.37,22.7228
2.06069e+06,1.48517e+06,832504,493522,435963,327046,799819,393951,751650,5978.22,608.414,55558.9,85472.4,25893.4,6147.73,9784.72,22.7235
1.73729e+06,1.27970e+06,814542,489401,348938,242298,864071,388939,754978,22724.6,3521.55,23591.8,43506.9,30879.1,12103.7,6246.73,22.727
2.04973e+06,1.60659e+06,765494,486981,405431,314701,772984,377354,774309,7118.43,1802.03,27190.5,30640.2,7629.91,5669.98,5685.29,22.7304
1.52019e+06,1.23904e+06,736143,313524,281895,224650,752892,271436,693034,4251.16,430.619,1.10658e+06,34645.5,2201.71,2858.19,2221.88,22.7335
788707,479971,985943,566165,441111,306473,863588,430361,789335,7138.71,579.671,16160.8,35760.6,10360.5,4829.75,5500.2,22.7339
1.35829e+06,937260,869530,601924,411388,290673,849178,451038,800719,9740.55,3277.76,37063.1,88420.3,38100.9,7505.68,3272.88,22.7344
987589,632213,937268,769281,530319,363904,874384,568258,812252,7473.97,1137.82,78720.6,44832.4,36914.6,7159.61,5872.97,22.7345
1.83753e+06,1.32274e+06,833515,457377,358337,269937,796489,376810,728289,6759.6,282.025,24553.3,25415.7,16352.8,5545.61,4896,22.7368
1.7833e+06,1.20914e+06,884911,621311,279240,192360,870992,472562,788863,6536.48,2426.42,67861.9,32310.7,43886.2,8657.81,7491.29,22.7427
1.26397e+06,901599,841152,605094,408282,290240,844022,484301,749651,7851.8,1013.38,87098,40441.6,19191.1,6805.15,3881.52,22.7455
2.01607e+06,1.43443e+06,843291,651553,415196,285451,872716,502071,778639,11493.4,3698.87,31345.5,39581.4,24167.8,6977.74,5952.97,22.7464
1.64925e+06,1.14045e+06,867684,592104,323994,221578,877327,444482,799273,11568.5,3226.88,248039,19078.2,13447.5,7311.61,4865.95,22.7494
2.6016e+06,1.70038e+06,918008,721360,465529,325411,858353,544307,795169,10053.5,2668.25,91416.6,45656.7,42079.9,9164.94,5900.08,22.753
1.97147e+06,1.45196e+06,814683,397370,299271,215933,831566,310397,768120,16705.4,4296.8,34784.2,45815.5,17806.2,7155.52,6595.71,22.7563
2.20109e+06,1.72793e+06,764300,440932,301715,232722,777877,359309,736300,4287.92,47.4285,48275.3,34731,18394.7,5536.16,5299.52,22.7568
1.74693e+06,1.21877e+06,860013,651862,398759,284321,841498,515012,759433,7587.79,893.763,47187.8,53321.4,27013.9,7246.96,4248.48,22.7569
1.79721e+06,1.34934e+06,799152,628883,409619,285997,859350,474055,795962,11284.6,2732.16,248769,48217.3,12263,9402.1,4763.71,22.7573
2.05259e+06,1.51769e+06,811466,434823,382554,294843,778490,365920,712980,17405.1,1165.07,20803.7,33156.3,15136.2,6369.31,3671.6,22.7593
2.2052e+06,1.66095e+06,796606,517312,328307,243015,810585,418286,742045,5098.45,622.18,25182.1,43087.9,23729.6,5518.57,8232.69,22.7598
1.31226e+06,988431,796570,510928,349378,271485,772149,415144,738435,7308.29,2201.01,59590,29777.2,15938.3,6875.6,5996.46,22.763
1.73558e+06,1.43456e+06,725903,261850,166080,128247,777003,215008,730718,5013.51,401.948,110845,19828,10370,4970.08,4251.29,22.7748
1.92484e+06,1.55863e+06,740972,505408,411581,313964,786552,413755,732909,11598.7,1176.73,1.09256e+06,44733.8,20329,7461.25,3994.4,22.7754
1.60254e+06,1.1545e+06,832848,572338,508423,379177,804516,453004,758057,7115.63,-253.373,47214.3,44613.3,45814.3,7596.27,4298.38,22.7762
1.00373e+06,618593,973559,600680,400029,232180,1.03376e+06,395113,912164,9195.44,3485.31,287524,47906.9,32456.5,8779.09,5469.91,22.7812
1.74326e+06,1.27602e+06,819699,525736,445217,298207,895787,391107,806536,9191.14,728.84,104596,50494.6,48498.4,10255.4,3935.57,22.7904
2.2472e+06,1.78008e+06,757446,345652,224824,178494,755738,291107,712422,6555.36,809.649,78712.9,51754,26362.9,4920.25,5288.5,22.7914
1.51984e+06,1.09942e+06,829442,602251,554217,412441,806250,470437,768117,11337.7,1489.07,20709.5,35372,20756.6,18721.1,5684.51,22.7926
1.13658e+06,753567,904961,744404,483225,316576,915847,540065,827015,9881.6,3385.7,63520.9,70841.3,36032.6,13039.5,6905.53,22.7934
1.44328e+06,1.08234e+06,800089,749561,607282,463394,786305,617529,728285,5802.48,780.702,254916,43599.4,13551.9,6538.6,9041.24,22.8061
1.97226e+06,1.43075e+06,827090,550953,349369,258480,810978,410340,805604,9795.17,4158.34,58886.1,109313,29647.9,7940.48,6953.36,22.814
1.81406e+06,1.24753e+06,872475,501468,359601,256501,841168,396777,758312,7343.02,2419.9,68220.5,72776.4,33328.1,5949.25,5513.58,22.817
1.61616e+06,1.05653e+06,917808,690972,469082,344867,816110,529671,782719,10336.1,2531.8,127284,85467.2,55469.3,6807.38,5905.64,22.8183
1.58231e+06,1.2528e+06,757808,379263,263726,203085,779159,313093,726805,11224.1,398.694,113589,27166.8,9201.05,6492.81,3472.23,22.8215
2.22917e+06,1.70837e+06,782911,451178,327153,257310,762860,374050,723718,6778.26,708.436,58343.6,57512.4,18845.6,6241.88,3537.61,22.8326
1.43394e+06,1.00236e+06,858339,539302,359213,251952,855431,406912,795211,9788.72,4298.18,34510.5,75033.2,16906.1,7316.69,4531.93,22.8339
1.86979e+06,1.33027e+06,843343,629642,542122,384045,846966,474479,796211,16602.2,3424.48,50075.3,60930.7,27427.7,8855.93,5112.13,22.8361
1.57785e+06,1.25014e+06,757282,525571,343202,272956,754411,423754,744164,7358.03,4839.3,213500,38919.5,12577.9,5784.69,5655.52,22.8391
1.77803e+06,1.32331e+06,806176,397316,236099,175748,806036,322852,738387,4779.45,1548.4,57259.2,44386.6,17718.7,5988.84,3731.38,22.8401
2.20289e+06,1.64479e+06,803590,430498,365747,272151,806348,347007,744361,13683.4,1388.73,52837.5,29320,11635.2,5477.6,4095.92,22.8403
1.65443e+06,1.04927e+06,946043,605576,458763,317427,867154,450982,805677,10107.3,1629.38,105844,87339.4,47420.9,6292.02,4045.78,22.8491
1.30293e+06,848591,921244,761709,642112,438020,879565,554606,824054,9819.08,3057.16,91094.7,45349.3,38885.6,6132.18,5250.61,22.8534
2.07077e+06,1.55843e+06,797251,503036,377494,284433,796309,398283,757806,7670.39,1404.35,30925.3,46755.6,44381.6,6562.9,5116.17,22.8559
1.84148e+06,1.44866e+06,762695,353354,258734,186899,830611,270882,782674,9617.76,1406.57,143003,21322.4,6657.93,5915.22,3370.06,22.8643
2.0666e+06,1.59916e+06,775384,444521,349212,274898,762200,361519,737755,12104.2,2036.11,28520.4,51091,12505.2,9724.28,3333.32,22.8648
1.62672e+06,1.16557e+06,837389,480523,290228,208170,836513,387303,744413,7652.2,2260.95,102873,36323.5,14520.7,7254.35,2967.74,22.8681
1.24451e+06,886111,842674,575471,350100,238926,879184,430323,802380,9263.48,1657.29,105196,29266.3,18056.6,9384.9,4437.92,22.8723
1.49068e+06,941013,950475,455934,367250,221613,994300,302972,902922,6685.77,1655.4,40316.2,33225.6,11653.9,4447.12,4142.62,22.8781
1.6441e+06,1.13325e+06,870468,593268,415583,285016,874862,454738,782782,16718.6,1809.14,59373.3,49589.9,26771.7,8629.23,6610.79,22.8816
1.5738e+06,1.13949e+06,828688,629932,554043,414870,801278,503047,751340,10479.8,4223.27,21995.7,46946.2,28170.9,9886.61,8272.22,22.8842
2.17316e+06,1.7035e+06,765422,470060,401685,312187,772009,379068,744025,12667.1,3435.43,67849.5,37169.4,13204,8497.8,5362.77,22.8845
2.3113e+06,1.79432e+06,772872,410521,290729,224300,777696,337338,730165,5708.03,559.034,31973.2,39797.4,34117.1,4082.31,4462.71,22.8888
1.45836e+06,972510,899749,761752,443461,299257,889124,578585,789946,16510.5,2529.3,42526.5,34305.8,38762.4,13780.2,5247.75,22.8906
1.79852e+06,1.28285e+06,841182,537311,380169,278997,817577,427597,753950,7854.53,1648.06,124828,27047.8,8645.16,6026.27,4159.17,22.8914
1.67262e+06,1.23551e+06,812274,387498,319210,233691,819570,320284,725915,5555.22,-647.745,124222,25425.8,11043.1,5499.95,4422.86,22.8984
1.58494e+06,1.1474e+06,828796,600326,369738,257828,860429,452349,796278,9837.39,1963.76,30914.8,28822.3,24868.2,6376.37,4555.89,22.8992
1.42428e+06,1.02279e+06,835530,636714,382500,272433,842408,500222,763717,5987.49,1771.05,106831,35758.3,20493.9,8200.68,4010.88,22.9011
1.6575e+06,1.23871e+06,802853,419903,305928,226018,812134,346305,727514,7926.45,2190.76,34544.6,27101.6,12848.1,7210.46,3598.32,22.9141
1.80331e+06,1.17491e+06,920907,667151,439312,299993,878645,501994,797401,9471.55,4237.79,102628,77909.2,35942,7869.39,4755.56,22.9149
1.15939e+06,834526,833570,591452,434320,314903,827532,458645,773738,7507.88,1544.94,23293,24499.2,23349.7,6681.58,5477.78,22.9154
2.04641e+06,1.53442e+06,800205,443959,333077,243544,820576,348315,764754,18004,3674.06,25101.6,29301.6,17736.6,9847.2,4365.09,22.9169
1.27489e+06,880540,868712,486039,371222,269964,825047,387802,751990,8437.27,330.168,41728.3,35551.4,15981.6,6240.08,3381.44,22.9174
881074,586494,901364,527893,296383,219346,810727,427933,740152,9090.57,224.594,46631.4,34808.6,30112.1,6374.17,7265.04,22.9175
2.22626e+06,1.37894e+06,968681,857954,580162,382885,909144,646086,796755,12272.9,1687.65,52180.8,120279,49309.4,8690.92,13064.6,22.9181
1.85648e+06,1.38167e+06,806190,453266,383609,293665,783768,360904,753551,4362.91,3120.48,310751,42749.1,12098.2,9531.12,2610.86,22.9252
1.15999e+06,823869,844786,536661,418270,301426,832583,430924,747224,8748.91,1817.38,43474.2,30998.5,15853.8,7051.04,4036.52,22.9314
1.6936e+06,1.35858e+06,747958,513176,405852,328400,741507,439174,701102,8296.15,-294.43,501669,43569.7,10956.9,5629.4,3499.98,22.9319
1.18348e+06,826975,858658,463717,402727,288475,837632,362662,767188,11510,821.392,43141.1,30046.8,9172.03,6875.75,4042.11,22.9325
1.87057e+06,1.38902e+06,808006,514736,468457,368122,763536,434943,710074,12250,3269.12,147965,35266.3,23117.1,10571.7,11550.3,22.9341
1.71303e+06,1.33165e+06,771838,359235,241848,179199,809763,296803,726209,7007.66,1408.95,32035.4,33344.9,8508.48,3352.32,4452.16,22.9373
1.54456e+06,1.11118e+06,834011,447727,271814,194866,836926,357400,751640,8659.98,2431.8,258871,30218.9,12134,6505.19,3826.95,22.9401
1.71963e+06,1.21813e+06,847020,514684,400636,300551,799803,405476,761600,16233.1,3193.89,33451.5,33838.6,16329.9,8409.7,4656.92,22.9426
2.60278e+06,1.68667e+06,925890,665228,573100,395989,868357,475457,839480,16833,3241.51,26240.7,77513.5,62805.1,10703.4,8203.36,22.9447
1.73269e+06,1.26236e+06,823550,601335,485302,344814,844459,468550,770038,8496.23,1384.01,212359,34832.2,13432.6,8734.59,4122.48,22.9451
1.61683e+06,1.14538e+06,846970,462358,321494,220607,874390,359938,770730,9484.64,2034.77,29821.2,30001.8,10783.5,7421.82,5069.45,22.9493
1.77859e+06,1.38720e+06,769284,400301,255650,187319,818870,310513,773495,10905.9,1426.53,59871.5,28218.6,5812.4,4502.82,2893.01,22.9569
1.67118e+06,1.24195e+06,807367,500209,418641,305426,822408,381468,786764,8290.7,857.524,95052,44505.5,18183.9,6653.29,6998.02,22.9602
1.48599e+06,1.00715e+06,885259,499752,353515,243368,871556,374322,801051,13032.4,4552.1,33187.3,28768.5,14857.9,7927.11,3296.44,22.9634
1.44462e+06,925503,936542,878939,448331,312962,859525,672539,784138,6533.85,2674.23,101564,20942.6,17907.1,7378.33,5467.15,22.9642
1.40195e+06,905085,929382,652206,414153,280847,884793,493605,792787,10240.7,4655.25,26230.2,32386.9,15422,8197.38,4772.73,22.9671
1.62049e+06,1.23531e+06,787087,461191,372032,286203,779932,380007,728183,9758.27,599.01,107023,38875.4,23530.4,6984.85,3798.61,22.9698
1.83908e+06,1.27021e+06,868710,500099,324093,232479,836444,388754,771850,11976.3,5382.31,35198.2,30231.3,13257.4,6641.98,7282.44,22.9729
1.42049e+06,1.0418e+06,818097,611929,356831,258541,828102,484817,757311,10773.2,2000.16,253294,24779.1,29472.4,7318.45,5247.68,22.9855
1.70689e+06,1.3101e+06,781720,463203,331874,257215,774157,377326,736556,15638.1,526.399,124497,53697.3,21955.7,8279.53,6824.02,22.9872
1.27804e+06,944849,811582,579548,416308,315891,790731,471977,736749,8566.9,590.725,186709,30703.5,19828,6621.12,5071.19,22.9953
1.59272e+06,1.09892e+06,869614,449847,296084,193316,918964,326919,825611,19655.4,2567.65,52459.1,39353.7,29944.6,13058.5,4015.56,22.9972
1.64098e+06,1.15134e+06,855166,659234,448358,307995,873439,485811,814186,10807.4,2435.17,106355,51213.3,21288.3,11378,4464.4,22.9999
1.82279e+06,1.32763e+06,823778,427074,251298,178830,843140,334071,767036,12455.7,2017.23,104460,29837.9,14624.6,6672.47,10604.4,23.0042
2.06348e+06,1.36913e+06,904289,629520,520713,323604,965463,418682,902145,10986,3955.19,62930.5,66044.4,20399.4,14055.9,5861.31,23.0054
1.49631e+06,1.05568e+06,850437,504407,352190,231522,912718,360605,839268,10446.4,2464.68,48053.9,49589,18789.6,9416.28,3773.49,23.0075
1.82033e+06,1.42191e+06,768122,526801,336975,249980,808805,419008,754354,12149.8,2388.07,28513.9,54598.6,16601.1,7238.21,5526.72,23.0095
2.16167e+06,1.36781e+06,948232,894214,823079,518151,953096,608986,881019,22064.5,646.39,101597,86377.4,66580.9,13169.3,12773.1,23.01
1.15951e+06,819713,848718,415261,266312,186214,858085,314333,792652,5786.89,-27.9901,53831.6,38319.2,8727.11,3778.23,2955.63,23.0137
1.58131e+06,1.20041e+06,790387,434559,245259,189696,775745,359662,724946,4583.03,1886.01,69914.3,47670.4,10575.3,5024.49,3213.66,23.0142
1.22289e+06,885784,828346,685343,501005,326621,920342,490125,838981,15135.8,4299.97,50109.3,35547.1,31573,10157.7,5706.01,23.0198
1.46044e+06,1.04818e+06,835982,482658,340045,245454,831222,383619,754902,9488.35,926.002,24150.4,30725.9,20257.2,4897.6,4939.94,23.0236
1.20271e+06,760751,948569,792840,454713,289515,942361,557357,853500,8616.47,816.249,28678.4,28091.7,25325.9,5969.03,6257.53,23.0298
1.38456e+06,1.03749e+06,800716,403140,297752,228326,782439,330012,732955,8761.13,1143.52,48477.7,37307.5,19170.5,6124.7,4241.49,23.0304
1.83679e+06,1.44451e+06,762939,532708,441076,338398,782054,433348,737571,6065.46,155.392,99641.7,33313.7,14993.3,5486.07,4242.21,23.0331
1.92382e+06,1.40260e+06,822962,514702,298092,219514,814778,410390,752506,8810.3,1197.79,51963.3,51575.6,43175.2,8142.25,7588.27,23.0358
1.91917e+06,1.33349e+06,863526,777053,492844,353405,836735,576236,809099,14374.3,5303.48,67521.6,45366.8,24496.2,8114.33,7325.09,23.0391
1.96318e+06,1.40744e+06,836917,536300,414399,312661,795237,434578,740443,6842.38,1273.84,69021.2,89102.4,29202.2,8595.82,4828.92,23.0416
1.70966e+06,1.16404e+06,881233,701064,407628,272334,898076,531714,791099,9625.88,2262.57,23369.5,28388.6,17858.8,8243.31,4080.78,23.044
1.56413e+06,1.11371e+06,842661,643735,510082,366182,835785,475736,811881,8030.66,715.965,91451.5,76104.6,33579.3,6923.21,7096.8,23.0441
2.02583e+06,1.53103e+06,793906,359914,267650,206730,776809,296535,728240,5625.68,940.036,41362.7,26201.1,26761.6,5595.92,3690.1,23.045
1.66212e+06,1.1913e+06,837130,658182,418431,310075,809670,526008,750767,7993.47,2113.37,47689.7,49194.6,19737.5,5242.17,3552.74,23.049
1.60189e+06,1.11643e+06,860905,633079,373217,256396,873376,467657,812235,15971.7,5230.09,32811.9,55702.7,16654.1,9634.58,5516.04,23.0499
1.33085e+06,968811,824218,399892,312729,241573,776732,338692,708418,4859.66,-198.012,55736.5,24544.2,9521.67,5486.84,2868.78,23.0503
1.55277e+06,1.15419e+06,807204,482557,302152,219494,825952,389787,742802,8950.04,393.418,73508.5,46056.9,14402.3,7402.15,6311.35,23.0506
1.86584e+06,1.38661e+06,807369,509495,374114,283419,792001,398714,766708,8724.14,3891.75,35539.8,46484.5,21448.8,6825.09,6796.9,23.052
2.67256e+06,1.76654e+06,907727,883964,572593,380686,902465,657624,806507,15913.5,3336.79,115025,65992.5,48526.3,12859.1,6386.44,23.0574
1.32093e+06,905037,875718,682201,412250,273391,904749,497378,822957,16520.4,4604.79,55453.1,42255.7,13505,10283,7445.29,23.0584
1.19109e+06,875126,816628,491271,365119,287855,761049,392708,750590,7177.2,645.414,29229.3,38896.6,13530.8,6756.33,4311.46,23.0597
2.20967e+06,1.42578e+06,929878,675010,415661,253314,984536,459450,881502,10171.7,3608.64,73670.2,90220.5,29749.4,12041.7,8229.65,23.0603
2.2362e+06,1.75176e+06,765925,352250,258698,202419,766820,284250,743536,13581.3,2169.09,44324.9,34253,9301.49,6687.06,4186.6,23.0613
1.70577e+06,1.26812e+06,807069,504844,284315,208575,817878,393442,769888,6440.6,271.645,403185,18788.7,10717.1,5059.78,4601.87,23.0616
2.24773e+06,1.7191e+06,784501,410025,235257,180563,781746,330663,744005,6198.06,2524.11,57609.4,36267.4,18510.8,4497.65,3602.75,23.0655
1.27594e+06,840764,910555,821356,719540,487983,884711,603301,816862,8650.9,1650.95,111334,29953.9,15571.6,6138.07,6479.98,23.0709
1.65507e+06,1.27618e+06,778132,466507,341425,263892,776282,381052,734556,10554,2302.22,59177.8,34158.5,23541.5,6390.86,3912.98,23.0721
1.88313e+06,1.07435e+06,1.05169e+06,578760,338709,205203,990363,379637,914706,6709.65,1953.83,59802.9,41364.8,39642.2,7377.4,3540.55,23.0784
1.44544e+06,1.14124e+06,759932,429135,292786,229584,765174,337140,763721,6857.47,-85.483,87230.9,32986.5,17206.2,7420.47,5481.45,23.0864
2.00365e+06,1.58752e+06,757275,429957,292208,229068,765384,350067,736928,6396.68,237.744,74619.5,35784.2,24108.3,4361.02,5401.89,23.0873
1.42898e+06,950920,901639,641614,439546,287282,918010,471835,815896,10831.4,4667.63,63757.2,40683.4,27010.6,5876.52,5629.45,23.088
1.16104e+06,774674,899251,523650,348343,217889,959230,358241,877036,17813.3,1948.66,117225,35475.8,22514.8,8922.42,4961.54,23.0897
1.31956e+06,999001,792526,344331,244278,192373,761889,282373,731652,6922,795.118,49853.1,28458.3,9445.15,4260.95,2700.99,23.0918
1.64229e+06,1.24793e+06,789607,446744,365054,276781,791357,367723,728936,4036.17,535.348,64564,21704,20850.4,6356.07,3367.57,23.0951
2.16663e+06,1.61234e+06,806270,429030,378879,278728,815588,343034,750415,5216.34,509.263,73719.2,46721.3,20527.1,6584.95,4957.33,23.0964
1.05147e+06,694628,908233,583303,442698,308627,860646,454650,769783,9047.53,375.72,201614,36967.8,33991,7845.95,4559.14,23.0997
1.41684e+06,1.06903e+06,795209,480653,409543,309995,792677,405843,710599,4259.94,926.382,53823.2,23170.7,7013.1,3979.55,4277.17,23.1024
1.8493e+06,1.30213e+06,852127,505868,354713,259452,820297,407499,744839,11595.1,2439.95,58979.8,47041,20158.1,7198.77,4537.91,23.1041
2.07995e+06,1.27786e+06,976613,1.23003e+06,1.0462e+06,669540,937543,841116,877427,13227,4078.82,232081,87137.7,35260,13949.2,11293.7,23.11
1.31093e+06,990585,794034,463334,394383,296169,798969,371138,749049,8647.02,1998.59,83912.1,45357,8849.6,7409.58,3485.74,23.1105
1.48192e+06,915291,971445,579489,388107,220507,1.05604e+06,382807,908274,7379.95,1783.06,131154,34546.4,16433.2,5828.17,5229.54,23.1141
1.94814e+06,1.44196e+06,810618,418304,227422,157838,864514,321503,780654,15083,2503.09,52541,36066.4,14654,6075.02,3603.48,23.1191
1.87287e+06,1.417e+06,793030,366071,227630,168722,809484,300557,730785,8520.53,401.215,108053,38779,22445.5,3967.97,5746.18,23.1191
1.21814e+06,826956,883824,464253,433475,306966,847277,358935,776052,7506.07,1047.63,60174.9,26496.6,16049.3,5388.38,4131.9,23.1205
1.96487e+06,1.18179e+06,997576,1.04695e+06,851370,560120,911986,727763,863150,13818.9,1345.08,54952,114196,68919.3,16014.9,12903.2,23.1215
1.3132e+06,926597,850340,643083,342268,244839,838758,515735,748155,7678.29,446.344,280621,21648.4,28735.6,7666.97,3006.12,23.1249
867490,560122,929251,590629,397914,273771,872074,451435,785003,6409.73,661.031,47768.4,36480.7,20779.7,6874.13,3036.32,23.1282
1.35298e+06,961769,844057,657136,384061,286602,804031,536437,735001,6594.82,3743.51,103622,33327.9,15592.5,4970.25,2952.1,23.1284
970411,694715,838108,551411,431095,360126,718241,461218,717332,5827.95,880.825,178597,33994.5,21506.2,5194.92,5631.96,23.1291
1.85684e+06,1.22106e+06,912406,1.0193e+06,860836,569365,907154,716335,853759,18447.1,4618.33,59940.2,63175,48236.7,10589.8,8423.17,23.1302
2.00939e+06,1.46044e+06,825528,407175,357348,269955,794239,332805,734078,8782.44,1735.62,23988.4,41710.9,30497.2,7306.13,5287.64,23.141
1.22718e+06,821903,895859,387367,292723,204063,860683,296432,784059,14494.3,3094.24,62406.3,28111.4,19058.4,8256.08,5054.94,23.1416
1.67683e+06,1.26305e+06,796563,532318,347695,256194,814292,419146,762004,11839.7,1228.07,830988,36488.9,22760.1,4701.51,5139.02,23.1421
1.4314e+06,1.03734e+06,827924,574279,540542,389182,833351,425774,809273,9878.54,2675.05,55491.4,36385.5,14560.9,7270.25,6436.74,23.1458
1.64351e+06,1.3021e+06,757321,422830,300314,227431,792277,341317,743292,4384.29,1523.35,65780.9,22442.1,7735.33,5901.08,4024.16,23.1472
1.7403e+06,1.61606e+06,646125,290332,209172,171308,732616,264594,658364,1610.66,629.439,1.37814e+06,21970.8,2292.9,334.892,597.658,23.1477
2.51023e+06,1.67518e+06,899089,794102,511286,346200,886111,613423,776726,13084.1,2691.23,23690,25736.2,12130.1,2481.41,3300.59,23.1479
1.42994e+06,1.02867e+06,834054,461220,303573,223853,813676,384917,718939,6054.61,968.969,98993.9,29759.8,18006.4,4976.19,4902.1,23.1497
1.84734e+06,1.31037e+06,845870,635436,370361,260761,852184,510140,747367,8557.18,2034.52,59480.1,67106.7,27909.4,4606.17,5118.86,23.1549
2.24325e+06,1.47894e+06,910078,813207,517581,353417,878703,599786,813498,9430.78,433.612,75571.5,51262.7,41231.4,5226.76,6077.14,23.1622
1.70814e+06,1.3034e+06,786318,592423,340383,257264,793853,487019,729857,2564.51,2140.03,795641,79352.2,17786.4,5810.22,3312.88,23.1645
2.14606e+06,1.5013e+06,857678,505806,435011,324316,804790,390350,777466,17102.8,3975.58,35384.1,59008.6,16578.4,9527.13,6113.37,23.1651
1.42524e+06,1.06328e+06,804246,500561,323129,247352,783812,401129,748729,13850.8,624,63666.7,37777,26352.8,9463.98,4210.97,23.1688
1.5842e+06,1.09337e+06,869354,705582,469944,333389,845758,558495,758018,6794.99,1855.72,30556.4,46366.8,47368.2,6965.82,8982,23.1721
2.15011e+06,1.63444e+06,789299,416622,376404,304196,742424,348534,717214,7752.14,-331.924,174981,62810.1,24904,4845.53,2961.55,23.1726
1.81197e+06,1.3632e+06,797520,398753,273568,204668,801984,321888,743277,9529.78,1632.06,28912.3,29469.3,22137,4967.44,6202.46,23.1832
2.04112e+06,1.42907e+06,856975,824010,448695,299959,897514,595078,830826,8131.93,1044.54,142145,49421.8,68038.5,14615.9,11565.2,23.1929
2.14752e+06,1.64662e+06,782518,464010,340128,263693,773919,376725,739017,9018.21,-595.355,29343.3,88190.2,33907.9,9215.4,6686.6,23.2071
1.12702e+06,786802,859443,474449,366851,270892,812539,371042,767217,4481.3,231.569,658619,34982.3,18041.8,5838.54,3510.68,23.2135
2.04406e+06,1.43012e+06,857579,753327,669156,469278,855556,558914,808704,7576.72,2655.82,50660,36011.1,32025,9543.03,6648.61,23.2157
1.64345e+06,1.2437e+06,792851,431380,389768,288940,809375,349661,740225,10319.5,720.841,89803.5,40701.2,11416.5,7260.25,3672.3,23.2241
1.59994e+06,1.16559e+06,823587,753733,666547,476001,840183,566826,797846,12603.5,1698.53,231630,67162.9,34029.8,9036.7,5785.81,23.2269
1.36116e+06,811017,1.007e+06,785237,621240,446955,833963,582899,808274,3442.03,2811.94,1.15672e+06,52500.1,11919.8,6767.34,7517.04,23.2315
2.03222e+06,1.44714e+06,842583,421661,290209,210900,825631,344942,733447,6723.38,1325.42,27119.4,67694.7,29657.7,5150.55,5678.61,23.232
2.16278e+06,1.52246e+06,852348,480742,396726,260049,915348,346616,832174,5925.48,1013.8,42004.9,32879.7,8129.81,8400.77,3956.31,23.2328
1.37141e+06,1.08444e+06,758779,363456,259426,206214,754825,301813,722545,4132.29,916.33,47273.2,26998.3,10098.2,4361.99,2897.24,23.2378
2.1567e+06,1.66758e+06,775987,309913,226228,172597,786438,252137,737488,12866,1884.73,28232.1,19998.1,11670.4,5044.78,4121.31,23.2454
1.36192e+06,952923,857524,677911,569377,389591,876884,509460,798388,12900.9,2320.65,107175,30343.8,19250.6,7631.32,4605.86,23.2581
1.32997e+06,943876,845433,596354,404290,294794,822859,489076,731609,8823.92,1222.35,429357,25138.8,12367.3,7457.12,7081.7,23.2591
1.84739e+06,1.33279e+06,831667,604199,412668,297629,831911,451783,802419,18462.4,2923.73,50377.6,40731.9,22088.9,8806.23,5898.23,23.2591
1.97077e+06,1.54757e+06,764074,470433,378060,287606,788704,394408,715654,12703.1,1112.78,122430,45113.5,20800.7,7307.03,3382.5,23.269
2.12174e+06,1.61187e+06,789792,494713,369341,287814,769958,394967,751525,7814.75,204.829,57644.7,78528.1,49830,6748.39,8126.57,23.2698
1.02633e+06,714499,861862,623560,386641,284382,815750,499593,748881,7725.75,601.59,21566.8,43872.6,57661.5,5463.77,4310.16,23.2698
1.88175e+06,1.24410e+06,907518,490175,402293,283874,850293,370259,794323,15195.4,3947.39,20960.5,36738.2,22330.8,8251.42,5233.69,23.2735
2.0893e+06,1.46346e+06,856589,669669,501129,348970,861614,518229,775336,9093.33,3194.91,57472.2,50499.1,42859.1,10813.9,9017.58,23.2745
1.70719e+06,1.29379e+06,791714,620143,495911,373878,795839,506641,734417,6684.21,1174.78,252563,39871.3,15677.3,5628.54,3925.58,23.2768
1.49173e+06,1.02398e+06,874073,607438,335717,238657,844016,484969,751518,8529.83,2927.46,33919.4,32211,28918.4,6788.86,4415.33,23.2817
1.97749e+06,1.39205e+06,852334,475395,350548,248183,847476,377881,754833,10052.5,2772.85,51589.1,33045.6,13720.9,7591.35,4812.46,23.2906
1.98642e+06,1.49266e+06,798471,414900,316875,247785,767298,328508,757790,6419.28,526.679,74484.6,24215.3,51135.9,6561.54,6149.38,23.2973
1.72351e+06,1.31415e+06,786900,539941,377749,259264,874202,413194,784050,5074.47,-110.633,50608,46025.5,26016.3,6343.4,5882.03,23.3008
1.63737e+06,1.1823e+06,830940,463667,249134,171646,870865,350214,794372,11909.8,4371.19,28794.9,32715,25428,9188.19,6375.87,23.3008
2.05959e+06,1.51037e+06,818180,483475,400819,292292,822778,386038,751442,5745.69,2699.68,34686.1,55059.2,19296.5,6259.32,4441.13,23.3029
1.53599e+06,1.24122e+06,742487,351708,235294,168514,837772,280196,753134,6724.77,606.881,99323,29324.4,14489.6,5271.13,3612.08,23.3105
1.38403e+06,997278,832684,550054,417084,311543,803262,429483,768441,7341.67,921.848,188530,26322.7,23227.1,6222.75,5535.51,23.3147
2.45407e+06,1.63779e+06,899043,758466,598252,425090,844412,555068,819863,6736.1,2843.61,58973.8,46173,41079.8,9145.02,8212.03,23.3209
1.43067e+06,851974,1.00755e+06,643376,507549,292943,1.03955e+06,398701,968209,10858.4,201.815,218846,47391,32788.7,8986.07,6691.7,23.3228
1.59621e+06,1.13248e+06,845684,620234,378288,277349,818366,498992,745785,10263.2,922.255,124891,43167.7,46455.7,7680.68,4831.76,23.3291
1.74988e+06,1.29176e+06,812786,542931,314463,236561,797586,440780,739050,12990.4,3937.44,66253.1,36038.9,44423.3,6614.49,5296.53,23.3309
1.74452e+06,957420,1.09326e+06,603968,450629,283663,953163,385617,939742,18159.4,4949.56,48922.5,82421.1,22453.7,13095.9,8413.96,23.3344
1.21272e+06,813308,894657,476258,403073,304191,795040,388245,736017,10701.1,380.935,49823.7,28048.6,25760.2,6198.68,4482.81,23.3419
1.44903e+06,960167,905487,485839,420471,302606,833700,370155,787518,13919.2,2384.49,57464.1,39095.6,40812.5,6089.5,5582.94,23.3445
1.19206e+06,871992,820236,464030,255166,186114,822612,366905,758828,7494.25,1086.12,237037,21482.8,10608.7,6205.15,4228.74,23.3514
1.55483e+06,1.19358e+06,781594,484388,394553,297781,794986,401268,724286,4872.89,546.58,1.11573e+06,32953.1,21915.6,5055.44,3088.52,23.3525
1.79576e+06,1.26581e+06,851203,674804,486105,334770,871233,521950,775711,14910.9,1687.85,118136,51417.2,32724.3,8022.4,5583.83,23.3557
1.53613e+06,1.08414e+06,850146,585763,311298,219288,851752,460716,762852,5804.92,316.919,53252.5,27679.3,16578.1,5021.45,3675.98,23.3582
1.8637e+06,1.42412e+06,785203,352596,204285,154691,792362,293487,720841,12421.8,2534.94,31019,36882.1,14443,4816.98,3088.22,23.3698
1.70129e+06,1.25104e+06,815936,618440,395086,283523,836094,472788,784843,7616.33,4257.76,36537.2,34834,28341.5,7517.53,5786.43,23.3714
1.9485e+06,1.30872e+06,893316,508428,282490,203489,832939,404444,754262,7227.89,1403.66,29631.1,56235,41849.3,5335.36,7707.92,23.3743
1.8721e+06,1.32531e+06,847543,604587,448541,299902,897375,446310,812781,6344.48,778.01,115016,36971.3,23153.7,4742.62,5302.55,23.3753
2.00976e+06,1.44742e+06,833107,395456,265682,199820,797764,318907,744022,8428.24,1226.15,58099.1,36289.4,17868.1,6220.39,6601.64,23.3756
2.73931e+06,1.71378e+06,959044,607200,523507,341327,920244,438551,830735,9398.68,1255.09,48334.1,88695.3,28927.6,13856.2,4362.48,23.3791
1.84786e+06,1.39160e+06,796718,457057,312148,219743,852309,347632,788863,10109.8,2275.1,129808,33555.5,20120.6,8309.92,4651.8,23.3831
1.17659e+06,850722,829830,550612,440317,324904,813134,448126,737219,5864.37,193.681,45674.1,28539.1,21433.7,6580.91,4083.88,23.3859
1.45857e+06,1.11928e+06,781876,464119,328543,231178,852700,347318,801777,6531.44,1928.16,79168.2,45216,13649.9,5564.74,7845.55,23.3965
1.06951e+06,771384,831891,477300,327839,231985,847914,358583,798644,10767.8,2193.42,56807.3,32858.8,31812.5,5056.82,5035.61,23.4002
2.08456e+06,1.65089e+06,757614,407838,330116,261953,756127,343923,711505,6119.59,909.811,139603,27599.2,8724.37,3943.28,4167.81,23.4034
1.75689e+06,1.20838e+06,872347,698630,566381,397992,853858,521774,803371,16740.9,4156.35,35819.1,56069.9,25062.5,9640.06,9148,23.408
1.67315e+06,1.33312e+06,753038,465983,312281,255042,734658,393333,710822,5121.47,423.93,114655,26911.9,11550,4567.35,4963.24,23.4098
1.46692e+06,1.09338e+06,804979,479194,341291,245636,833650,359031,800812,5645.14,579.853,116945,31604,38515,5912.21,4311.89,23.41
2.03357e+06,1.41713e+06,860993,849892,522197,351864,890453,629178,810478,17729.2,4579.14,104574,33982.5,24622.5,9837.27,4974.92,23.4104
1.19709e+06,846009,848990,394935,222985,164950,811100,315098,752024,8481.98,598.735,60378.7,30386.2,20029,5013.48,2444,23.4112
1.4557e+06,1.11579e+06,782786,394250,245841,190603,773883,329868,717106,5870.26,-253.388,58026.9,27219.8,15280.7,5344.63,3540.87,23.4154
1.49879e+06,1.1507e+06,781501,511436,349112,267712,782435,418963,732431,5828.93,-97.1025,235878,29503.4,11068.2,5855.05,4730.12,23.4179
1.06874e+06,750819,854061,577932,351451,252824,834061,455052,762022,6898.09,1639.57,211735,26663.2,11308.4,7615.92,4347.52,23.418
1.67194e+06,1.2842e+06,781158,368644,313251,259794,723460,316528,698789,4627.14,-114.024,56831.9,63339.1,20178.4,5263.56,3943.26,23.4225
1.99973e+06,1.579e+06,759870,462122,298230,216684,825801,359290,771726,15541,1332.52,27613.1,28966.5,19560.7,6870.57,4440.15,23.4228
1.57908e+06,1.24420e+06,761487,460737,315908,247482,765894,393287,702901,6101.32,-238.404,54223.5,33475.6,10256.6,5006.62,3497.33,23.426
1.11961e+06,771843,870339,519941,446490,327477,818054,392988,793827,6376.36,-41.2643,31276.7,30169.2,34469.1,7205.51,9059.32,23.4286
1.7672e+06,1.21943e+06,869521,696991,504051,366461,825273,565823,739091,4896.48,4612.29,99521.2,59985.6,44183,7421.84,7127.13,23.4391
1.24687e+06,892183,838533,691296,493257,357711,827356,552509,750716,9239.71,2685.69,119993,36965.7,10334.9,6325.72,8473.34,23.4392
1.75391e+06,1.30583e+06,805882,537691,348006,254151,821574,427233,755125,13403.2,3303.42,29789.4,42548.3,17040.7,8065.84,3886.62,23.4484
2.24349e+06,1.61305e+06,834500,358121,296332,221571,802447,295096,728144,9220.97,2244.1,21650.9,44462.5,20953,6604.18,7677.57,23.4491
1.70221e+06,1.29654e+06,787730,481922,438181,347495,756583,391766,738076,9902.46,1204.93,191123,49795.5,10405,6032.65,3322.09,23.4565
1.33446e+06,809640,988932,641135,452674,305911,887854,487268,789465,5737.36,1453.21,53728.7,47347.1,47748.9,6017.5,10389.4,23.4579
1.35654e+06,900699,903661,519319,299459,212528,845420,410263,759492,9119.54,2754.21,32151.7,35835.1,20009.8,6832.09,3059.84,23.4639
1.52434e+06,1.05515e+06,866802,450511,228191,166639,821625,370261,730044,5381.96,2269.04,32874.3,43655.3,25109.1,8688.65,7169.65,23.4704
2.08204e+06,1.50213e+06,831635,518014,348266,269811,774465,433441,717072,9153.37,2381.87,30482.3,33144.1,23543.4,5808.77,3764.26,23.4719
1.06376e+06,821733,776721,297698,166476,135486,737241,258909,689890,1899.83,1348.28,1.11449e+06,16923.7,3776.01,2251.12,1269.63,23.4787
1.71773e+06,1.31254e+06,785229,617940,361690,282668,767736,524793,706496,7127.94,634.383,60379,34947.4,18342,6619.26,1717.01,23.4801
2.25673e+06,1.32496e+06,1.02195e+06,1.08705e+06,619558,372204,998740,730803,892482,9188.38,5315.65,314914,68036.3,20808.2,13763.1,5879,23.4847
1.7968e+06,1.28076e+06,841747,524001,333110,222612,897822,379747,827921,16144.1,4757.19,26615.8,72534.3,32336.9,8748.97,9029.49,23.5039
1.68033e+06,1.29732e+06,777135,450395,292587,216995,809014,358132,754574,14546.8,1703.75,92538.2,33308.2,18537.3,6481.73,3813.38,23.5043
2.2147e+06,1.58918e+06,836170,514997,448206,330833,812869,399674,773126,8044.4,1293.17,79323.6,26058.4,22328.7,7394.58,4896.96,23.5105
1.87434e+06,1.24549e+06,902942,717582,448527,298292,902190,517179,832496,5081.45,827.803,27498,32708.6,23458.2,4917.79,3627.22,23.5167
1.9793e+06,1.55328e+06,764564,359383,231993,175863,791502,292249,737829,14861.4,2211.99,44506.6,28579.2,7714.79,7224.29,3968.27,23.5175
1.72806e+06,1.33746e+06,775233,317649,291695,240326,728248,269754,706531,4452.84,1055.3,54103.7,35410,16392,4239.85,3392.19,23.5262
1.00949e+06,637010,950836,635005,487200,323926,902428,468412,813393,10482.1,1126.59,138680,31848.5,15986,6717.76,5848.66,23.531
1.92094e+06,1.36566e+06,843962,539496,323605,220069,882283,401477,806267,22375.7,4054.29,37292.9,28091.9,14741.6,8569.53,4981.93,23.5326
3.11438e+06,1.88944e+06,988987,669781,564116,385092,878932,493691,814008,19474.4,418.614,125834,158386,43611.6,14262.6,8814.68,23.5349
1.65552e+06,1.27714e+06,777764,477771,304695,218832,835421,372319,769938,19136.1,2353.39,54668.7,36057.8,14929.7,8185.2,3468.26,23.5353
2.40998e+06,1.67055e+06,865578,676393,588971,427739,826164,515909,786642,6139.52,-447.975,165111,56675.6,16952.8,6309.69,2582.02,23.5357
1.07592e+06,787974,819257,540811,468070,356642,787462,449333,722152,5345.81,467.33,115473,36291.2,15648.3,4320.11,2392.39,23.5367
2.09054e+06,1.61116e+06,778524,431116,304392,217403,840076,334459,773398,14981,3237.17,65412.9,32271.1,8566.73,6837.11,4456.99,23.5416
2.83745e+06,1.89785e+06,897051,704343,537989,372558,866424,508915,830406,12027.3,2159.15,108676,153513,62141.9,10524.8,11562.4,23.5422
1.31385e+06,890350,885391,593867,438335,335666,783520,478432,744767,5453.85,-43.3858,101776,39954.6,28399.1,4960.05,10106.4,23.5446
1.56677e+06,917958,1.02408e+06,440375,253112,162872,932434,328679,803900,6731.47,1114.91,27127.4,39596.1,44899.6,7107.62,3861.23,23.5483
1.51205e+06,1.11046e+06,816989,506974,373521,274690,815875,407467,746526,6411.23,487.712,50491.9,36262.1,9412.51,5214.85,4995.74,23.5488
1.12798e+06,725138,933325,745848,506975,347456,875463,577733,774594,6702.84,1526.49,200888,36593.8,24383.9,5230.62,7304.93,23.5509
1.06547e+06,780201,819385,597182,315201,223862,844808,472193,758819,4704.05,1703.36,236207,20123.6,14205.2,5989.6,4149.85,23.555
1.87963e+06,1.25664e+06,897453,484939,319304,206658,927050,342133,850439,4880.76,1304.62,134810,46951.6,11100.2,6913.94,5314.74,23.5583
1.42872e+06,793970,1.07967e+06,851442,547367,339242,968099,578803,882624,10057.6,1224.88,93340.9,43441.8,54193.4,9391.74,7332.83,23.5635
1.54289e+06,1.11879e+06,827445,610176,454075,331254,822466,489255,748292,8094.2,1800.3,30455.4,47832,27563,8873.03,6820.42,23.5686
1.32722e+06,1.08232e+06,735759,426324,294239,235895,748399,359806,710923,5945.85,343.073,60472.7,18634.8,11607.2,6723.38,4829.66,23.5731
2.03638e+06,1.53824e+06,794306,487620,355753,254076,840110,373586,783145,15061.2,3909.81,63307.9,41563.4,13935.1,8907.55,4772.83,23.5733
2.1014e+06,1.48220e+06,850653,498579,310707,220319,846156,380675,785835,8997.78,1774.23,55621.1,49276.5,25769.6,6766.87,8168.55,23.5748
1.82515e+06,1.28544e+06,851923,570134,456484,325172,842294,446823,765584,12748.7,2334.48,26112.2,47204.8,35013.4,8841.24,4622.81,23.5781
1.70866e+06,1.16865e+06,877250,902160,659515,433963,911849,636425,850526,10345.2,4060.57,176501,35373.4,32854.5,10241.7,8559.53,23.5793
2.88132e+06,1.9719e+06,876712,653229,486532,350989,831704,526203,744841,5137.18,688.984,120890,124521,37957.2,9537.47,5728.64,23.5798
1.94731e+06,1.56171e+06,748144,368784,229345,178842,769434,299360,739144,5272.22,-136.514,37399.8,95058.9,25613.9,7537.95,4430.18,23.5833
1.92962e+06,1.50268e+06,770472,498037,303837,236195,771829,415144,719804,6284.99,1935.57,54709.8,33474.7,28023.2,5994.01,4804.83,23.5878
2.34088e+06,1.75708e+06,799355,554127,388301,301011,773994,444942,747235,14908.2,1960.77,100050,34082.4,11316.9,5991.86,4277,23.6115
1.9024e+06,1.38526e+06,823992,294175,211769,158321,802557,239716,736308,10444.3,-117.875,35967.7,45533,21208,8568.16,6055.25,23.6152
1.69004e+06,1.20534e+06,841272,457419,343431,248508,829182,366583,748675,5764.6,1538.6,62666,33584.7,23850.8,6026.86,3018.63,23.6156
881026,570958,925840,599064,474044,363965,781466,482341,745196,4768.41,712.028,37334.6,27892.2,21108.6,5983.6,5031.18,23.6165
1.43498e+06,989522,870105,865154,650023,457736,852050,666680,778623,7440.88,2277.8,238731,46255.2,16713.4,10288.4,5858.16,23.6225
1.20752e+06,843559,858878,691318,451733,314254,862486,521285,795709,10820.6,3173.33,25837.9,42960.9,32618.2,8430.95,7026.09,23.6231
1.69428e+06,1.3865e+06,733190,485267,313059,238620,787173,384970,756319,6583.63,1218.1,61202.9,42486.5,8969.1,5187.43,5235.67,23.6247
1.71156e+06,969519,1.05922e+06,1.06759e+06,668357,413607,969553,725346,883104,14565.1,678.68,92681.5,100297,122539,13871.6,8252.53,23.6255
1.52203e+06,1.04303e+06,875546,735312,444448,290342,918464,522393,844550,15551.4,4845.89,107283,45846.2,25850.1,11506.5,4909.65,23.6293
1.33439e+06,978748,818020,575396,381049,277576,823664,488096,707314,5022.36,1964.34,261617,49714.3,10292.7,5685.3,4200.94,23.6297
765290,516802,888492,518513,319719,229061,837470,406844,764686,7203.42,824.368,56886.8,29134.6,16583.1,5038.17,2542.47,23.6304
1.17925e+06,833084,849311,435348,365678,262126,837027,339341,769752,5019.06,-150.809,36205.8,28595.7,9235.89,3301.61,3520.93,23.6305
1.57987e+06,1.10384e+06,858745,523658,306527,206769,889478,397384,790658,11242.2,1631.34,75319.8,33956.3,38776.6,6963.4,5415.78,23.6324
1.87835e+06,1.32474e+06,850740,544671,441545,318141,832735,425721,767645,5635.34,1040.27,69333.3,90263.5,35422.1,5931.87,8860.64,23.6349
1.38659e+06,941212,883917,410892,257051,180265,855576,298335,826371,15572.3,1202.96,29934.7,52538.3,44134.6,7976.11,5579.28,23.6417
904514,538592,1.00764e+06,652323,513615,326110,944985,453756,862565,20839.2,2685.5,116774,41339.7,19830.8,9564.26,4934.96,23.6457
1.70359e+06,1.18446e+06,862967,507912,368164,263052,839753,392533,776360,13479,4399.64,31128.2,37643,22131.4,7644.99,6747.02,23.6592
2.10308e+06,1.53132e+06,824025,445890,278332,201561,828530,352463,759042,14278.8,751.551,50123.2,118658,49825,7682.25,8731.95,23.6599
1.17277e+06,673022,1.04553e+06,559123,294638,193038,915791,379719,883478,6870.75,906.837,25928.8,17059.8,25517.1,5449.99,2920.64,23.6646
1.29502e+06,941799,825028,642368,332542,257740,774133,516552,746142,4521.61,77.4203,53879.9,28148.2,34388.7,5567.16,3564.37,23.6724
1.34839e+06,957231,845180,643051,595985,424007,843361,486146,793652,15601.7,1789.64,129983,47130.8,18695.5,7500.85,4839.13,23.6754
2.14615e+06,1.48712e+06,865898,477399,352248,252416,837303,385654,742738,7043.79,1438.38,47692.9,37411.1,37797.6,9304.6,5714.94,23.6772
890341,648062,824311,439036,223077,175902,760913,382399,688865,5928.07,-137.919,32626.3,33948.1,20932.5,3353.76,3237.13,23.6785
2.07568e+06,1.49858e+06,831059,700825,540532,385915,840390,533584,788058,16167,1990.17,44621.2,49472.5,19183.8,7697.54,7156.09,23.6819
1.35039e+06,923169,877663,537257,377669,278392,813966,442258,728883,16825.7,2962.18,52704.4,33027.1,24786.7,10170.2,5236.88,23.6882
1.6869e+06,1.23542e+06,819272,504963,309643,221866,837379,401550,754521,16836.1,3584.79,15734.4,34421.6,22179.9,8404.87,4684.17,23.6936
1.85424e+06,1.27846e+06,870221,480653,404087,287903,842132,361478,797813,17807.2,4018.78,34946.7,33062.1,23350.5,7626.04,5385.83,23.697
1.8742e+06,1.16398e+06,966102,901592,757054,477522,951228,601515,899321,23736.5,2524.57,180373,75387,35141.3,12029.7,11395.7,23.704
2.19424e+06,1.63232e+06,806546,557519,444056,323885,822619,417891,800475,12651.7,1773.33,66603.4,58917.6,53786.6,7927.01,8438.38,23.7073
1.35255e+06,1.08455e+06,748264,401093,325137,247325,788768,327939,733843,4475.88,3085.82,1.16503e+06,45701.3,8929.88,4982.1,2745.27,23.716
1.46125e+06,1.06548e+06,822870,501726,296498,211582,840803,387852,776162,18674,258.939,248116,31023,38880.4,14129.9,2924.93,23.7167
1.77952e+06,1.27444e+06,837793,1.01768e+06,686739,454151,907282,729699,836796,9558.01,5144.21,225012,50211,28957.3,12823.6,3104.62,23.7188
1.69255e+06,1.30524e+06,778040,405494,251981,189417,798179,324314,750188,14503.4,662.239,72025.8,34436.2,19733.9,6995.98,3247.64,23.7367
2.0317e+06,1.34020e+06,909578,503725,315437,221745,853513,396400,762449,12322,152.899,26801.5,52206.9,14799.1,9447.97,4925.05,23.7443
1.75063e+06,1.34244e+06,782438,603384,496758,370905,803588,490198,738539,4892.2,648.611,316875,29930,14055.6,10000.6,3541.47,23.7472
1.59085e+06,1.12181e+06,850864,613620,479929,346780,830375,490255,750980,10587.7,348.488,86225.4,45396.8,32007,7530.83,4762.28,23.7537
2.02801e+06,1.54313e+06,788531,417475,327029,247292,793464,327317,765268,10044.5,1143.84,59349.9,44503.3,26294.7,6229.69,4885.24,23.7599
1.65725e+06,1.26513e+06,785969,570344,411829,286853,861408,420340,814118,20603,1306.56,238501,48634.3,22897.7,11535.9,4256.05,23.7605
1.85404e+06,1.35713e+06,819690,329099,195715,148515,790689,273470,722051,5498.43,-73.8073,27889.9,14643.3,16678.5,4230.55,3087.89,23.7615
2.10118e+06,1.58261e+06,796599,426865,318480,242449,788159,340882,751342,5081.25,2777.3,64123.1,51261.1,22424.3,5241.42,6932.22,23.7691
1.67106e+06,918615,1.09147e+06,817415,660266,422586,937464,559828,876071,8144.67,3654.68,52481.8,109234,38194.2,10143.8,6417.69,23.7733
1.52761e+06,1.03201e+06,888136,644684,431702,302487,856306,468209,826149,12828.4,4477.09,41533.2,23251.7,18001.8,8282.49,7136.57,23.7736
1.69458e+06,1.2315e+06,825618,516549,323201,234868,825658,421788,734799,9115.46,2279.86,58691.8,27708.4,11550.4,5860.34,4067.19,23.7824
1.24925e+06,972929,770409,400881,313406,249674,753157,327588,734241,6536.03,725.264,307560,21323.3,28670.6,5788.01,3258.05,23.7847
1.7816e+06,1.23164e+06,867914,616446,363286,255391,853483,478014,773759,6934.22,1737.7,119343,50283,34745.1,8456.07,7158.88,23.7937
1.89495e+06,1.43946e+06,789862,421083,309295,221722,836981,319076,791817,12128.1,2098.11,46355.9,36560.2,18682.9,10503.7,5532.45,23.7944
1.81545e+06,1.44035e+06,756252,455456,283981,225491,755634,390618,699593,7314.67,-560.732,60274.4,123283,22131.6,5476.82,4474.81,23.7972
1.60524e+06,1.13865e+06,845867,460277,294022,208725,845193,370834,744717,10717.3,2321.23,27257.2,33081.4,20247.8,6880.01,5050.24,23.799
2.44507e+06,1.6673e+06,879891,701161,418178,273237,918274,499423,842365,7480.09,2831.44,74081.4,60751.1,70000,8133.15,7180.57,23.8059
1.45572e+06,882277,989974,1.01385e+06,725313,486105,895255,716703,848761,16778.4,3930.62,59865.3,46110.8,27264.3,10191.1,7560.6,23.8114
2.35824e+06,1.55805e+06,908149,578222,364383,258255,846565,441027,786649,7562.99,183.032,46328.1,151265,25423.6,14898,6906,23.8175
1.57611e+06,1.00028e+06,945394,574587,335930,235544,855712,447298,770744,7593.18,3581.48,23991.6,27969.5,27117.1,7069.5,7112.4,23.82
1.98241e+06,1.55382e+06,765500,539521,400741,302125,795845,438480,738261,13232.3,2759.22,76202,41732.7,15540.7,6576.52,4608.26,23.8211
1.41889e+06,1.05513e+06,806856,385663,184277,135643,815128,311608,742593,6439.39,3160.97,25099.7,24970.8,12284.7,7179.34,2200.34,23.826
1.77727e+06,1.16276e+06,917093,1.08466e+06,745615,447989,998615,722479,900780,28545.3,5187.94,122880,110988,58820.3,18255.4,8855.98,23.8321
1.82655e+06,1.34065e+06,817461,597502,372121,253560,880551,451289,794393,15811.2,4025.3,63375.1,39650.1,27438.5,8505.5,4712.27,23.8322
1.20444e+06,848705,851493,514922,278306,202768,823521,399845,772683,9664.67,533.781,88420,42448.6,17647.1,6219.78,5062.42,23.833
1.51678e+06,1.12416e+06,809551,516212,399773,294332,814943,417043,742674,15972.4,381.221,79616.5,34011.1,13311,5942.98,3596.18,23.8388
1.52122e+06,1.12699e+06,809886,552588,335797,231782,869257,430718,769768,12582.1,2038.19,207875,26909.7,12431.8,7793.37,3910.19,23.8434
2.13695e+06,1.67694e+06,764590,400868,262816,201443,782800,329851,729181,7470.04,1036.6,22757.2,70626.1,21794,6360.24,5174.54,23.8442
1.63172e+06,1.23229e+06,794479,363573,307669,240741,766805,296347,736109,13021,2057.2,32108.1,26478.5,12166.2,6625.49,3613.69,23.8449
1.52629e+06,1.00374e+06,912362,642591,433088,282508,919807,451230,854453,14458.3,1098.02,116850,68670.3,25300.1,24490.4,6293.51,23.8475
1.64552e+06,1.30234e+06,758102,387368,252412,192695,785942,321102,723822,5567.21,1691.34,52955,42651.7,17924.2,5267.56,5398.14,23.855
1.20043e+06,952558,756129,443751,352731,263423,803418,349399,762024,4553.65,614.602,22089.3,28102,5356.97,5375.81,3125.78,23.8555
1.76074e+06,1.21633e+06,868552,559712,436693,308411,849566,441321,760959,8237.32,4897.75,26871.7,25972.3,12610.9,6490.15,4666.72,23.8597
1.11257e+06,800266,834151,632961,347018,248197,838893,505994,750555,6235.92,3957.47,25191.4,26324.9,17604.5,5966.58,4811.89,23.8612
2.26305e+06,1.65961e+06,818164,480672,419278,314545,799779,383331,752361,7938.86,1888.56,56105.8,39999.9,14577.4,7904.06,6056.02,23.8616
1.89112e+06,1.51634e+06,748297,316909,259816,200701,776726,261007,728506,6512.07,66.0284,122153,25386.2,17007.3,4767.35,3930.64,23.8644
1.53331e+06,1.22361e+06,751862,355916,277633,224391,742364,305077,699985,5487.46,-529.904,119180,37544,10676.9,5029.14,5356.82,23.8915
1.05862e+06,737667,861056,675478,600723,409088,881066,493406,821406,18751.7,2561.23,41906.5,40596.3,43842.1,8733.3,5373.35,23.8957
902808,614489,881521,568647,394192,279966,844800,423777,805113,8068.58,1158.29,81340.8,34013,26279.6,5883.11,5673.2,23.9076
1.40463e+06,1.00403e+06,839395,573488,404391,260363,931910,405727,848089,4174.14,-394.849,27364.5,38198,30792.5,11081.8,2115.29,23.9099
1.93784e+06,1.2824e+06,906662,563460,501353,361299,832585,437449,772835,6862.65,648.912,46920.4,51647.5,34489.8,7273.45,6903.13,23.9118
1.31598e+06,901537,875821,592478,457480,326966,839500,475208,748065,7066.78,1088.32,59239.7,25661.6,9686.54,5084.1,3933.19,23.9123
2.27022e+06,1.82935e+06,744600,277542,213293,165246,774456,225143,739643,7516.16,457.695,31270.8,31218.6,7970.96,4564.15,7998.77,23.9134
1.29488e+06,988268,786152,549620,431109,329652,784662,444368,742115,6498.7,-141.532,202477,17625,9770.3,7592.23,5161.92,23.9138
2.10039e+06,1.58123e+06,796998,390219,332903,258597,772405,315147,742928,12621,3695.47,28154.8,35994.2,13593.7,5784.74,6993.05,23.9172
1.25879e+06,859072,879175,623512,430040,299372,861885,474775,787967,2180.95,-104.603,108159,39981.1,53463,4188.82,6002.89,23.9206
1.33111e+06,960909,831159,604050,356982,250580,854775,460818,786493,5186.81,2471.06,53858.2,23601.6,17800.9,6424.79,3252.54,23.9294
2.78054e+06,1.98041e+06,842415,531421,417744,305444,820597,403207,790792,13130.8,2013.73,150709,85924.1,36801.3,8135.2,5352.18,23.9298
2.12951e+06,1.35053e+06,946080,953332,648007,425976,912737,688198,831155,11744.8,4629.45,54003.4,46033.7,21406.2,11708.5,6173.24,23.9317
1.68367e+06,1.22249e+06,826350,611625,511531,374562,819407,484926,756765,14853.8,1474.8,54289.6,58791.4,44301.2,6453.48,4927.08,23.9389
1.46072e+06,1.05358e+06,831864,589062,467003,333824,839369,448523,788002,12246,688.833,126610,44241.8,19685.3,6813.57,5765.46,23.941
1.20479e+06,836530,864134,584775,340978,233547,876000,449152,781172,10080.8,1740.39,66382,25906.2,17080.1,6662.77,4763.1,23.9417
2.14077e+06,1.64999e+06,778466,547819,470529,374269,754316,460159,714300,17661.7,2657.12,121380,51189.9,27249,8521.45,4322.31,23.9452
1.82422e+06,1.40298e+06,780148,445948,284091,211266,806824,357516,748410,6326.05,257.022,188515,32395.6,40494.9,10109.8,2727.51,23.9493
2.26168e+06,1.74106e+06,779415,340356,276091,218203,759176,285739,714685,10876.7,2682.62,31916.7,28222,13065.1,5515.12,5351.8,23.9542
2.05666e+06,1.49291e+06,826571,480896,408516,306295,800239,388159,743349,12578.9,2676.23,25476.2,35270.9,11596.4,6858.34,5200.6,23.9546
1.99016e+06,1.38986e+06,859150,780568,655824,472217,833291,600774,779562,8159.51,3012.64,35541.2,57034.9,34473.4,7603.96,12290.4,23.9563
2.13885e+06,1.57424e+06,815190,391846,301994,234064,774133,322758,728433,9093.55,458.987,25622.5,93992.6,29214.4,6014.82,5322.65,23.958
1.7806e+06,1.2652e+06,844419,502665,272561,195580,836162,406123,742629,9203.72,2411.64,33217.1,47972.8,20219.9,5526.57,4147.78,23.9583
1.52152e+06,1.07232e+06,851342,479752,357380,253089,847243,379804,757894,17827.1,1347.06,109859,37805.8,13459,7862.18,3137.82,23.9661
1.10765e+06,808125,822387,466855,239851,175871,818272,383986,729488,3136.88,1898.22,113916,11975.8,4655.28,4028.03,3065.2,23.9666
1.38466e+06,1.01582e+06,817861,576072,377295,270083,838175,429498,804760,13172,1248.78,59775,38884.8,18839.3,8780.84,4992.97,23.9734
1.4263e+06,1.04812e+06,816493,546379,393350,296303,796516,432559,757878,10186.4,729.766,245494,37962.6,17428.2,7947.25,5402.12,23.9767
1.92294e+06,1.33727e+06,862772,497374,400816,283973,846876,396161,753290,9565.95,1251.49,25948.2,35761.1,16226.4,6865.67,4434.67,23.9869
1.16917e+06,833852,841279,538847,399366,287768,832684,426696,757702,5642.54,-278.441,59040.8,42773.5,24786.4,5885.17,4760.99,23.9881
1.1883e+06,781777,911996,801698,615590,439836,839754,645458,745237,7426.79,2502.98,62658,52997.2,14714.4,7867.85,6987.71,23.9889
1.89752e+06,1.25529e+06,906975,575166,460058,312062,884551,426781,808611,10890.2,4137.28,61693.1,28059.3,27592.7,9176.68,5618.55,23.9935
1.55451e+06,1.15329e+06,808732,429241,401884,304901,790848,354057,727410,5424.67,1224.64,217912,25011.1,8341.92,5819.34,4998.4,23.9977
1.4093e+06,1.06604e+06,793196,474860,390671,282149,830775,378749,752255,10096.4,1439.18,33592.5,38378.6,20705.9,4365.44,4402.26,24.0014
1.35304e+06,952918,851934,713989,405068,294175,826178,551764,776407,8761.77,995.552,51183.4,30572.9,42204.4,7374.96,7730.21,24.002
2.81115e+06,1.83978e+06,916789,956436,750234,484245,929572,697309,822966,12119.7,2375.63,62551.8,99313.3,35257.6,11537.8,6971.81,24.0062
1.2441e+06,919468,811841,567236,483440,355018,817041,442761,768680,11141.6,1959.36,59500.5,29836.2,14440.6,7811.34,3692.85,24.0091
1.71572e+06,1.30856e+06,786691,463090,416777,321646,777458,377143,736734,8553.38,-66.5354,109183,50001.4,17390.9,7827.07,3423.73,24.0118
2.54123e+06,1.7961e+06,848918,462820,369517,272317,814162,370715,749071,9139.78,786.43,45447.9,50933.2,34999.2,7852.4,6476.83,24.0131
1.87037e+06,1.37248e+06,817659,492551,373367,269578,831003,389180,759367,7080.59,2019.48,66992.8,47934.5,25825.3,6986.01,6073.27,24.0172
1.90136e+06,1.52219e+06,749456,359536,250254,193443,776209,296798,726829,5514.21,1038.55,239233,26424.2,6453.15,5138.12,3625.86,24.0213
1.43893e+06,1.10502e+06,781305,617010,426225,316892,807009,482532,767215,9171.91,1879.36,64411.3,58302.6,34736,7093.6,5983.43,24.0327
2.06055e+06,1.44697e+06,854427,458929,291059,204568,853679,364254,755948,9185.37,3378.6,15941.1,41858.7,40328.1,8039.3,7801.09,24.0369
1.32155e+06,901919,879157,687888,499054,358312,835675,548102,753022,5735.88,1519.5,213840,38016,26887.1,7814.69,5845.83,24.038
1.56243e+06,1.17579e+06,797305,447036,406126,301777,807469,350061,766213,8083.16,15.4674,39060.4,25785,11813.4,4688.58,4904.26,24.0491
1.69047e+06,1.2617e+06,803902,404649,212704,161075,792317,341162,711654,3538.93,796.464,67876.2,28335.8,30753.3,4915.49,3386.76,24.0502
1.43276e+06,1.05595e+06,814106,454721,287941,219239,788019,385710,707352,6443.19,305.821,124107,21049.5,14305.3,6262.89,2787,24.0545
1.85539e+06,1.2803e+06,869515,610181,407045,275582,886223,466483,784827,13706.9,4655.25,148271,45745.4,41468.4,8693.86,5577.37,24.0622
799265,567196,845491,581696,440392,332346,795060,467540,746498,5811.38,1894.54,174070,37474.9,13188.4,6671.12,4228.92,24.065
1.30826e+06,906268,866144,509533,411159,291322,846814,398685,766820,6252.07,676.574,16922.2,31879.2,27793.7,9053.02,4865.78,24.0692
2.15313e+06,1.4117e+06,915123,822102,470258,316247,892197,600803,821004,7027.9,4506.24,54036.4,97647.1,95776.9,11509.3,6078.48,24.0802
1.5738e+06,1.07428e+06,878985,503402,357530,253521,846154,379645,795588,17307,4968.01,56034.6,35327.1,22677.8,9793.69,4014.4,24.0804
2.34919e+06,1.54934e+06,909750,795560,461865,296229,935488,553282,862735,16679.3,4250.21,69695.3,56055.7,40650.2,10128.4,9959.59,24.0824
1.62173e+06,1.24965e+06,778645,473695,375447,290312,775952,387190,734050,5897.44,97.0058,64309.1,47045.7,18364.2,4490.31,3802.04,24.0844
2.23386e+06,1.53452e+06,873443,602396,446678,304283,880781,442305,817168,23429,4253.33,26094.7,36711.1,23241.8,9027.29,6270.28,24.0878
1.60065e+06,1.04675e+06,917495,612515,428603,290133,886358,463982,792077,14335.1,4441.19,58957.6,35180.6,14309,7382.09,9604.06,24.0888
1.19794e+06,863458,832426,557498,314294,235877,799470,471595,709292,5425.72,1990.29,61968.6,24629.6,6575.22,4182.14,3968.79,24.0928
1.55534e+06,1.12545e+06,829182,684906,568705,371714,917973,479619,856813,11006.6,5444.33,26237.6,50203.6,25442.7,8106.09,6534.21,24.0973
1.69436e+06,1.24349e+06,817553,363134,180605,138109,784620,317588,686047,3880.32,-131.432,67778,19479.6,20262.7,6501.27,4653.07,24.1023
1.35345e+06,968063,838859,720789,574632,441226,781412,577015,749501,8928.05,394.429,66571.9,54254.8,40874.9,6418.49,5621.96,24.1103
2.28687e+06,1.68235e+06,815598,519961,405441,310029,784650,418897,744758,8812.54,-128.819,70025.2,119570,23684.3,5386.05,4935.61,24.1257
1.11308e+06,742654,899274,508747,334716,242912,826759,407703,748703,8698.41,2436.69,23357.1,23288.4,7651.68,7214.01,2975.91,24.131
1.9958e+06,1.52057e+06,787518,392673,252616,189132,801394,315791,746076,6213.92,-34.7729,42529.8,37538.2,29580.5,5552.84,3704.65,24.1344
2.40383e+06,1.61024e+06,895703,765864,677877,477652,851511,573820,800806,12359.3,3493.5,64977.1,47497.3,27712.4,8287.22,6533.43,24.1373
2.00887e+06,1.41455e+06,852091,610409,531511,371341,858797,463031,790974,7540.16,493.247,54212.3,35682.7,49959,7229.3,5443.89,24.1408
1.62176e+06,1.16456e+06,835551,539723,349486,249736,839654,442015,732631,7541.6,458.484,404416,54807.6,24337.2,7728.14,5499.17,24.1481
2.10811e+06,1.55673e+06,812516,397404,334295,251573,797291,320362,744291,9570.11,2634.59,73273.6,41057.8,8057.38,6183.97,3804.89,24.1526
2.20936e+06,1.4286e+06,927914,1.04067e+06,907257,601766,904594,726661,859279,11751.2,3862.94,46225.7,82643.5,51984.8,12710.6,12656.1,24.153
2.34763e+06,1.54759e+06,910174,1.0307e+06,736354,571779,772698,812551,761081,13982.4,3564.73,52368.9,39651.4,20787.1,5963.57,4175.7,24.1531
2.06125e+06,1.55598e+06,794839,349471,266988,206173,776982,295734,709023,4692.42,1523.68,41477.9,20371.7,22947.5,5599.48,3690.94,24.1555
2.25207e+06,1.28707e+06,1.04986e+06,689616,405528,232922,1.04463e+06,446008,927718,11394.5,3185.85,16616.6,37201.2,29009.8,9140.75,7433.57,24.1625
1.37399e+06,998450,825673,387066,252600,185764,815875,299138,776364,4833.16,-65.4046,809882,39826.6,8539.36,6224.3,3667.65,24.1707
1.12029e+06,778359,863581,527100,364999,268101,816855,423823,746208,7353.12,298.391,61685,25526.4,14355.1,5674.82,3509.45,24.1737
1.88097e+06,1.43021e+06,789100,494226,280200,210816,797474,407605,727507,8272.89,3286.81,33258.5,52716.6,18955.3,7212.09,10460.6,24.1784
1.57703e+06,1.26045e+06,750698,395184,289018,227494,762264,331174,715970,6911.29,-630.913,59402.5,28278.4,8879.91,5350.9,3898.02,24.1794
1.72252e+06,1.15131e+06,897684,692420,543362,361652,901466,504708,823153,8420.23,3601.6,65241.5,101362,46962.2,9708.67,5619.13,24.1834
1.33336e+06,760073,1.05255e+06,843494,535152,331952,967282,588113,860543,18739.8,2279.31,60514.4,105265,77694.3,11643.5,4346.11,24.1958
1.7113e+06,1.2807e+06,801732,444186,401447,304999,789734,358356,743706,10123.6,2206.36,46879.3,36612,18941.8,8725.43,4775.09,24.1963
1.96384e+06,1.59134e+06,740446,467346,271077,210427,772933,392977,713547,14455.5,891.837,98104.9,32663.9,9347.47,4976.46,3155.39,24.1999
1.97741e+06,1.47113e+06,806483,526091,419463,281455,894203,389477,810457,19399.8,2142.84,119998,41313.6,25184.7,7922.76,6279.81,24.2002
1.93815e+06,1.40978e+06,824872,734393,498036,348805,856701,566260,778151,4256.97,4983.88,74348.6,60037,32373,8539.26,9533.9,24.2083
1.84911e+06,1.33406e+06,831650,567203,494113,361271,820625,454622,748582,8993.74,27.8818,119333,30629,20723.9,5766.58,4171.44,24.2148
907609,648127,840214,454895,253455,182701,832360,363285,751303,7657.33,-127.818,24831.3,21059.8,13806.3,5268.83,2738.63,24.2174
1.81632e+06,1.33103e+06,818762,562596,393616,294932,800760,461417,731568,8623.59,2945.93,69142.8,41894.8,16305.7,6827.25,4903.9,24.2174
1.11797e+06,797293,841323,476046,310527,218928,851040,360575,792145,6911.15,393.701,108026,41134.9,19994.3,6304.74,4268.57,24.2202
1.6301e+06,1.18792e+06,823339,493889,446838,319201,839918,356581,831040,7689.03,1752.92,423234,46476.9,15496.5,8892.74,6441.17,24.223
1.52508e+06,1.08664e+06,842090,760147,491383,349754,842964,590562,772296,10190.3,2319.55,98060.6,39709.1,33064.1,9708.33,5615.11,24.2248
1.52098e+06,1.08676e+06,839732,432769,237646,173917,819859,362945,715429,11477.7,955.279,131328,42709.8,17312.5,6929.09,3269.22,24.227
1.48734e+06,1.00694e+06,886251,587679,441834,317912,833881,472137,746832,9114.24,2933.81,58960.9,28441,10037.9,8758.76,4034.78,24.2277
1.28917e+06,898462,860915,433603,270570,188230,862466,331877,783910,14918.7,1821.13,49850.2,37141,19814.6,7665.81,6331.6,24.2327
2.44676e+06,1.68997e+06,868689,562472,445128,312596,854382,435518,774901,8755.2,3525.57,46988.9,37565.2,44372.4,11922.6,6536.61,24.2335
2.62489e+06,1.75759e+06,896078,563860,499502,375365,798426,432115,782931,11652.9,2838.11,62799.7,49078,52896.4,8488.8,11785.6,24.2355
1.6953e+06,1.22169e+06,832598,687950,387077,268459,865108,535078,771420,10534.1,423.248,104410,90804.5,34119,6720.28,5424.51,24.2372
1.15989e+06,1.02563e+06,678542,402872,295854,262367,676581,381413,633758,5523.36,855.146,14248.9,10610.2,3369.35,835.346,1443.67,24.2389
1.23111e+06,842020,877254,741622,526760,371781,850113,555320,801291,8732.92,2834.72,55846.4,57687.1,30059.5,9282.91,6268.69,24.2422
1.38284e+06,1.06855e+06,776473,432940,293123,216857,811012,343122,757060,4609.88,906.252,25820.5,25668.5,20567.1,9286.73,3319.22,24.2429
2.23489e+06,1.59487e+06,840781,644688,511232,350157,876004,477148,810676,17582.3,2374.18,258110,42273.2,38559.4,11072.9,5508.36,24.2438
1.5493e+06,1.19352e+06,778854,394095,290019,220275,789973,319551,739967,5288.63,767.892,69200.7,22966.8,7176.95,5816.16,3486.97,24.2522
1.61196e+06,1.24849e+06,774675,368651,210090,159039,792597,298321,741452,6476.18,-152.774,66780,19507.4,21857.9,5312.04,3517.03,24.2529
2.58773e+06,1.7165e+06,904538,818829,627031,394334,954061,551572,890722,12235.7,3029.6,59594.2,75004.1,45089.9,11536.9,6426.02,24.2552
1.87811e+06,1.45456e+06,774716,442379,361407,278414,778855,353128,751646,17043.2,4656.1,51224.7,32796.7,14186.9,7706.91,3997.27,24.2596
1.21528e+06,820437,888756,914629,477280,308967,926857,678678,808598,6941.41,2213.24,95746,27192.5,48946,5838.27,6101.83,24.2629
1.51155e+06,1.08103e+06,838951,627365,400782,301079,798692,530692,709299,12682.7,970.469,108506,44756.4,22331.7,9901.73,5171.83,24.2637
1.18634e+06,916346,776785,507203,357765,275172,780090,424754,716466,9685.15,1107.44,25665.7,42207.6,22649.8,4393.19,5868.4,24.2647
1.30559e+06,863849,906821,689013,500182,340273,881966,526127,785756,13413.6,3390.54,26280.7,34431.3,13370.9,9339.88,6334.1,24.2674
1.14669e+06,807634,851889,515240,418379,299863,837140,401947,769116,10453.7,836.113,81059.7,25998.9,20523.6,7905.38,4561.98,24.2678
2.37715e+06,1.63889e+06,870279,675240,534255,381179,840951,527726,767717,6355.31,3299.82,254372,48579.6,23918.8,8561.97,4704.12,24.2714
1.78709e+06,1.32486e+06,809335,378996,298227,221389,808244,309828,733948,12748.1,1953.74,36562.2,32535.2,11554.2,6219.63,2710.02,24.2771
1.53478e+06,1.10334e+06,834617,826563,999506,819083,732165,545198,909647,7906.44,3608.25,132030,30420.2,14847.1,9099.93,4696.11,24.2874
2.09863e+06,1.43071e+06,880106,638850,444213,284996,935198,455077,842298,11056.6,132.769,96918.3,37450.4,35722.8,8440.68,4803.59,24.2888
1.24508e+06,733158,1.01895e+06,862358,607436,382298,953344,611800,845726,14740.5,1350.5,28720.3,44806.9,36040.4,9304.98,7933.9,24.2904
1.36306e+06,959060,852746,557658,518830,381708,815539,436973,765710,5938.55,1199.78,52939.5,32206.6,16572.7,7669.81,4706.09,24.2936
1.40884e+06,996902,847931,585074,416383,308485,809860,467399,751059,10360.4,858.784,50913.1,35684.4,40961.3,7998.28,6922.54,24.2949
2.25261e+06,1.50844e+06,896004,547694,393622,264496,892919,421941,778820,12503.5,4662.13,31952.2,70622.9,43941.2,8203.46,8067.35,24.2974
1.75896e+06,1.2647e+06,834487,496879,288925,213887,810499,396173,752519,12996.5,2567.26,63239.7,28586.4,10147.3,6236.45,6294.43,24.2995
2.20275e+06,1.62354e+06,814054,349399,346078,271190,765688,289097,725152,9844.54,756.688,33136.5,49234.2,23488,8507.76,3544.15,24.3027
1.79936e+06,1.37542e+06,784936,472611,336596,249512,809410,360336,786950,8949.59,2479.15,25557.4,81624.5,28417.9,8383.84,5551.27,24.3114
1.4173e+06,952274,893000,539183,414700,280331,887593,406806,795243,8676.67,2401.48,23240.6,43282,21435.2,8506.56,5817.99,24.3148
1.15521e+06,743331,932456,578824,458474,308692,891128,427296,812772,8648.26,690.164,43862,36522.4,19990.4,6576.37,7949.22,24.3207
1.78549e+06,1.29037e+06,830222,635080,467732,339468,826703,493952,771427,8448.72,1275.84,60703.4,79224.8,32513.3,6441.92,4464.66,24.3207
2.01899e+06,1.51303e+06,800640,417891,352546,258789,817376,329927,759971,15067.9,2836.98,71313,33046.8,14471,7114.2,4647.33,24.3227
1.87443e+06,1.39828e+06,804314,375790,313355,232331,809247,311103,724756,7871.23,1360.18,30796.7,37838,8212.76,4766.64,3849.55,24.3251
1.90554e+06,1.3255e+06,862562,587362,515016,387286,797886,470899,748393,7615.65,4584.47,30087.7,55692.3,27067.2,10807.4,9553.3,24.348
2.72378e+06,1.78661e+06,914732,606662,512482,345637,889630,444615,818680,33315.7,1198.36,33809.1,38332.4,25154.2,16606.1,5731.84,24.3486
1.16022e+06,774659,898627,393237,242869,165443,880797,281633,837765,5105.88,787.858,76777,21532.7,14890.3,4019.36,6491.22,24.3507
1.85127e+06,1.40175e+06,792414,416595,243420,181661,803982,343300,728100,8816.4,998.395,29429.8,67216,53904.5,5016.13,9997.3,24.3564
2.13085e+06,1.49227e+06,856756,549981,464572,366904,759718,466396,707529,13162.7,-651.787,109677,54271.8,60545.6,7131.37,8971.18,24.359
1.47573e+06,998371,886880,472172,284137,185181,920625,328102,863460,19701.8,4174.76,53249.5,33193.8,26025.8,8471.63,4275.81,24.3605
1.14547e+06,836487,821632,561600,354898,261333,814819,456932,737440,6183.67,296.737,46423.9,26573.1,17766.1,4748.3,3163.74,24.3608
1.9305e+06,1.48396e+06,780550,492583,326023,239808,815710,383970,769721,8120.19,841.323,12625.9,59828.1,42607.3,6636.86,6391.82,24.3613
1.79461e+06,1.35317e+06,795738,493159,321731,236461,816365,392146,754554,15993.6,4441.99,22768,34963.3,23815.2,7271.28,4923.7,24.3645
1.52634e+06,1.11728e+06,819674,586665,476460,343995,831048,457744,768987,12979.2,258.323,120694,39760.5,21787.8,6294.77,5242.59,24.3739
1.40493e+06,1.03407e+06,815185,601040,379162,277126,820916,462029,780523,5036.96,1373.78,60677.6,45951.4,28585.9,6711.16,6005.5,24.3807
1.54571e+06,1.09214e+06,849178,648449,388882,269467,865892,485807,800873,5437.9,3614.31,63144.4,28809.6,44388.9,6281.89,6198.52,24.3809
1.52231e+06,1.09561e+06,833677,520238,360447,257466,839987,400759,778880,10239.6,2103.18,23195.9,37921.6,12025.9,5803.33,3909.69,24.3836
1.7253e+06,1.22141e+06,847530,671941,390867,258536,907109,493361,817180,15312.7,1960.51,114279,28691.3,22741.6,9515.06,5507.25,24.3839
1.36356e+06,980967,834010,483809,269909,209155,774285,403574,719286,8178.51,1552.62,59868.1,21088.3,11871.5,6450.9,2533.21,24.389
1.37288e+06,969489,849650,771364,543743,377497,864235,571147,810331,9547.68,2957.75,42110,34302.2,33893.8,7591.01,10224.8,24.3969
1.21027e+06,797864,910134,727886,519982,362879,859760,563226,775411,10484.6,591.047,43164,55972.2,55361.5,6393.96,5558.63,24.3992
1.7982e+06,1.20615e+06,894517,477250,402620,277290,871189,363850,787001,10385.4,3288.15,50114,40508.9,11331.7,11316.2,3236.11,24.412
1.2243e+06,869193,845131,591840,428919,323968,794373,481942,736819,7760.66,2754.95,31170.8,29869.7,18307.4,4785.2,4154.06,24.4177
1.76416e+06,1.11259e+06,951379,687334,621889,423329,881426,501226,822783,7823.48,2535.61,32661,40450.5,16599.3,9602.09,6681.59,24.4178
2.02136e+06,1.4541e+06,834066,671070,470006,326773,862996,523582,769015,9077.25,3845.98,119714,51290.8,16340.2,9421.97,4765.31,24.4298
1.69595e+06,1.15427e+06,881569,524069,265630,193767,822523,418337,751647,9001.19,711.36,27380.6,34173.2,27912.7,6945.16,5072.32,24.4326
2.01481e+06,1.33749e+06,903849,868629,719545,463178,932097,612809,850473,14223.6,3365.09,26674.9,52812.3,41402.4,14221.3,5955.83,24.4328
1.33847e+06,974529,824073,939533,551376,399202,828717,720614,782277,8604.32,2369.27,130142,36733,45868.7,11512.7,6680.02,24.4339
1.76354e+06,1.28638e+06,822560,493456,359412,247597,870962,363967,813464,12323.5,456.206,202951,40448.3,22655.6,11347.4,3902.38,24.4399
1.97114e+06,1.46642e+06,806508,567993,451392,332739,813958,442162,770749,14596.5,1939.05,107420,48712.5,25006.8,9372.46,10099.4,24.4465
1.83094e+06,1.32532e+06,828906,610511,347608,255374,816702,491362,745492,5686.68,889.847,159971,122269,51135.2,8762.56,5126.17,24.4467
1.56907e+06,1.18748e+06,792810,481365,306242,237872,772454,401567,719230,6367.56,-714.247,35401.2,67524.1,30160.8,4588.91,4746.05,24.4471
1.68039e+06,1.26103e+06,799530,326304,189711,147475,771836,270460,723886,3977.31,626.543,127659,11489.2,17388.9,5197.34,2056.32,24.4559
1.39582e+06,993041,843358,466702,256443,185052,831474,370040,756732,10491.4,3487.54,48715.9,22603.6,13774.2,8226.12,3034.19,24.4627
1.56416e+06,1.10748e+06,847413,613060,456864,319680,857477,460839,798188,19440.9,1465.23,98422.2,61141.6,15882.6,10642.5,5054.82,24.4633
1.68328e+06,1.18257e+06,854044,855350,596673,443134,807890,660791,776660,8969.46,212.858,279866,81215.9,30024.5,7347.67,6356.2,24.4647
1.90982e+06,1.45071e+06,789881,586795,501711,355698,846298,436532,806532,17941.1,2047.05,100693,36546.4,23351.8,9470.51,4638.3,24.465
1.88333e+06,1.31773e+06,857535,660100,484529,339514,856276,523650,756345,7402.13,2724.6,32658.8,69218.2,28601.1,5818.29,8029.14,24.4766
1.448e+06,1.06022e+06,819448,625176,526504,373102,846692,484685,773916,11719.1,1621.43,125948,41290.7,27792.3,7050.67,6301.38,24.4775
1.52709e+06,1.10751e+06,827308,617200,410997,297102,830012,488677,757801,9892.56,3348.31,31500.3,44707.6,20930.1,6649.18,3936.08,24.4796
1.32056e+06,929479,852450,447006,247225,182609,812309,365254,734294,9011.49,2854.55,68663.3,31893.7,17720.7,6098.96,3031.93,24.4833
1.60878e+06,989055,975952,836598,699209,481432,871411,631317,795098,7868.52,1883.31,99464.4,45536.2,44338.9,9419.12,6803.14,24.4845
1.47533e+06,1.07727e+06,821703,467848,423078,311059,816074,359163,781564,6036.2,2432.9,44081.2,25923.4,12147.7,7188.07,4694.27,24.4883
909895,605049,902302,220280,184094,131127,842364,170209,776504,20616,772.424,52160.8,38474.2,11215.9,11775.6,3739.67,24.4892
2.04576e+06,1.24468e+06,986159,782657,470524,312183,904323,568353,826237,18947.6,295.621,95083.9,76452.1,36931.1,13050.9,5277.63,24.4932
2.53706e+06,1.86924e+06,814361,662048,480783,352468,818428,484828,819319,19986,2908.37,61456.8,51517.9,25493,9188.01,5544.18,24.4951
1.83673e+06,1.31582e+06,837525,801040,629907,475108,795491,589402,815443,11227.7,2064.14,288404,39429.7,22004.2,13164.1,5965.44,24.5019
1.22455e+06,868210,846262,428616,253841,187018,814385,355412,723582,9528.39,289.283,26907.7,32076.6,19478.7,4444.98,3408.66,24.5026
959977,731228,787697,517883,286770,219508,783854,419668,740418,7208.75,402.153,152245,26948.5,21687.6,6972.71,6324.79,24.5038
2.69936e+06,1.76548e+06,917380,713458,589409,378609,934065,494507,865660,44596.9,1265.1,75194.2,39686,22700.5,13127.5,7038.49,24.5057
2.20981e+06,1.58711e+06,835408,663144,578451,425944,814826,515288,772163,9231.4,2329.48,295467,74629.1,35645.1,6921.6,8265.41,24.5063
1.45991e+06,1.11186e+06,787821,497870,443228,335641,792325,396627,753157,2921.98,2339.46,235658,27821,10541.8,4542.26,5426.06,24.5113
2.0301e+06,1.5584e+06,781610,424715,290896,214486,813750,331755,768124,11061.4,1781.67,23428.8,34597.6,28565,7600.9,9466.75,24.5121
2.56945e+06,1.78976e+06,861383,408984,372363,258533,864174,289076,848878,7084.69,118.777,24774.6,50516,12934.2,3291.74,3802.14,24.515
1.6826e+06,1.28537e+06,785423,426919,334021,246265,813808,334514,765742,12811.9,1609.42,90304.8,27925.4,18411.1,8135.35,3831.7,24.515
1.86547e+06,1.32393e+06,845427,613808,523152,397152,790356,489369,752571,9365.9,396.249,231180,61874.8,38672.1,7596.91,3829.59,24.5216
1.45448e+06,1.04943e+06,831586,628699,515523,367127,842525,498873,756144,12036.1,75.9912,188056,26072.4,24236.3,8588.08,3620.4,24.5221
1.86546e+06,1.35065e+06,828694,540992,435588,310575,841513,427264,759707,13855.9,2126.72,99985,40492.8,25466.4,6162.75,5105.06,24.529
1.10184e+06,791924,834805,405524,181011,134176,809436,327594,742732,8220.97,1110.36,25970.2,33549.9,17542.9,6333.31,2513.39,24.5298
2.16521e+06,1.67634e+06,774978,314939,216317,163757,792578,250273,755029,13476.9,3393.17,40589.5,24021.8,13072.7,5777.76,7373.79,24.5307
1.55754e+06,1.19516e+06,781922,392516,334326,274461,730871,323884,727142,11273.2,1380.2,33567.9,29442,19459.8,5186.39,5080.6,24.536
1.02603e+06,662610,929080,812972,475685,319557,893147,611540,797631,4403.17,2395.76,108974,34018.6,16570.7,5814.43,8663.84,24.5409
1.06948e+06,808210,793964,421661,257435,201803,765404,345579,732095,4045.15,1016.51,110848,30130.3,10788.5,4954.39,6793.9,24.5411
1.18333e+06,757424,937389,904752,495636,348198,854059,679058,799418,7195.56,1536.04,43617.3,56485.1,32958.2,10466.7,7092.93,24.5451
1.41597e+06,1.01349e+06,838278,520209,273735,194209,845693,423419,737155,7430.69,1941.5,32834.9,34226.9,15444.3,5857.09,3752.31,24.5509
1.08384e+06,802642,810204,514687,435730,348203,750821,436488,707493,3807.07,2898.5,129050,34408,13260.9,4442.99,4613.23,24.5519
1.45934e+06,1.02606e+06,853363,635434,352109,239279,882925,487115,782690,17544.2,2607.04,242064,41940.4,25659.5,11484.7,3874.8,24.5539
1.65422e+06,1.24868e+06,794861,381029,273549,201285,815408,300090,761829,14055.8,1971.87,24296.7,36370.8,16036.8,6230.24,2892.65,24.5568
1.41281e+06,1.06839e+06,793423,612604,431966,259038,1.00055e+06,443271,829204,7322.22,1404.7,52974.1,36002.5,25093,6023.49,3577.06,24.5602
1.35394e+06,1.03704e+06,783351,545922,364952,277278,789717,443513,738543,8119.68,103.084,59844.6,34845.7,27076.3,7399.36,4161.53,24.5629
1.00991e+06,734540,824931,458620,385394,306558,754298,375726,732374,6231.29,-151.166,100761,36675.1,18885.9,5917.25,3287.4,24.5636
1.17195e+06,831257,845911,600663,408539,300679,815232,494562,728722,7284.97,407.596,91576.7,36599.4,22498,7732.75,4040.92,24.5659
1.64806e+06,1.07637e+06,918676,818849,690236,449441,921459,566675,867004,22327.5,3253.85,202637,49010.4,39857.1,12431.7,7208.52,24.5718
940070,681324,827861,480273,366820,269041,818062,402290,716308,4639.29,484.671,26299.4,25169.1,12734.8,3633.95,3488.02,24.5776
1.66908e+06,1.19551e+06,837670,501426,337840,232018,873657,368532,816363,16870.4,3512.79,63154.2,26274.1,14837.9,8624.62,3900.88,24.5777
1.86487e+06,1.41468e+06,790937,414026,280189,222066,757042,345772,718437,6924.22,2819.04,56360.2,76142.4,41289,5561.2,4764.73,24.5792
2.02557e+06,1.37344e+06,884889,419284,344596,226330,913522,295040,852665,16254.2,2855.93,47825.7,43766,18650.1,8799.18,6156.98,24.5812
1.90656e+06,1.48682e+06,769384,391240,300153,235416,764993,322722,727388,8502.04,1525.43,50903.8,39344.7,16500.9,4776.07,4772.72,24.5854
1.29031e+06,908146,852488,528176,374410,296520,757609,413096,767147,6579.73,1512.94,84053.4,30724.7,16478.2,6619.43,4783.5,24.5858
1.7105e+06,1.27582e+06,804426,516092,317568,227798,836447,404126,766234,9053.6,1734.46,69596.7,32264.3,29281.2,6938.55,5607.87,24.5882
1.37974e+06,1.09938e+06,753004,429424,296119,237060,749479,362061,711632,5690.53,121.479,31230.9,31048.7,7646.58,4722.05,5385.85,24.5888
1.85465e+06,1.33911e+06,830997,529323,417812,307159,816149,419661,756787,7487.72,811.799,27136.7,21955.3,24491.9,5033.14,4602.94,24.5907
2.00631e+06,1.28862e+06,934166,707020,429852,288172,894990,544929,778472,8055.92,1952.46,71101.8,58281.4,50238,8374.82,8990.03,24.6044
2.00741e+06,1.40720e+06,855914,523939,430500,323954,797336,423581,742156,6918.13,397.735,25625.4,65086.6,23554.5,11677.4,4609.54,24.6054
2.17792e+06,1.73388e+06,753659,341599,248220,199894,745054,280634,730344,7324.02,2049.72,65756.7,40383.3,8832.19,4826.21,3486.7,24.6095
1.37485e+06,1.03349e+06,798182,525019,353234,263386,804675,417894,753807,7609.97,1033.08,63571.6,26449.5,19080.5,5435.79,3295.42,24.6105
1.24815e+06,984431,760731,441320,261734,205183,765368,362210,731046,6926.23,-355.593,43228.8,29405.7,11993.5,5102.54,5335.59,24.6113
1.66576e+06,1.19293e+06,837817,369940,280546,208844,805996,301469,736274,7757.44,2536.79,29138.4,68653.2,18219.2,6638.41,4786.56,24.6152
1.75184e+06,1.20096e+06,875221,714904,491499,336955,875190,523465,819429,11594.3,2085.36,35110,28699.2,31936.8,6269.3,7284.36,24.6175
1.78427e+06,1.25971e+06,849849,555512,340374,242469,842270,435499,765346,9169.42,2399.49,66319.6,40863.6,32790.9,7920.78,5758.6,24.6206
1.85827e+06,1.24995e+06,892004,591175,305897,206734,887798,434442,816461,26392.1,5043.29,74966.7,50030.6,27457.4,8576.05,5474.36,24.6268
1.73929e+06,1.37855e+06,757010,379456,226293,165341,821186,292764,777670,9452.82,3500.62,27332.1,29270.2,14685.8,7941.87,7049.31,24.6289
2.02146e+06,1.3526e+06,896699,654925,523838,344800,911551,456582,860645,50156.2,3025.45,29118.6,47361.2,28308.8,13631.9,6768.66,24.6335
1.53109e+06,1.15109e+06,798070,503278,434006,330074,788925,405105,745404,8353.85,913.951,56119.8,46964.2,34519.7,5971.92,4252.9,24.6337
1.67968e+06,1.19341e+06,844476,533542,446827,317035,845636,408762,783158,11762.8,2611.98,79812.1,38999.9,12400.2,7556.08,4768.68,24.637
1.10732e+06,750508,885259,585578,468443,350099,802818,465548,754695,8045.29,282.33,45622.2,64411.1,15367.1,5880.33,4846.92,24.6522
2.34987e+06,1.63645e+06,861573,656080,496444,348938,853637,504049,780971,11022.6,181.469,62994.2,93302.1,48495.6,7593.29,12091.9,24.6523
1.96051e+06,1.4581e+06,806741,453489,275001,194290,849248,365288,744874,11787.8,1262.93,374703,31207.7,20981.5,7637.8,3122.95,24.6551
1.39713e+06,956467,876429,496470,254669,183141,834338,397244,749872,13333.8,2288.9,17253.2,45811.2,16927.8,7560.59,3316.84,24.6573
1.67802e+06,1.38442e+06,727247,413832,266431,213481,748820,354283,700849,3305.8,3995.88,1.57338e+06,18946.9,3128.41,3785.6,1975.69,24.6573
1.94299e+06,1.22141e+06,954468,548271,459244,294455,935785,373243,881364,16195.4,2759.61,51249.3,64998.1,17710.8,19391.1,5965.64,24.6599
1.94716e+06,1.53168e+06,762754,462552,352768,274164,772024,374918,740244,12691.7,1755.06,58412.5,33064.8,22379.8,6912.64,4597.03,24.6711
2.16316e+06,1.56566e+06,828976,487492,346053,253289,819742,384927,759872,7817.46,3652.07,37641.1,51142.2,13830.2,7638.3,8591.29,24.6715
1.27997e+06,897947,855265,554518,449580,318034,848174,441708,753237,4543.66,-331.224,82459,19691.4,8310.91,4626.07,4225.83,24.6717
1.22898e+06,889177,829289,530369,367194,266851,825615,416131,764715,10172.3,1404.94,27736.2,28995.3,15833.8,6042.51,3539.99,24.6727
1.76095e+06,1.15692e+06,913263,843380,636992,406294,940686,594883,850635,17623.1,2309.03,138619,43825.9,32801.7,10892.8,6544.3,24.6787
1.61452e+06,1.2952e+06,747924,248362,173376,141833,733437,207199,719200,8125.69,-73.4581,57627.6,26860.6,11794.9,5942.01,5986.45,24.6788
1.1305e+06,686426,988160,349450,170785,106942,958194,248315,844370,10038.2,2222.77,59084.4,20058.1,17354.7,7144.37,2662.81,24.6829
2.01439e+06,1.33043e+06,908453,673485,534245,379330,845034,521942,774206,12300.3,2200.91,22909.7,75513.6,32380.9,18004.2,6476.24,24.6858
2.01308e+06,1.43428e+06,842126,514255,421511,322403,784443,417343,739328,9091,2583.98,23258.5,42805.2,17722.4,6500.04,5796.93,24.6954
1.22428e+06,908127,808880,381031,199182,146741,814423,321789,710462,8282.62,828.916,29574.7,22102.9,18334,4737.61,2915.41,24.6962
1.01674e+06,669235,911553,767632,469603,320474,879204,586089,785852,9329.85,3068.97,51951.5,36880.4,55060.7,8096.19,5307.64,24.6999
1.56471e+06,1.13557e+06,826747,520390,312910,218078,860911,393885,792703,9131.82,203.755,118336,22221.9,30304.7,6402.43,6423.8,24.7029
1.43479e+06,1.04275e+06,825581,513104,271565,193018,844165,409340,752094,7061.29,3244.27,26279.8,29796.3,9543.54,4952.42,2981.29,24.7038
1.87617e+06,1.36853e+06,822563,544892,456587,321273,852708,417192,783656,20205.8,351.002,103742,32483.9,18617,9148.21,3537.27,24.704
1.95275e+06,1.37477e+06,852254,495350,374039,266712,841444,377479,787355,7054.63,-555.971,378672,34505.7,32534,8019.55,2420.26,24.7074
1.61701e+06,1.31915e+06,735479,349237,255585,196135,781866,288750,725688,6822.31,-507.928,137155,39083.4,8486.4,6295.86,3166.04,24.7078
1.3751e+06,947244,871012,605267,461368,300511,921167,431161,842284,9686.18,1954.57,50424.2,52721.1,21032.8,7584.21,3472.49,24.7146
1.97953e+06,1.41794e+06,837638,626861,526000,350349,900817,454705,827166,8896.66,4341.22,55697.9,44462.6,22455.1,6451.26,6687.75,24.7148
1.84703e+06,1.42357e+06,778478,494330,291561,219187,798116,407696,727497,8465.6,3058.48,29381.9,32817.7,11311.6,5528.11,4393.95,24.715
2.2408e+06,1.66948e+06,805327,463425,370841,284143,783074,380092,731546,10895.3,2379.26,52263.3,36191.7,7489.18,4936.83,4231.6,24.7182
2.32131e+06,1.35453e+06,1.02824e+06,997179,569834,341399,1.00147e+06,660314,906096,18614.1,2081.4,51792.6,126881,42134.9,20360.3,7405.73,24.725
1.02986e+06,697505,885893,833084,502467,351748,857091,637223,784420,13728.4,2897.43,71494.7,43612.8,46531,7332.45,6043.48,24.7292
2.29803e+06,1.59557e+06,864153,1.116e+06,831543,507558,982993,767475,872471,25849.3,2908.75,483774,94647.7,24955.9,14136.4,7805.35,24.7344
2.22921e+06,1.6677e+06,802017,322485,303718,223335,815952,246620,784572,10801.5,1488.34,40199.7,24128.6,16159.9,6297.38,3188.71,24.7365
1.52043e+06,1.16848e+06,780720,475640,407803,300071,815414,372745,765628,5014.21,1591.35,466276,34419.7,7535.06,4963.41,4570.16,24.7369
1.45137e+06,902714,964672,946492,660996,449285,882730,701680,809336,18623.2,2491.84,115943,79299.5,42200.9,11571.6,6037.9,24.742
2.23859e+06,1.70823e+06,786282,421923,304542,239197,763910,342205,739772,6157.94,816.056,251796,41000.5,25553,6667.67,5782.4,24.7422
1.39259e+06,978729,853713,741207,471600,344411,821576,575594,772635,9222.86,4878.57,45356,42139.3,35241.3,8282.07,5327.64,24.7431
1.40271e+06,1.00571e+06,836851,597402,390443,280612,834838,459447,780157,8050.18,5193.57,23710.2,37809.3,31287.5,7867.75,6635.79,24.7448
1.10229e+06,768551,860548,579422,460135,334586,825142,448125,775796,5280.14,3559.9,894634,29399.6,38948.7,4824.5,4860.55,24.7502
1.09106e+06,808264,809926,558248,316706,244643,776737,461271,726143,6500.03,450.683,224154,30407.8,11573.8,5163.52,4521.4,24.7628
1.64302e+06,1.25171e+06,787572,562912,414773,303826,819100,435033,776371,8400.4,1858.23,65054.2,33480.1,20084.8,7001.68,5555.48,24.7759
1.16098e+06,813436,856349,604926,304455,219180,833438,489481,741512,13080.7,4163.82,32758.5,27734.6,15924.8,6413.38,3962.88,24.7852
1.52049e+06,1.13117e+06,806508,566448,371398,281479,791671,446836,760612,7125,1120.79,64638.9,37361.9,12819.3,5066.56,4733.07,24.788
1.53869e+06,1.14257e+06,808014,411707,242082,183831,790125,348499,708823,7306.65,852.978,61838.7,29483.6,9064.95,4373.15,5091.75,24.7901
1.44734e+06,1.03729e+06,837187,441728,287639,195840,881248,322328,822258,8152.59,1224.26,49927.1,24508.3,14072.4,5507.3,4418.75,24.7914
1.6088e+06,1.12482e+06,858166,530596,446569,322812,830023,418386,760918,11480.5,1319.92,49462,74499.3,53217.5,10850.4,3544.06,24.7926
806488,554665,872406,550593,340085,243992,836303,430454,767459,4431.08,1288.3,81884.8,24020.4,10208.7,6420.1,4356.67,24.8006
1.5232e+06,1.08756e+06,840338,621432,366231,257414,853639,475422,784270,11236.9,3706.59,49385.9,38958.9,16550.6,7290.75,3065.78,24.8039
1.74558e+06,1.2337e+06,848949,580199,464064,348150,799766,475255,732490,11571.6,1845.81,55284.7,65138.1,24010.1,6631.04,4523.24,24.8059
2.39141e+06,1.47393e+06,973482,1.02809e+06,815783,483062,1.01327e+06,668020,923409,34626.6,4598.18,508804,63149.3,18894.3,19378.1,8810.2,24.8086
1.33492e+06,950038,843072,527187,392097,241477,974246,349935,903917,11159.5,3540.68,58820.3,39876.6,16494.8,7654.72,4967.06,24.8088
2.1333e+06,1.59455e+06,802723,401094,283675,220906,770487,343795,700000,6076.93,-641.353,29383.5,54594.9,22528.9,4681.55,8898.62,24.8109
1.87276e+06,1.27984e+06,877968,691694,517609,370772,837618,514378,806832,12761.6,1805.06,65246.7,112091,76020.7,9870.41,7565.95,24.8165
1.11785e+06,853876,785492,501338,416626,313712,796831,409795,734033,7968.49,543.819,44423.7,34544.7,22581,7272.48,3440.68,24.8187
1.93138e+06,1.32277e+06,876062,529268,355781,254250,839600,421718,753018,7303.3,-6.70135,36921.4,63628.1,51931.1,6570.26,5360.5,24.8292
1.87756e+06,1.38951e+06,810742,548445,457825,305921,897929,394492,834154,7871.59,3464.93,1.29679e+06,31369.6,10821.4,7721.23,4835.99,24.8449
1.52623e+06,1.05875e+06,864925,730150,527313,415212,761991,593366,738313,8225.92,1290.99,144472,22463,17353.1,7432.49,5956.58,24.8501
1.62073e+06,962393,1.01044e+06,961599,616701,393162,941140,673119,857143,26355.8,4846.29,238788,65292.2,39538.6,15079.1,5078.83,24.8528
1.63553e+06,1.22213e+06,802957,456678,331711,247442,804336,360854,759329,18502.8,1826.99,102137,43914.7,121382,10345.6,6118.42,24.8577
2.49035e+06,1.79902e+06,830566,431228,316044,246348,769750,374857,690228,6323.06,-249.657,32522.2,53217.9,19877.2,4329.33,8421.36,24.8628
1.3925e+06,1.06827e+06,782106,433749,358542,284016,757441,356436,730143,7359.04,753.549,46183,32234.7,17704.9,4995.79,4832.5,24.8664
1.66343e+06,1.31928e+06,756512,531969,406741,298296,818130,411447,775753,10294.7,779.234,208971,51600.1,17431.5,9028.12,3743.71,24.8696
2.67747e+06,1.91145e+06,840451,494662,343320,254107,810652,394927,751524,15903.5,1251.24,33443.4,28935.7,14724.5,6400.1,3714.62,24.8698
2.0118e+06,1.49573e+06,807020,589862,458753,324297,848764,458535,771843,5990.12,2763.3,51075,49281.6,31000.7,5993.81,9582.39,24.8707
2.30362e+06,1.57056e+06,880049,486637,348220,252617,827070,386355,755736,10993.4,2658.9,30706,74351.4,28963.5,5992.18,9940.26,24.8727
1.3265e+06,704611,1.12956e+06,465120,367538,204106,1.08043e+06,273522,1.02029e+06,9076.69,-178.562,221530,107115,39187.9,8687.89,4547.69,24.8811
1.72128e+06,1.24768e+06,827748,680448,591019,446705,793837,527170,774453,14980.1,2443.7,277178,37217.3,13317.8,11435.8,6401.67,24.883
1.28321e+06,919718,837132,561892,438081,308259,852687,430197,783676,6824.31,1412.96,124833,33501.8,21039.5,6617.45,4008.22,24.8836
2.34649e+06,1.47618e+06,953743,483580,274859,185086,891019,337813,858901,20911.5,4541.18,87466.4,32980.2,13487.1,7582.38,14516.5,24.8852
1.27132e+06,899052,848440,646693,411599,299577,824361,521239,744411,10716,1739.68,30543.5,22180,18243.8,5297.07,4001.75,24.8896
1.90261e+06,1.51509e+06,753464,303608,209652,164819,763209,258101,705788,8916.67,1164.31,68256.1,40930.2,19425.9,9576.12,3765.06,24.8927
1.55878e+06,1.13259e+06,825776,572202,462022,345614,802090,451483,760430,6452.2,-236.358,214471,49171.3,27165.2,7724.73,5278.59,24.8947
1.81958e+06,1.32576e+06,823486,567318,433833,320419,812374,452179,752779,6247.81,2195.97,50423.6,48982.1,21151.7,7164.27,10191.6,24.8948
2.15417e+06,1.57214e+06,822128,474922,368180,265610,831700,368707,772845,9284.13,2795.21,63414.4,50191,32359.2,6183.02,7762.77,24.9008
1.58631e+06,993701,957818,934804,592451,385586,921897,642354,873167,18119.6,1641.13,192401,68857.7,35399.6,12059.4,7812.62,24.9074
1.95004e+06,1.35953e+06,860608,557237,345610,244000,849861,434377,769705,8310.85,2391.3,51496.9,38062.8,46498.1,8164.59,7180.91,24.9075
2.19755e+06,1.38733e+06,950404,941097,847578,520402,977219,613584,920263,12403.9,4295.6,62090.1,37307.2,28053.8,10500.4,8154.75,24.9087
905666,623433,871625,752998,488923,320932,914069,551204,819658,10149.2,8.40903,262948,75304.9,55417,8596.25,6796.62,24.9134
2.08968e+06,1.56419e+06,801570,435676,329095,225107,877169,321631,812750,20408.4,3021.05,60689,35777.8,13361.1,6943.68,5140.1,24.9153
2.01299e+06,1.28297e+06,941404,571697,472230,287946,983998,391121,877013,9884.94,185.015,222014,53776.2,27871.2,7437.46,7023.31,24.918
2.63991e+06,1.88857e+06,838702,638357,437336,327883,800290,531813,720205,6389.37,257.76,109943,54288.3,32751.9,5909.1,7607.65,24.9197
1.08743e+06,742645,878556,671164,509144,344110,887758,487668,825764,9758.26,1643.64,37010.6,37835.1,33374.2,6971.82,7164.08,24.9213
1.90994e+06,1.41333e+06,810825,648779,417283,287498,870857,494099,787833,14778,2754.43,77752.1,67627.3,18881.8,8773.88,5489.4,24.9254
1.16368e+06,824578,846744,744043,448552,317064,848824,576435,774460,11156.8,1956.09,89981.4,66703.6,16612.8,7504.66,4713.93,24.9266
1.94096e+06,1.38163e+06,842898,614156,491619,334071,882960,464293,793667,8013.63,3477.57,502804,128021,21347,7430.3,5778.49,24.9279
1.88656e+06,1.12061e+06,1.0101e+06,785482,644764,399600,968114,533970,882614,16426.5,3628.92,31663.7,48059.4,19624.3,11371.4,6090.1,24.9328
1.70492e+06,1.39554e+06,733014,346622,187494,153550,732635,312664,665166,3753.21,536.212,1.09142e+06,38975.7,5035.14,3208.07,2278.23,24.9349
1.53237e+06,1.06798e+06,860898,584355,511582,355141,864302,444409,788943,7669.62,-11.4128,70559.3,42633.2,20309.3,11433.6,4929.63,24.9381
1.5049e+06,1.09849e+06,821981,423284,302755,230129,789354,333530,761463,9920.62,1941.59,35933.4,57152.3,14065.8,8257.9,6181.03,24.9392
1.64117e+06,1.21638e+06,809537,541166,354938,283573,750997,456550,711202,7967.38,3531.01,14596.7,45742.9,26634.5,5998.44,5301.31,24.942
1.21663e+06,799282,913295,693277,419061,291051,863892,546267,761471,9633.82,1400.62,1848.47,21592.6,12577.5,6800.08,3555.41,24.9427
1.26699e+06,921015,825389,446040,305581,221196,828897,360932,741481,5131.49,-169.627,59684.6,25286.2,12483.1,4173.24,3493.08,24.9448
1.91236e+06,1.42667e+06,804262,396535,256147,184157,834548,312609,761082,17593.7,3818.41,86229.7,42640,15849.3,7583.15,5382.21,24.9469
1.59586e+06,999001,958472,774671,531976,347490,918547,540792,859485,10820.2,2870.37,49799.6,43812,41704.8,8419.45,4162.57,24.9481
1.61499e+06,1.21078e+06,800304,589100,362977,260526,835948,459780,768758,4677.46,4788.12,308269,53987.6,11547.9,7879.13,2983.72,24.9508
1.34077e+06,868427,926344,882114,693936,465408,894617,610086,867531,17852.5,1871.66,120914,76787.3,45360.2,11231.5,8275.4,24.9545
1.25266e+06,769087,977259,930604,484866,301474,964990,643639,867509,12596.8,1718.6,55984.8,33501.3,53655.3,25917.9,4948.88,24.9557
1.76518e+06,1.34048e+06,790099,392075,325109,254608,766140,330219,712391,10718.4,36.5411,8576.09,47267.6,9027.72,6920.55,10699.3,24.9589
1.44338e+06,1.09742e+06,789149,629283,433523,325284,799652,504013,749127,8866.13,2738.91,151240,48575.9,33574.2,6250.71,8139.54,24.9607
2.11605e+06,1.5078e+06,842044,441216,315071,228274,828139,356047,743524,11582.7,-491.369,25797.5,101189,19861,6602.39,4192.63,24.9653
2.06312e+06,1.54626e+06,800561,446372,309655,215979,860236,347950,769717,4659.88,1279.57,153871,19680.2,13556.5,7756.12,5221.66,24.9664
1.19771e+06,823308,872849,651911,561788,403055,836295,524589,745625,8746.88,1685.57,37451.5,34007.6,40630.3,6902.02,4858.94,24.9673
1.8371e+06,1.33798e+06,823827,536382,446182,315094,849618,410368,784245,8125.25,484.826,71386.8,35119.8,12908,8328.97,5171.31,24.9724
1.23339e+06,895655,826252,445734,314425,229185,823157,349244,765770,5088.68,577.951,116787,28819.9,6553.1,5500.21,7022.52,24.9854
1.37346e+06,1.01135e+06,814829,326748,173529,125615,828863,265474,738486,4668.74,627.937,66108.6,23415.9,10056,4862.06,4294.97,24.9864
2.04717e+06,1.5775e+06,778638,435422,329776,238338,830190,336201,777075,16252.5,2838.39,57655.8,39228.8,8586.85,6207.77,4515.33,24.991
1.13772e+06,648812,1.05213e+06,645092,463152,284186,977851,420572,920307,19037,3414.89,47977.6,63867.5,35534.1,10049.2,7516.97,24.9952
1.7042e+06,1.09942e+06,930056,789295,483636,324215,895028,580660,815584,9917.54,3391.39,100058,56244,26583.6,9578.73,6450.48,24.9979
1.47451e+06,1.11312e+06,794795,386094,326422,255555,766383,322419,718494,8041.53,299.566,91892.9,40586.5,16895.7,4597.99,5223.04,24.9991
1.37257e+06,937606,878348,637655,488159,337452,867962,493288,775598,9883.68,1380.39,28859.8,46828.4,35994.6,7736.13,5433.4,24.9997
2.22419e+06,1.48591e+06,898114,914208,565756,370995,914981,661175,829621,29328.9,2661.38,503418,71199.6,32914.8,11138.5,9226.72,25.0033
2.6651e+06,1.89884e+06,842125,702066,540586,400108,810661,535836,786135,17013.4,2752.32,49718.7,121336,53722.1,8823.82,10961.5,25.0042
1.88164e+06,1.51702e+06,744212,341004,270757,212128,765831,285897,715650,6782.32,133.62,37639.1,20694.9,7243.19,3421.24,3813.6,25.0091
1.57446e+06,1.16738e+06,809227,384198,254170,190945,798669,304654,756659,6055.06,2439.45,26189.3,25730.8,14002.8,5340.94,4050.46,25.0113
2.1191e+06,1.67309e+06,759945,360471,239733,182416,788526,297494,727014,4327.22,672.749,56293.2,59860.1,25682.2,4842.18,5113.31,25.0184
2.83488e+06,1.76659e+06,962828,582831,315952,206842,916502,427263,818462,6401.72,1543.23,107943,31342.9,19843,5185.45,2483.94,25.0217
2.10405e+06,1.63127e+06,773895,374167,280502,214087,786134,304631,736957,11592.2,2406.29,58619.4,48578,19389.1,5222.06,6201.45,25.0241
1.47925e+06,1.05162e+06,843984,683017,440343,338141,781349,533443,768236,11633.9,2959.69,103029,41879.2,17380.9,8015.48,6898.98,25.0257
2.07134e+06,1.43057e+06,868747,498542,364296,258000,847200,396288,754817,9176.52,4042.44,22143.7,63855.5,24475.8,7017.76,3900.44,25.0265
1.69528e+06,1.16653e+06,871960,649324,406610,277549,879001,483766,805337,11132.7,5453.6,35770.4,40898.4,12772.6,8367.89,6394.85,25.0315
1.87447e+06,1.14763e+06,980008,913343,631399,411501,920628,644361,850464,2460.84,1424.46,817194,61800.7,13268.2,8779.84,3692.44,25.0365
1.62312e+06,1.00452e+06,969490,619489,403077,283332,853580,461298,805756,11933.9,3773.43,59943.7,62964.5,69245.5,9663.23,9742.13,25.0371
1.87764e+06,1.17339e+06,960112,780260,409860,256345,959317,560636,835044,18181.6,4161.13,356905,39436.6,31491.1,11988.9,6177.9,25.0424
1.21508e+06,872205,835869,460591,338424,250260,811373,385184,717462,7489.05,717.368,36025.9,43260.8,15754.4,4274.48,6086.93,25.0446
1.85218e+06,1.30877e+06,849126,511906,269737,185665,871689,386256,795181,9984.13,2322.6,31039.1,38745.7,24296.6,7977.8,8106.99,25.0469
943755,669075,846322,519440,419755,313823,802532,403009,773343,5518.37,180.071,55320,30636,24589,4287.58,6520.7,25.0507
1.82466e+06,1.33943e+06,817359,492403,391435,278351,843759,389514,758488,9364.24,3610.96,20358.7,28162.8,12793.3,5777.76,5800.58,25.0512
1.19875e+06,857990,838298,674122,590106,416471,850152,515586,784493,6765.23,-32.2892,96946.2,41829.5,49255.7,6095.42,5062.04,25.0527
1.36564e+06,1.0017e+06,817995,588553,430492,296267,871833,433982,813701,9129.87,2346.24,22854.3,34826.3,17325.9,6836.23,8251.07,25.0561
955697,696598,823169,485553,306626,223135,824502,387121,752560,13705.7,2249.9,28473.1,37763,27468.9,7226.42,3601.56,25.0608
868921,660495,789336,439169,340551,248333,822810,349555,753820,2172.09,1106.02,859873,32965.8,11985.8,6109.11,1003.75,25.0641
1.46565e+06,1.12393e+06,782423,471766,405951,314354,774828,390990,723956,6424.44,-163.465,36651.6,30873.8,7731.96,3980.02,4114.52,25.0647
1.56115e+06,1.16099e+06,806803,510652,269380,195842,825298,410065,747178,11981.1,3205.92,56133.7,18862.8,19414.5,6183.13,3777.72,25.0647
2.04991e+06,1.48932e+06,825842,470099,323581,236860,819677,373807,754560,11704.6,1861.79,28690.8,72669.8,34897.1,7240.36,5319.75,25.0662
2.16164e+06,1.69392e+06,765672,389125,266997,196099,816926,309878,753441,7487.56,671.993,65626,25190.7,17075.2,4862.14,5540.34,25.068
1.91081e+06,1.39369e+06,822627,650282,405700,287336,847162,507983,768076,21452.2,2763.32,129138,51327.3,24540.7,12214.2,6164.4,25.0736
1.43009e+06,1.01422e+06,846027,396356,262810,181023,871081,300648,791002,10533.7,737.195,28439.3,28502.1,6847.51,4991.67,4254.91,25.0831
1.74134e+06,1.26408e+06,826533,459616,275147,200152,824813,369827,745672,9265.72,2474.85,114280,27944.6,10179.6,6633.62,3909.84,25.088
1.23041e+06,875428,843299,639460,363201,245290,888420,491750,780226,10192.2,1820.41,99938.4,33173.8,23332,6240.93,3890.22,25.0914
1.19967e+06,838982,857949,518646,341672,248874,823722,419493,741819,3982.35,652.153,54544.4,39073.6,15334,4371.27,3348.88,25.0946
1.75405e+06,1.30861e+06,804233,425939,314937,218956,863015,317485,804962,15053.1,966.418,67069,48855.8,17734.2,7570.14,4458.65,25.0977
1.28893e+06,987816,782895,429653,271022,214228,759065,369204,698236,5098.06,-373.27,138989,33091.8,14653.2,4412.42,5335.7,25.0983
1.52405e+06,1.06509e+06,858550,479050,264356,188562,841176,379463,757465,14312.2,4578.7,18543.4,30740.5,11617.2,7429.41,3470.11,25.1015
1.66575e+06,1.21235e+06,824390,506225,339616,252697,806379,391053,776711,10307.1,2681.28,27660.8,27175.9,13402.6,6960.48,6405.68,25.1023
1.64737e+06,1.23217e+06,802183,609442,409176,308714,795253,482945,757158,11776.6,3968.31,57531.4,45754.7,9271.68,6494.74,3417.03,25.1026
1.44849e+06,1.07938e+06,805175,537883,392076,285633,823593,420567,767368,8688.5,1465.81,105885,30449.1,22402.9,7907.52,6601.42,25.1159
1.70682e+06,1.00535e+06,1.01864e+06,785028,583794,378656,925052,552423,852638,6939.36,4162.21,53085.7,62811.5,22754.6,11040.8,5536.01,25.1175
2.29549e+06,1.69666e+06,811767,588961,314462,223717,843375,447417,789815,11551,3198.48,52486.4,69905.5,45682.4,8147.12,5885.35,25.1179
1.46499e+06,1.08859e+06,807460,480275,309072,214407,864913,378154,762030,8243.28,1675.73,61350.6,27020.1,9885.07,4928.18,4744.36,25.1241
1.69073e+06,1.17158e+06,865871,363531,286615,204123,842476,286623,760994,8852.38,1906.46,33681.6,27941,10262.6,5784.22,3321.15,25.1253
2.69155e+06,1.84984e+06,873013,984075,725723,464799,936822,716779,823748,8581.68,953.99,25599.3,25974.6,7656.38,2449.85,1975.91,25.1321
1.13459e+06,718328,947696,763174,430995,281452,918796,553392,827450,10863.2,2007.64,32797.6,24456,27174.7,8928.95,4436.25,25.1326
1.14938e+06,857135,804570,628634,343599,244850,841983,494144,763300,9507.57,3305.28,33466.8,43271,21731.7,6252.01,4301.02,25.1332
1.86037e+06,1.40555e+06,794153,437040,364332,287101,761401,358993,730443,10143.8,724.912,78390.7,35935.3,12661.5,6657.06,7317.99,25.1347
1.90437e+06,1.21383e+06,941334,1.12606e+06,774135,510968,909022,804549,839771,6511.67,4386.75,273323,26632.7,40745.7,9406.2,7107.12,25.1375
2.38291e+06,1.4652e+06,975799,487616,332557,206391,966778,326014,897415,18132.7,3288.97,25182.2,43605.8,24112.9,7953.05,4193.03,25.1375
1.22288e+06,873380,840103,720546,455635,309347,883737,544155,794494,7400.95,1733.39,49970.1,34060,23515,5997.09,5469.81,25.1384
1.91317e+06,1.36242e+06,842543,479058,360214,280309,771036,385720,745190,7683.7,1246.73,28451.2,60791.3,43423.2,6045.48,5820.15,25.1423
2.25429e+06,1.63879e+06,825353,446262,399140,296771,806966,352812,758923,10010.7,2982.55,59901.4,50357,19466.4,8031.02,5467.35,25.1515
1.37363e+06,1.05816e+06,778879,650072,376841,249016,907993,485029,804165,8388.22,870.868,28923.4,32117.6,17114.2,6540.32,4943.99,25.1548
1.3619e+06,944287,865353,649340,438846,321522,818941,509670,764424,8591.23,-39.6139,239890,32529.6,46534.7,6852.86,5114.39,25.1553
1.19152e+06,749914,953323,549309,275782,193798,853823,424695,776052,6342.04,1397.83,23777.4,50623.5,16984.2,5600.7,4057.82,25.1581
1.7528e+06,1.16472e+06,902949,864788,579270,389175,893074,631210,822029,15376.3,3390.04,146026,42863.8,15464,10972.4,7303.08,25.1582
1.74207e+06,1.32662e+06,787898,611562,357494,257860,831833,489437,749713,8121.55,3147.56,59775.6,26409.9,12939.2,8278.73,4501.69,25.1647
1.66919e+06,1.29754e+06,771851,450490,300773,221824,813544,355779,759724,6940.09,1468.7,59806.3,26129.6,11441.7,6627.27,4412.31,25.1653
1.21959e+06,861615,849285,650754,550647,404028,817736,509309,766632,7878.6,628.339,103695,58890.6,35571.7,7839.99,8031.02,25.1683
1.6985e+06,1.35102e+06,754319,438252,321621,238608,808744,357156,736237,11619.6,830.105,32212.9,25322.2,11889.1,5011.97,3784.95,25.171
2.02515e+06,1.45972e+06,832412,577984,467078,340050,824134,460495,753082,14453.9,3300.3,54704.4,46353,12744.7,9528.17,5281.15,25.171
1.52962e+06,1.09674e+06,836819,734200,604693,472683,767567,601625,732217,8284.22,1552.85,53376.6,57024.4,29473.2,6104.7,4318.1,25.1805
1.78975e+06,1.31184e+06,818583,416459,344757,262550,787867,339802,735356,4433.36,1031.89,97621.5,34097.9,15867.6,5189.13,3397.66,25.1813
1.58033e+06,1.08956e+06,870259,501323,451514,334429,810063,395677,760200,6541.14,1155.31,53360.9,28110.3,11019.2,6560.5,8614.96,25.1852
1.30633e+06,943350,830864,503520,341108,279073,733373,421809,716229,7782.7,1775.57,869574,46946.2,30253,4269.74,5012.25,25.1864
1.12237e+06,791125,851221,728579,580684,399730,871615,521099,838895,6600.33,2856.98,247714,65807.7,11519.6,6994.35,6049.23,25.1932
1.80096e+06,1.34416e+06,803907,583691,490969,369805,796586,470101,744977,6129.06,940.711,131607,26530.4,9702.48,7053.93,4743.76,25.1973
1.55121e+06,1.21736e+06,764546,380168,314090,238138,791366,306214,744907,9638.19,67.4246,49368.4,30006.1,14108.2,5822.81,3287,25.2025
1.97218e+06,1.44856e+06,816884,596718,461982,311758,889116,457755,782145,14896.2,1890.18,62655.8,52595.9,20398.8,8646.31,3654.72,25.2042
1.61576e+06,1.02174e+06,948829,649629,573386,377615,911064,459586,848106,18492.3,3783.21,24579.5,128057,58848.7,7278.46,5412.7,25.2047
929236,616543,904303,447467,278991,202165,828009,339991,789668,8822.73,2511.41,128707,30072.2,20800.5,6717.48,6631.34,25.2143
1.30259e+06,901142,867295,755510,624420,430204,870870,542210,836034,10775.2,2513.32,47976.5,46884.3,33656.5,10440.9,6360.82,25.2146
1.31818e+06,981862,805517,638838,370575,273107,814132,480033,798492,9053.5,1420,263464,44001.2,17927.5,7060.27,4724.29,25.2152
1.4554e+06,1.04661e+06,834352,538774,320328,220467,871772,426035,758774,5050.06,2054.39,63951.3,23677.2,14263.2,6314.13,3196.21,25.2176
2.1659e+06,1.50116e+06,865687,410262,328762,232315,849093,321922,764649,8180.74,2004.74,35286.4,77723.1,33520.7,6645.85,6913.03,25.2271
2.1397e+06,1.66776e+06,769788,338813,302589,229085,792516,276141,736174,12377.1,673.15,66160.2,30108.7,15153.7,3569.68,2535.29,25.2309
1.42336e+06,1.08061e+06,790309,407273,278967,213330,784607,326305,748882,7187.82,1606.08,49302.9,34232.4,8639.28,9109.58,4111.98,25.2325
1.56543e+06,1.10492e+06,850072,549686,355363,252735,843642,442115,745986,7982.56,1160.3,61716.3,35870.4,14186.6,6464.74,4249.98,25.2367
1.29618e+06,894509,869427,584002,418979,293602,856218,437800,800369,7277.67,659.31,244865,27921.7,22881.7,9184.4,5385.52,25.2461
1.84183e+06,1.33328e+06,828860,455608,318837,236192,809943,371346,736146,4822.37,1187.27,242513,32172.9,23461.5,3852.89,4319.4,25.2508
2.02384e+06,1.54326e+06,786840,356998,308708,241315,767564,290279,737907,10543.7,2344.59,25278,40724.4,22125.5,6119.01,5702.68,25.2583
1.51587e+06,1.04286e+06,872139,647612,355442,241372,883555,480743,808264,16000.8,1623.13,209421,30550.4,16880.1,9663.19,5594.62,25.2612
1.84064e+06,1.10982e+06,995103,1.23149e+06,741656,509970,872588,871331,848004,6355.59,3343.78,190168,51738.7,71135.3,9974.35,5572.07,25.2643
2.06162e+06,1.43958e+06,859258,647189,382607,259758,883762,488364,795131,11551.4,3651.58,43662.4,68316.3,36059.1,8612.64,10533,25.2644
2.76122e+06,1.69667e+06,976464,912312,693142,443943,936798,627285,872629,10733.3,1283.44,105847,116798,60481.7,11652.4,10377.7,25.265
1.4577e+06,1.0361e+06,844151,631368,532607,373304,856042,476513,794985,5795.88,1108.31,227521,38333.9,27663,6397.12,4985.01,25.2765
1.11292e+06,777904,858396,550975,376333,260434,867013,412229,801945,13673.3,1728.77,50261.2,33500.8,26905.2,9111.27,4727.69,25.2773
1.82782e+06,1.08903e+06,1.00704e+06,886392,698456,434677,964103,605415,878463,21475,3508.56,49892.4,49988.1,25970.6,13485.8,6570.57,25.2836
1.96601e+06,1.51203e+06,780149,450399,325661,249020,784663,359258,752215,19872.4,2735.08,120241,27150.7,12304.8,7170.32,4044.15,25.2888
2.02286e+06,1.47906e+06,820598,489309,373261,268980,832614,389966,752848,14965.8,4618.63,162617,30706.1,10954,6933.7,5061.89,25.2902
1.34026e+06,918279,875718,783379,615139,452576,815517,632808,742764,10526.5,2746.36,106097,63097.1,19861.5,8968.47,5688.38,25.2914
1.77162e+06,1.2528e+06,848477,417480,223433,157459,851394,337842,741435,7324.35,3843.4,27432.8,20202.8,21404.1,5711.96,3493.92,25.2955
1.88266e+06,1.32998e+06,849333,672764,546519,379766,863456,501964,804158,19132.6,3619.3,63517.3,37224.1,27201.5,11824.7,5422.02,25.2964
1.91436e+06,1.2959e+06,886345,634258,312407,222822,841228,504667,754070,7202.57,2630.42,64976.1,76978.2,52611.4,7509.87,6411.53,25.2969
2.0182e+06,1.48428e+06,815830,478369,316171,224710,844211,370590,774498,12237.4,4701.59,86328.6,41350.4,11843.7,10388.5,4642.04,25.2989
1.31198e+06,797735,986775,930535,580071,367392,947334,652743,855346,8407.5,3741.33,122602,33889.6,24133.3,10880.2,7089.27,25.3026
2.6829e+06,1.78349e+06,902578,626837,492064,342110,862992,471066,798407,10869.6,1227.33,48782.5,112217,65417.6,9093.97,11804.1,25.3131
1.45448e+06,945847,922654,517554,343153,235055,875930,390808,794590,14015.3,4189.59,63252.6,46569.7,30931.7,7508.02,5296.33,25.3134
2.69702e+06,1.75088e+06,924225,950617,726047,473250,920504,692993,823053,9784.29,627.954,106605,114773,38487,9414.25,10588.2,25.3146
1.62527e+06,972339,1.0029e+06,841532,633192,382789,992493,557995,904881,11259.6,2742.03,56288.6,78377.5,64341.8,14810.2,7058.64,25.3173
2.32692e+06,1.75194e+06,796919,386814,273676,197488,831471,302529,767160,10410,1436.54,31745.7,40129.6,17921.7,6932.69,3765.57,25.318
2.17559e+06,1.67378e+06,779881,349037,296976,228873,778536,280839,745701,16127.5,1212.81,59190.3,42164.5,18447.7,5301.5,3273.17,25.3249
928227,609588,913627,709911,369052,265617,833649,569093,748466,9659.38,2852.77,44197.4,53799.1,24020.6,6637.02,3211.94,25.3254
2.07546e+06,1.38201e+06,901059,556791,402227,272894,884358,411810,811235,19960.6,4297.94,49921.5,40355.9,30977.2,9193.3,7432.64,25.3289
864695,588847,881073,498224,420238,293960,857745,361662,826558,6167.91,1166.23,24437.9,29903.6,26364.2,4882.99,3438.68,25.3299
1.94754e+06,1.43323e+06,815307,379049,345431,261953,791205,312569,727613,8164.54,940.38,53667.7,48034.8,25254.7,5899.56,2740.45,25.3301
1.51774e+06,1.07873e+06,844178,449366,353264,256010,827929,358588,751893,5220.95,882.241,121340,27376,8614.17,5957.78,4036.28,25.3324
1.48849e+06,1.05956e+06,842890,505992,393273,292111,807789,409814,740812,5373.34,116.947,93468.1,25485.7,19411.4,8097.81,8237.11,25.3388
1.59429e+06,1.07777e+06,887552,669886,514118,354116,871101,515005,780442,11719,4327.9,81308.7,53950.3,20736,8910.25,7299.78,25.3403
1.353e+06,1.01714e+06,798121,455669,257222,199123,775065,385053,710036,10227.1,426.23,54352.4,33213.6,18094.8,6888.4,2084.88,25.3447
1.15366e+06,867730,797707,409999,282425,216062,784288,339856,723835,5244.26,280.378,53892.3,19562.2,6006.38,5134.11,2969.08,25.3491
1.10973e+06,723277,920588,599952,340586,236230,865055,465263,773695,8745.91,1301.14,50070.2,30911,32077.3,6741.82,3380.99,25.3494
1.36489e+06,1.11215e+06,736353,456907,313425,254147,739945,400099,685190,3999.03,611.767,1.06955e+06,22923.4,6695.58,5652.72,2842.44,25.3563
2.1674e+06,1.56287e+06,832086,362243,297717,236387,755669,296840,732199,12003,1645.18,18875,34587.8,14145.8,6527.61,8822.93,25.3573
1.82005e+06,1.28106e+06,852447,561875,394456,291514,811878,456510,738483,8046.43,2713.59,56117.3,34514.5,20335.2,8545.48,5650.55,25.3599
1.39107e+06,1.02963e+06,810624,500493,293521,223681,787338,420315,714454,12333.8,999.097,144878,22178.6,12296.2,6280.56,2700.29,25.3631
911358,669781,816409,569248,432053,333689,776867,451471,756525,6334.67,124.898,92560.7,32338.8,29245.1,5626.48,5928.53,25.3855
1.61406e+06,1.37127e+06,706233,200032,133023,112281,710842,180089,666445,1284.41,880.215,1.45187e+06,19003.5,2700.64,762.206,1887.16,25.386
1.19266e+06,856872,835129,423588,385210,288907,800000,338859,750026,7852.34,786.254,25904.5,33996.5,14492.5,6279.42,3141.48,25.3913
1.80832e+06,1.38631e+06,782643,482547,358144,261765,820913,381356,759208,13331.6,1977.36,55918.4,37911,14341.7,7182.75,3312.91,25.3961
1.35414e+06,1.00226e+06,810651,692263,439845,318628,828260,544121,763356,7061.14,4130.01,207872,32411.9,16800.8,7042.71,5024.8,25.4079
1.53471e+06,1.17207e+06,785643,467204,361023,280467,772333,365513,766929,6790.34,1510.79,263680,50125.4,7589.01,6729.36,3563.78,25.4151
1.4723e+06,1.06073e+06,832807,554036,382545,276857,829046,428357,776039,9134.68,3162.5,52574.3,23785.5,14436.3,6418.33,5105.12,25.4218
2.44533e+06,1.75354e+06,836705,541120,386728,281074,825536,407026,797669,6228.38,2705.75,45470.1,51308.8,31782.5,10526.1,6938.64,25.4235
1.79351e+06,1.15297e+06,933336,784747,526502,288316,1.09568e+06,468123,1.00582e+06,23023.6,3013.55,124319,76172,29994.9,10916.3,8396.53,25.4308
1.61029e+06,1.02462e+06,942954,614373,392067,244621,961651,425005,867339,9737.11,973.999,56536.5,165342,28500.8,12442.7,7237.42,25.4378
1.77687e+06,1.32665e+06,803622,611556,441555,309837,855071,466723,786192,17323.4,3538.14,115978,37563.8,25787.9,6193.92,6656.03,25.4422
1.67131e+06,1.22603e+06,817917,639720,490827,346035,851058,490646,782299,7169.46,5329.01,76126.6,50723.1,20151.4,6721.64,5198.03,25.4437
2.16207e+06,1.68454e+06,770087,407211,248730,186972,798185,336276,726566,8312.06,1467.67,60333.5,53218.6,44578,5305.52,6344.96,25.4445
2.2895e+06,1.69582e+06,810053,517988,341358,243286,841869,404791,767786,9405.88,2278.84,58092.3,68261.8,65003.7,6703.14,6555.65,25.4446
1.88643e+06,1.45577e+06,777498,418933,378986,280162,811643,325199,772942,7990.61,1271.53,91842.6,39667.4,11335.6,4805.89,4912.3,25.4482
2.19061e+06,1.65146e+06,795880,363522,301189,227508,794317,294887,739649,6132.36,878.221,28224.1,47030.6,15556.7,5518.66,4521.61,25.4482
1.55345e+06,1.06245e+06,877282,616986,522815,373511,839839,471986,784327,9482.59,2456.28,63378.2,28423.5,20655.5,8890.5,6381.71,25.4495
1.4616e+06,984325,890925,712512,586586,410912,856513,544267,785473,11152,3649.29,95540.2,43783.5,25391.6,8612.16,6771.31,25.4519
2.03262e+06,1.36212e+06,895351,946044,791018,519704,913233,660409,859507,17261,3665.68,45897.8,41593.4,22749.8,10402.7,8057.66,25.4537
1.63624e+06,1.18872e+06,825885,422839,277769,213131,781966,360077,704582,10021.1,4553.91,26536.5,23985,10790.8,4114.8,4884.98,25.4544
1.94741e+06,1.52188e+06,767769,334052,224327,172525,780154,280372,714877,11300.7,1878.88,60258,28153.3,10826.8,5115.63,3634.53,25.4557
2.18927e+06,1.72816e+06,760092,317052,195247,151215,774714,260437,730430,6371.25,932.877,60644.3,38726,12700.7,6317.27,4031.58,25.4616
2.06744e+06,1.47453e+06,841262,635252,497130,353068,844817,498868,764032,11726.5,3400.92,25995.8,46483,30339,8114.77,7786.5,25.4627
1.09234e+06,742018,883272,485958,317129,227659,835799,377329,772733,6546.17,2413.59,26734.8,23320.2,7580.12,4884.16,3657.1,25.4641
1.27315e+06,902902,846041,732069,511794,358433,856719,564961,777472,7663.25,937.471,57113.4,39040.6,18436,7101.59,7351.71,25.4642
1.10137e+06,808431,817411,718449,573772,428954,802565,574529,750300,6344.13,3653.07,101486,42329.8,20427.2,7620.6,5668.85,25.4735
1.44336e+06,822768,1.05256e+06,785487,463888,275331,1.0109e+06,498342,945720,18070.2,4551.91,50721.6,41724.9,22883.8,14874.9,6791.05,25.4753
1.58337e+06,1.11199e+06,854346,539703,369346,278661,795258,423274,765041,1704.46,1669.79,1.28336e+06,18536.9,4833.14,3235.16,2085.93,25.4794
1.80978e+06,1.21895e+06,890825,581016,420334,288599,873879,414280,841483,6037.3,4668.03,249042,32458.6,11274,6716.31,7397.33,25.481
1.74117e+06,1.11722e+06,935091,731424,551651,334470,989597,508027,863840,18334,3281.07,43696,51249.5,29677.1,11084.8,3828.85,25.4847
2.09624e+06,1.54895e+06,811998,443893,309355,226446,819680,344955,772089,8060.85,1891.3,56552.8,36352.9,38521.2,6158.59,5385.9,25.487
1.48858e+06,1.04242e+06,856801,753208,401693,273599,880909,562794,803002,9352.68,-48.1932,111229,31049.3,33766.8,6547.28,6596.44,25.4969
1.51771e+06,1.08778e+06,837141,649360,397520,276145,863720,495602,786147,6630.73,1146.57,1.35704e+06,22733.6,22787.1,7210.32,3986.4,25.5049
2.84249e+06,1.93224e+06,882653,752858,580904,373457,933286,529093,853753,11357.3,2522.83,117963,100490,22194.7,12139.9,8700.68,25.5088
1.41884e+06,1.10867e+06,767858,526839,398147,274469,870364,387888,814934,8339.36,1437.37,103066,29760.3,9452.95,6224.72,6868.5,25.5142
1.31149e+06,949342,828882,528156,288695,217388,796811,414458,764597,12580,1412.4,150958,27226.9,11842.5,7455.3,4505.74,25.5234
1.78519e+06,1.22995e+06,870858,681645,744590,596707,748699,558754,731962,17576.2,3283.52,298213,64086,11989.6,11060.9,5568.56,25.5277
1.55096e+06,1.16427e+06,799283,489677,362879,269123,809026,381169,770802,10245,2417.8,58631,44949.6,9207.77,10077.3,4676.62,25.5279
1.29101e+06,827209,936412,510444,352707,218453,968741,357701,856208,10636.9,600.768,98141,59078.2,26162.2,6244.08,2980.07,25.531
1.89743e+06,1.30676e+06,871206,551762,433445,290901,894005,390027,848806,10117.3,1902.88,131184,52797.9,16047.2,8471.09,3768.33,25.5333
1.75737e+06,1.35106e+06,780438,376596,267427,205104,782315,297198,760293,18151.6,310.438,105600,34484.4,22278.1,6542.06,4083.77,25.5341
2.34121e+06,1.59195e+06,882391,470185,375796,279334,807196,374107,754092,12715.9,2970.06,22080.6,65424.2,48889.7,6895.33,6890.76,25.5349
1.71728e+06,1.30355e+06,790436,351989,201123,152886,789307,291761,723858,6383.29,1049.46,36014.3,25409,10087.7,4237.82,3225.75,25.5405
2.24369e+06,1.53433e+06,877396,767162,634016,432153,880265,555878,828055,10051.8,1300.67,76861.8,94779.4,49301,8985.22,7342.22,25.5429
1.64092e+06,1.01632e+06,968747,993977,567584,335585,1.0148e+06,637752,935138,10530.7,4744.81,239280,65699.6,70027.1,15519.3,5254.84,25.5491
1.33068e+06,1.02688e+06,777504,378207,264964,206251,770800,322099,704517,2649.79,1770.45,100766,17226.1,12413.1,3303.56,2909.1,25.5495
1.42804e+06,1.05603e+06,811359,448658,262416,191954,820247,359305,749209,14016,4400.92,110273,31916.6,13430.8,6892.72,6256.43,25.5497
1.3289e+06,931710,855780,488587,360314,255477,846215,383099,765213,13418.1,1604.62,66055.5,36485.6,20474.9,9043.28,4923.17,25.5529
1.66237e+06,1.14643e+06,870019,594181,382796,270028,850568,446827,797868,8947.02,5453.21,28408.4,60519.7,55323.7,9870.29,5265.94,25.5551
1.17351e+06,796716,883762,627205,510301,333432,918270,468384,803450,13129.4,1864.27,43710.3,28132.4,28047.9,6532.18,6113.59,25.5595
1.76644e+06,1.24096e+06,854066,528756,355625,253679,841121,406001,781410,6252.67,-171.97,230430,25855.5,10257.9,4652.41,4708.25,25.562
1.87085e+06,1.25744e+06,892698,912103,705871,478242,885582,672744,813477,19517.3,1657.25,120531,44995.2,30488.4,10576.5,6489.4,25.564
1.7924e+06,1.17997e+06,911412,1.08236e+06,882436,591906,894503,784439,827874,15029.6,1859.84,104188,86762.9,63463.5,10920,11853.7,25.5712
1.27957e+06,965781,794947,508427,366160,277091,792866,403809,755446,8373.42,1781.55,30281.2,28443.3,11503.1,5762.84,5625.31,25.5713
1.44087e+06,976817,885041,811564,657488,443628,889242,621456,783544,18588.4,1941.53,47929,74580.6,33249.9,9299.52,5157.14,25.5715
1.92701e+06,1.38417e+06,835307,375920,231667,174587,796167,314175,717919,6002.26,2371.68,20384.4,44935.8,22928.2,5373.44,2899.25,25.5744
1.993e+06,1.44588e+06,827041,454616,373493,265377,844442,357653,762665,12863.9,515.725,47326.2,34122.6,19739.2,6798.59,5775.51,25.5746
1.47128e+06,923993,955382,825176,461729,310762,891478,635902,778588,10026.3,1469.56,529580,39613.7,40247.4,9296.35,4443.21,25.5771
794768,483869,985516,827202,478160,328115,874377,642731,772207,8431.06,567.169,253895,60835.8,45070.4,5631.56,5421.02,25.5866
2.10633e+06,1.588e+06,795841,500693,412611,299509,826575,388304,773662,16064.6,2375.99,57696.7,38204.2,15573.9,6944.25,5534.64,25.5904
2.64454e+06,1.76006e+06,901516,688612,472957,325368,872164,517324,798662,12249.8,1916.82,976956,58441.7,15364,13207.8,5034.05,25.5937
1.38135e+06,930058,891138,500526,362318,252929,859493,394034,762157,14194.9,2152.13,19588,33362.9,18813.9,6612.77,6346.75,25.5951
1.55464e+06,1.10373e+06,845117,507665,398021,299740,796733,415825,732518,6323.69,249.161,142568,66684.4,33871,4950.17,5916.32,25.6009
1.99359e+06,1.37981e+06,866898,460664,329564,231637,853655,365033,757188,8063.76,4270.18,25428.6,36477.9,16478.1,6876.49,4126.13,25.6014
1.47671e+06,1.05576e+06,839226,580652,435436,311275,839327,450130,773980,9424.69,592.596,30566.7,44541.3,25836.5,6075.34,4502.06,25.6034
1.40925e+06,1.09133e+06,774787,333096,227568,182052,750010,279817,714245,6257.85,-287.151,98301.9,46623.7,15190.5,6781.38,7197.96,25.6051
1.69316e+06,1.03153e+06,984849,697326,451251,293009,924035,509737,820807,9919.46,3114.33,50826.1,42271.8,37408.2,9405.65,7285.64,25.6093
1.55047e+06,1.13967e+06,816275,599613,429445,318947,807868,486086,740132,5421.53,622.837,171954,33435.3,16587.6,5300.38,5242.79,25.613
2.87192e+06,1.98245e+06,869204,639916,521892,353691,885335,481425,797528,16532.3,1769.9,456838,42166.9,28597.2,12269.2,8165.62,25.6153
1.28645e+06,946545,815462,545214,386099,286468,808674,420430,778081,9753.99,1021.5,61284.2,39930.4,10735.9,6735.86,6581.76,25.6222
2.30013e+06,1.575e+06,876241,614732,482044,349617,827266,482934,763746,8425.71,1828.65,45017.1,50684.3,40592.6,8158.24,7264.33,25.6281
2.32708e+06,1.58958e+06,878376,687922,571287,393476,871139,512640,805153,18657.6,3131.79,17515.8,73644.9,29077.8,7572.25,13176.7,25.6296
1.57321e+06,1.0217e+06,923872,656631,528422,346206,915794,465481,846391,12292.1,3024.05,59928.4,32023.1,19689.2,8617.3,7637.47,25.6396
1.89699e+06,1.37976e+06,824920,435963,374861,276443,813610,342622,763459,6855.43,3340.64,31515.5,31090.4,29440.6,6846.61,6032.26,25.6421
2.099e+06,1.51714e+06,830117,626165,487386,374949,779924,508514,738817,6437.43,1052.56,63958.1,31159.5,13339.9,5387.85,5269.61,25.6422
906376,651652,834534,502930,336620,235932,856061,381640,790687,2963.03,1589.44,221373,23718.9,10891,5995.17,4833.48,25.6426
1.44187e+06,1.00168e+06,863670,630354,383621,268667,856721,475199,795903,11349.1,1898.76,57546.2,48534.2,55970.8,8420.48,4033.81,25.6426
2.07048e+06,1.51297e+06,821091,606683,410653,292103,843510,465945,781229,7952.08,1545.55,51511.9,32518.4,22158.3,8218.67,11788.5,25.6683
1.25475e+06,856416,879069,655002,378848,271046,838637,528760,743251,9111.02,1539.82,63556.5,33450.2,27185,4797.89,3947.93,25.6688
1.80226e+06,1.44446e+06,748627,377651,280626,225919,745293,310419,729950,5277.83,-494.841,90936.4,35887.4,19454.8,5480.57,4026.93,25.6729
1.19898e+06,865448,831234,738491,476847,332781,859749,558312,793632,7050.36,3606.94,230230,34256.8,19082.2,12356.6,7251.68,25.6833
2.13835e+06,1.38942e+06,923415,531885,350637,224667,936418,378772,842541,20081.7,827.419,612052,54837.2,20380.7,10956.9,4707.41,25.6856
1.83915e+06,1.38669e+06,795772,344555,288256,226324,764187,283334,729645,8992.31,2055.82,73540,34267.2,12969.3,5511.33,3679.91,25.6958
2.50517e+06,1.82412e+06,824017,588693,449368,335639,803305,461817,764839,8626.54,2520.01,51331.1,77304.1,27463.4,6471.17,6676.56,25.7126
1.96865e+06,1.2117e+06,974821,979094,683243,451247,908473,700296,838869,6348.11,4047.23,104797,50531.1,57694.9,9259.09,12266.2,25.7144
1.82489e+06,1.25379e+06,873303,671573,451840,308406,879049,525002,767509,12448.6,3286.9,67589.8,39395.9,18965.8,7307.89,5387.5,25.7226
1.26961e+06,795894,957121,757119,559255,393730,852241,556695,816014,7138.23,2853.3,102084,54731.3,18664.9,8412.99,5321.39,25.7235
1.84046e+06,1.41822e+06,778632,430711,318909,241676,791743,351216,735805,8045.33,437.607,289101,37557.1,8912.93,5040.41,3589.95,25.725
1.90292e+06,1.37992e+06,827405,627592,521742,386392,810175,494194,761958,9607.8,645.489,72612.9,49118.6,20704.4,5319.52,3841.36,25.7261
1.69022e+06,1.20339e+06,842727,616468,441099,306319,863998,452026,818273,17067.9,1160.26,52772.8,66735.9,40647,7757.54,5108.99,25.7263
1.43728e+06,1.015e+06,849628,518383,409387,298337,823338,407065,764079,9989.83,1571.75,29457,52330.8,25870.4,6257.78,4514.19,25.7281
1.51115e+06,1.13299e+06,800265,435598,264264,199835,793446,357978,730098,6574.53,615.013,64211.1,17980.8,7233.42,5520.17,7852.11,25.7284
2.22876e+06,1.45853e+06,916855,511696,423303,299953,846739,399119,769239,8835.17,1557.02,53080.3,19025,12961.5,4410.31,4503.49,25.7371
2.14713e+06,1.6707e+06,771101,355309,277438,211019,788853,289312,736870,10807.5,2377.54,31742.2,42595.3,11784.8,6663.9,4258.21,25.7383
1.73256e+06,1.2917e+06,804782,587586,334816,232328,864681,457145,771204,14178.2,3449.21,895314,82460.5,12324.9,9090.68,5692.63,25.7496
1.56898e+06,1.13322e+06,830717,458656,244255,174021,842158,350966,784103,4037.17,410.547,93324.2,50754.4,67738.9,5171.49,3503.73,25.751
1.4865e+06,997447,894180,590586,320245,217005,885450,453393,781555,6000.56,2667.37,36401.5,37332.5,31204.4,9445.89,5057.36,25.7528
2.00197e+06,1.56727e+06,766417,370387,320999,261213,737326,310687,715292,8658.12,1587.18,34252,22827.6,7706.77,5288.14,3951.29,25.7531
1.49357e+06,1.07825e+06,831109,461740,316990,227731,835171,374331,740105,8533,158.524,4093.22,41500.9,28455,4778.83,4320.56,25.7543
2.05743e+06,1.23913e+06,996228,1.06285e+06,685215,483072,851072,805901,791304,12104.5,1341.99,213457,77617.1,15674,10212.8,7068.08,25.7593
1.77278e+06,1.36138e+06,781315,446453,323701,238672,813755,348878,767809,7278.46,2403.03,128190,29909.1,7571.98,7098.42,4130.55,25.7599
1.65538e+06,1.16413e+06,853189,743656,398570,302447,790691,602827,740168,4829.02,2397.62,58287.7,28883.3,25457,5583.53,6618.6,25.7607
1.89721e+06,1.41427e+06,804882,463489,391147,288407,813740,373507,744547,4261.89,2169.82,28678.3,52319.8,29026.3,5963.33,7349.25,25.7642
1.22498e+06,865295,849406,504840,244527,173316,846524,415353,729269,5892.88,2312.1,59087.4,28376,22756.1,3363.82,6088.73,25.7651
2.08753e+06,1.40066e+06,894230,630245,522116,332339,942621,441245,857000,14461.7,2993.05,64899.2,64201.7,22236.4,11405.6,6653.64,25.7695
1.5326e+06,1.05511e+06,871530,631194,538140,378338,853427,472054,802273,9985.86,1254.95,64027.9,28305.7,20806.5,6798.81,5285.09,25.7749
2.00199e+06,1.56916e+06,765504,430409,295738,219337,808995,341088,757123,2960.5,63.1541,108059,27639.4,19516.7,4756.78,7342,25.7758
1.41047e+06,920031,919841,828633,470917,280844,1.00608e+06,548302,906762,12616.2,4363.8,300861,35368.2,33110.6,8452.18,6838.34,25.7819
2.03759e+06,1.5193e+06,804681,491131,379712,297650,765420,397595,741153,8190.42,810.788,67242.6,80943.9,42284.7,5954.72,9106.99,25.7825
1.66398e+06,1.22712e+06,813606,607490,440323,315397,837656,454624,801749,9283.4,2818.86,28640.6,42765.8,27275.4,7356.69,6568.46,25.7853
1.23529e+06,853950,867937,703846,652191,476765,820771,535382,788797,12263.9,3022.2,61603.8,36144.1,16245.3,7045.3,5231.5,25.7869
2.49037e+06,1.66812e+06,895755,622430,540914,378467,857535,441291,846285,13451.6,2703.68,27360.4,21294.8,32712.2,7104,7598.84,25.7898
1.24789e+06,969767,772074,412438,285566,222770,769131,348424,710234,8219.61,736.166,302523,33937.4,15211,5549.17,4705.4,25.7919
1.15445e+06,808214,857036,561457,333359,247391,808499,452737,744083,7549.64,1400.6,52043.8,27179.3,22667.4,5670.1,3404.97,25.7965
2.12285e+06,1.59673e+06,797697,376798,361537,277577,781485,308189,733572,13010,2013.26,68011,27644.4,7702.68,6148.51,3547.28,25.8019
1.71334e+06,1.276e+06,805645,429673,312858,233199,804955,335078,769384,17102.7,3427.52,56131.6,41943.4,26610.5,7325.75,3796.84,25.8066
1.37566e+06,978919,843168,562347,479675,357225,805668,460674,732422,8217.07,612.615,77850.8,31257.6,12044.9,7403.95,2842.49,25.8109
1.45193e+06,971319,896880,667742,361358,247144,877281,504982,793386,12945.7,4409.42,107849,28206,17141.4,8818.44,3625.3,25.8244
1.75529e+06,1.26834e+06,830358,570656,314564,231704,814567,447048,765899,7268.73,2213.99,44325,54016.2,27791.1,6260.18,3500.27,25.8292
2.01208e+06,1.53111e+06,788480,337100,261492,201488,778684,292111,692409,3501.73,509.603,261864,29370.7,28524.4,4590.15,3097.19,25.8355
968078,679651,854625,538694,318116,225878,845013,421227,767322,5398.49,1449.94,78422.2,23291.4,10717.9,5095.4,3743.03,25.8383
1.73704e+06,1.27685e+06,816246,389974,315361,229807,823372,317902,736026,8526.88,241.909,86949.9,26540,8471.86,5694.46,3854.06,25.8385
1.59782e+06,1.19896e+06,799600,566686,388282,268280,868382,427371,795589,12901.7,2561.02,117923,42211.1,30856.5,10127.2,6046.78,25.844
1.67866e+06,1.26771e+06,794499,461933,307512,232007,795265,375052,738990,16329,2540.4,47277.2,40946.2,14274.2,8277.21,3016.77,25.8443
2.03862e+06,1.45241e+06,842168,452420,297095,218163,817082,368598,736445,11923.1,3512.17,39044,28291.7,12849.8,6587.23,4544.85,25.8496
1.37373e+06,944783,872413,681779,351257,242486,869139,525294,778740,7821.34,919.74,103314,29713.5,30599.7,6815.15,4580.47,25.8581
1.35913e+06,962180,847530,584873,387684,263234,883664,434048,808491,10275.9,3760.86,34541.3,42492.4,13615.9,9223.5,6148.69,25.8581
1.479e+06,1.01859e+06,871206,697541,361762,249994,868251,537289,778956,9839.65,2550.24,360592,25729.6,23844.3,11301.4,4139.82,25.8635
1.52906e+06,1.00329e+06,914432,684988,599019,424389,846891,517890,793591,12400.8,746.346,244193,32961.1,65221.8,9791.92,8172.53,25.8675
1.54421e+06,1.16843e+06,792971,447821,365280,269451,813387,366320,733492,8282.74,259.708,132115,28835.1,10427.4,6687.08,7339.56,25.8716
2.23749e+06,1.67312e+06,802390,547996,428381,325879,788724,435165,755570,4768.6,1614.51,124102,32740.8,40172.9,7074.42,7146,25.8754
2.10569e+06,1.53585e+06,822615,636078,563022,416030,811992,523623,728858,9557.91,-43.9198,217681,105290,16510.8,7631.4,4963.56,25.8758
1.24562e+06,838002,891848,608191,361728,252983,857911,469824,776705,7718.46,368.084,443971,44840.2,16347.6,9270.89,7155.94,25.8796
1.39318e+06,989992,844358,550068,457341,365962,749817,448147,736457,8245.96,3535.8,60397,46033.5,14185.7,9283.86,5296.19,25.8825
1.3999e+06,896866,936531,730866,511226,340527,900767,508751,861953,12666.5,3114.67,33326.3,45944.7,52607.5,7981.12,7740.16,25.8915
1.45171e+06,1.08765e+06,800831,637632,517332,398521,778878,523992,730124,4042.52,-89.7956,117168,25034.6,18823.7,5884.52,3993.75,25.8945
1.17855e+06,749889,942977,596754,482259,327613,883223,444576,805380,16011,2923.56,68728.5,44814.1,20753.2,9304.09,8548.37,25.8962
1.26969e+06,995808,765020,422117,286897,218273,788637,337757,749860,8051.97,3338.62,61038.5,28634.4,11269.6,4185.11,5326.4,25.8991
1.36803e+06,994710,825185,606551,492316,373152,791607,500709,726830,5790.43,489.454,56954.6,31224.3,12857.5,6470.19,4107.25,25.8993
1.2661e+06,980400,774845,519761,337535,266477,759995,434928,717030,3605.98,4858.03,512775,29199,40632.5,4797.23,3542.86,25.9006
1.42709e+06,984183,870014,535181,381324,258552,884907,414438,774805,8723.78,2282,24594.6,25930.4,12800.4,6085.37,6131.41,25.9027
1.38601e+06,1.01130e+06,822312,530695,369225,271929,814679,417422,762819,10534.7,4167.33,64222,41958,22147.2,6550.74,6160.7,25.9053
1.54624e+06,1.166e+06,795663,569873,474182,359456,791499,458217,746205,9363.28,1932.04,57011.7,27724.8,15078.3,5292.68,4677.08,25.9058
1.58982e+06,1.14891e+06,830258,386799,225218,165376,817112,306216,757894,11240.6,1163.18,25284.3,35561.8,22888,4674.01,2864.15,25.9062
1.34984e+06,1.04924e+06,771894,529277,313260,225942,831878,423351,750125,12089.5,335.337,85118.1,27632.7,17894.7,6445.85,3913.77,25.907
2.15277e+06,1.56454e+06,825588,527846,452290,327679,828170,410555,771414,14153.2,2122.01,104067,49645.3,16987.6,11245.8,3778.31,25.9112
827208,597171,831127,455181,236584,170111,834456,374344,729566,5145.48,101.181,21893.2,27560.2,10558.9,3669.96,3607.23,25.9151
1.32191e+06,933753,849420,523429,306051,218437,840657,393043,799041,8170.65,3536.47,49555.8,52053.5,25358.4,6286.43,5913.29,25.9296
1.23408e+06,961939,769743,273680,185129,135762,818177,230831,711377,2354.22,-356.401,84123.9,24492.5,13990.6,4512.07,1178.63,25.9339
1.28099e+06,939651,817955,454211,368954,264390,837296,347255,784803,10874.9,2697.82,49985.1,25177.1,20915.4,5499.11,5533.24,25.9372
1.8405e+06,1.36772e+06,807405,498543,407573,309696,789625,410087,729420,8125.9,1902.16,26919.2,31492.7,18364.3,4884.2,3406.95,25.9372
1.29356e+06,911576,851423,821623,625809,413690,907650,599529,822268,12948.4,3740.56,26897.5,48819,45233.2,11059,7131.11,25.9389
1.13269e+06,845966,803356,507714,389058,295188,790801,404485,753126,7996.74,1011.61,12489.1,37407.2,11597.4,7049.29,4741.4,25.9438
1.72504e+06,1.26171e+06,820330,498398,396815,275871,863044,396867,753499,11097.8,3610.9,56190.9,43996.2,11558.2,7601.83,3321.27,25.9501
2.04727e+06,1.39869e+06,878226,617208,500943,359318,836489,479891,771685,8677.16,2147.87,45953.5,111687,46534.8,6922.58,5836.06,25.9567
2.15195e+06,1.72377e+06,749036,351145,277178,213239,779908,287639,732469,11936.2,1184.74,30184.3,26277.7,14116.8,7841.05,4272.35,25.9626
1.66442e+06,1.14595e+06,871461,708338,584613,398851,879445,529427,802760,9589.08,1540.6,83102.1,30478.2,9518.15,11208.5,7625,25.9736
1.72544e+06,1.27506e+06,811937,554296,451456,356539,759732,450680,737946,6826.15,873.484,30679.7,34860.5,21664.6,5544.39,6158.65,25.9866
1.277e+06,916997,835556,608096,441501,309324,856385,458831,795190,6834.31,1830.29,112992,26298.5,32613.1,5165.52,5595.79,25.9902
1.91877e+06,1.38528e+06,831072,474877,368941,273075,810637,383450,743059,12093.6,1192.53,29337.5,48097.7,26633.3,7225.97,8946.12,25.9919
744149,507915,879063,407402,280421,200585,838810,326342,749034,5797.26,1164.49,46006.8,24178.3,14625.7,5498.88,3579.88,25.9929
1.50704e+06,978446,924145,578709,356565,260443,821442,477478,727208,8057.97,1174.22,29956.2,46344.3,25407.4,6063.19,3574.38,25.9973
1.63431e+06,1.08634e+06,902652,663678,522068,364819,858620,518117,768565,10435.1,2442.59,124015,39508.7,23447.5,7572.02,7278.67,26.002
1.75356e+06,1.15665e+06,909643,565052,375201,260385,864568,442417,766317,11114.7,2734.06,20746.3,58113.7,41052.6,6969.19,6056.76,26.0028
2.2163e+06,1.45168e+06,916027,645036,398294,264262,904317,463654,834720,18691.9,3719.08,135345,38652.3,24729.5,9542.58,5837.99,26.0045
1.72502e+06,1.25196e+06,826718,578033,358723,259945,827997,437215,793248,15099,3565,89678.8,71175.9,13670.4,8922.36,5089.48,26.0073
1.34459e+06,992787,812615,794803,470622,343159,822864,622910,765571,11771.6,863.842,87355.5,46180.8,46970.1,6713.14,6767.37,26.0073
1.67557e+06,1.33716e+06,751850,409872,352132,281679,750071,353357,695962,4042.21,936.099,30237.8,23786.3,15456.7,4286.96,5532.19,26.0085
1.95558e+06,1.38647e+06,846288,796128,656915,460844,855276,573009,833629,7456.11,3973.78,194044,57583.6,64791.9,9111.89,8219.22,26.012
1.4716e+06,1.12639e+06,783890,464185,401405,300539,801371,366296,760344,6904.71,1529.9,54302.7,42078.1,11580,6371.63,5611.83,26.022
2.03156e+06,1.41566e+06,861036,607131,505502,367040,826344,469433,775996,11331.9,4872.1,22837.9,58031.2,17489.5,7845.42,8186.34,26.0266
1.64716e+06,1.29594e+06,762607,378825,277531,206366,806908,302868,750475,8363.47,576.611,45434.7,28273.4,15400.9,5365.32,4635.68,26.028
2.03128e+06,1.33619e+06,912122,911758,750514,498814,902758,657994,831398,5615.16,2933.58,85977.9,44070.4,31264.6,8939.95,7518.58,26.0285
1.37987e+06,901135,918754,624603,318069,232114,822188,501204,747724,6678.14,2842.12,25638.8,108769,18220.3,12286.7,8009.68,26.0305
1.7529e+06,1.1669e+06,901316,698261,463197,292417,950416,486618,860955,17411.5,4648.66,47949,37267.4,34396.3,11543.4,6526.95,26.0324
1.50157e+06,1.11747e+06,806235,501642,332279,261815,761482,411911,730705,5878.65,265.354,26386.9,57885,15285.1,5279.13,5165.69,26.0345
1.56624e+06,1.12676e+06,834027,390779,194351,138758,840389,321177,730025,6465.72,1195.4,57890.4,21525.7,6777.58,5754.99,4027.71,26.0365
1.91915e+06,1.32029e+06,872146,586367,371024,259557,857671,457863,768396,10514.5,3186.47,53650.3,47044.8,10744.3,6123.68,6851.42,26.0443
1.41103e+06,989794,855346,580313,345478,230046,901066,419588,829833,5914.46,1612.05,220313,42718.2,40030.7,5861.98,4121.08,26.0463
2.28697e+06,1.46483e+06,936748,746823,480919,338599,852192,582373,769427,8509.64,857.204,46781,70890.3,44523.9,10126.7,7370.5,26.0473
919047,599867,919250,602866,452131,306000,886532,453612,797420,7190.78,1015.76,88489.7,25591.7,17255.2,7332.77,4887.82,26.0515
1.74781e+06,1.35923e+06,771530,462794,258681,183463,845993,360515,770222,7975.42,4452.87,47028.3,34054.2,10050.6,6430.44,7077.48,26.0526
1.36139e+06,930949,877421,700652,426610,293780,871285,530441,792532,7808.6,3568.97,50885.4,37693.6,13745.6,6879.29,7391.21,26.0591
1.43166e+06,1.01594e+06,845519,668268,347314,250911,830526,534402,750298,8165.67,2726,51319.1,33140.8,21803,7732.27,6520.82,26.0631
1.73467e+06,1.3307e+06,782148,427426,219564,163442,806025,343803,745938,8179.42,253.724,64526.8,65451.8,41936.8,5525.81,5561.43,26.0654
1.82634e+06,1.28507e+06,852716,682468,610484,443628,825670,530732,771539,6736.73,801.67,595357,21141.6,8357.72,7347.32,10203.6,26.0732
1.19439e+06,892752,802724,426610,232994,181503,770216,363774,703641,11090.7,1463.04,56529.8,18393.3,14962.5,5730.34,3428.42,26.0737
1.58042e+06,1.10193e+06,860535,916007,539873,373875,866396,681914,805973,10284.4,1861.06,257734,62201.4,33272.6,8947.88,6136.33,26.075
1.79321e+06,1.38287e+06,778035,517143,348366,258348,809063,413730,749971,6725.6,1476.45,52327.7,46092.1,17040.6,6165.25,4079.43,26.0753
1.26273e+06,840614,901293,635867,411586,292229,845062,472046,808227,6692.3,3010.57,47418.6,66168.5,19034,7095.57,8167.7,26.0757
1.22924e+06,925783,796668,708306,592213,439286,808876,561071,757451,4262.92,3005.79,472992,34884.5,13732.9,7697.32,6223.36,26.0763
1.48247e+06,1.14460e+06,777106,655009,423800,301248,844089,503867,779979,9162.82,2793.62,29957.2,41594.6,41297.4,6747.29,7246.64,26.0763
2.08891e+06,1.43152e+06,875531,658995,476394,325752,877467,516143,766061,9739.1,1955.71,261217,53427.2,21378.3,7450.8,5669.87,26.0816
1.47693e+06,891072,994486,959480,583730,362099,967244,677727,849439,18153.4,3069.39,58808.5,36616.6,23643,10558,9440.58,26.0842
1.9993e+06,1.31266e+06,913854,663076,425894,290749,878890,522470,761471,10914.3,38.3467,57922.2,106232,36614.7,6969.19,7701.78,26.0866
917471,642342,856993,411417,269923,197940,818197,313738,786804,7762.95,1198.63,90483.2,27921.7,5846.41,4318.17,4996.31,26.0911
1.36253e+06,980272,833970,623956,333552,226737,882658,474598,788823,10100.9,2418.78,32237.7,25006.6,20665.9,6736.17,3830.32,26.0912
1.85655e+06,1.47018e+06,757682,439322,292523,208099,843416,342865,768796,13646.2,422.934,123783,43497.4,19972,12315.9,4426.12,26.0967
1.33637e+06,824221,972823,989552,538494,355439,909007,731935,811181,10246.7,1603.17,27003.9,40797.7,36538.5,8235.24,4114.79,26.0984
2.27488e+06,1.57811e+06,864914,515326,337203,227490,889365,383331,806601,11664.3,2023.12,57098.6,38265.1,29503.4,7109.61,4940.75,26.1002
1.72258e+06,1.30627e+06,791222,438348,298290,210024,852160,333714,788127,14746.1,3930.85,65659.8,48790.4,17595.1,6119.75,3203.45,26.1104
1.83798e+06,1.23894e+06,890103,655024,495971,339512,876500,509963,770672,9133.78,1122.24,97774.7,42262.1,30376.6,8134.34,9866.78,26.1124
2.14913e+06,1.36482e+06,944793,1.2015e+06,741274,485209,916645,843484,854668,9256.03,2463.44,110409,52958.1,49722.9,10722.1,9673.55,26.1129
1.02688e+06,703197,876182,947759,578865,377937,918987,700277,812044,9858.04,2502.11,130094,48916.2,36746,8557.41,6365.59,26.1148
2.06517e+06,1.47934e+06,837606,764878,641935,452318,851526,562869,815335,15250.6,3048.8,61890.2,73207.8,38784.7,10794.9,7071.92,26.1174
1.73674e+06,1.21591e+06,857006,628665,539901,392712,824881,482693,781447,10502.2,3957.45,58455.3,45036.6,14748.8,8624.68,5632.58,26.1177
1.91162e+06,1.45541e+06,788072,460079,334207,256377,782145,373519,739045,15565.2,3217.88,102559,31418.4,18498.6,7793,5868.9,26.1248
1.88747e+06,1.38614e+06,817007,558951,471548,337841,837462,429689,780496,14032.8,1871.9,103439,114805,37788.9,8882.81,4674.48,26.1453
1.64687e+06,1.28489e+06,769031,428814,291288,228401,765200,356511,721685,6400.73,1244.45,64830.6,33160.5,11482.5,5093.17,6527.37,26.1529
1.40139e+06,1.00505e+06,836613,527088,287049,202261,851520,417217,758006,7033.85,2240.16,16518.3,23727.5,19227.1,4900.3,5528.8,26.1535
1.30474e+06,896651,873073,558328,445628,327347,816799,446626,750061,7765.16,1515.04,28228.7,29421.5,12120.2,5867.1,5454.72,26.1577
2.01594e+06,1.41388e+06,855493,613356,464729,326717,853452,469489,783860,12417.5,3685.27,139450,51252,18434.6,10014.9,4112.97,26.1596
1.47969e+06,1.03267e+06,859724,522730,368601,261354,846210,397995,788046,15957.8,3960.81,60000.6,45129.6,24772.3,6595.84,4245.16,26.1614
835896,558812,897507,633739,367549,255875,861863,479847,792427,8606.24,3298.87,72102.4,24819.9,28448.8,9469.61,4735.24,26.1685
1.82479e+06,1.31637e+06,831735,515752,329567,238746,828246,409335,755985,9636.33,3428.71,19793.3,36369.3,14468,5379.97,3519.21,26.1687
1.01888e+06,653763,935088,445777,379508,253189,899347,320385,834827,5563.45,281.009,30469.8,46367.6,22224.4,7016.06,3012.53,26.176
1.74418e+06,1.29061e+06,810860,470101,313050,237001,792529,377861,746467,8646.58,4431.71,10544.2,50062.4,25146.6,8172.24,5530.91,26.1768
1.2099e+06,847542,856527,611441,466487,338370,827178,492742,744537,7661.3,-63.1062,54467.7,36145.4,14592.9,6187.29,4395.14,26.1834
1.98359e+06,1.49774e+06,794633,352398,299373,225462,796693,278977,757907,7454.3,1344.21,20006.2,31229.7,15868.8,7432.46,7346.74,26.187
1.67983e+06,1.29835e+06,776287,367086,238795,170116,842232,286534,768675,9726.55,1891.89,30921.1,41910,7218.7,7175.76,6090.65,26.1941
1.86668e+06,1.44643e+06,774327,440437,381033,287141,796194,352870,748894,10398.7,1347.89,225614,21622.2,10967.2,8710.36,3108.09,26.2042
1.37613e+06,994155,830531,585553,434483,309233,843021,439897,798668,10309.3,1253.57,59144.9,35333.5,24605.8,7349.33,6086.91,26.2049
1.80558e+06,1.31758e+06,822225,634414,414922,295446,842636,504365,754708,9822.45,1986.26,39095,32848.2,37138.1,6691.83,6158.18,26.2098
1.67023e+06,1.18341e+06,846823,800930,482226,358383,807336,654033,734761,8321.06,1270.18,54727,33050.6,20102.4,6082.46,4507.93,26.2133
1.79446e+06,1.24331e+06,865972,470503,329301,224353,880668,344335,819846,11769.7,1667.01,60381.8,36148.1,20704.7,6911.6,5809.92,26.216
1.86002e+06,1.29838e+06,859542,604226,518863,371866,837177,458152,791299,13587.2,4290.38,56271.4,43569.3,25741.5,8670.56,8465.81,26.2186
1.73895e+06,1.25394e+06,832074,780018,561190,373388,901781,551116,849205,14865,1621.78,236980,75458.8,34514.8,12823.2,5326.34,26.2204
959234,633126,909046,704325,441803,287340,922537,515089,820431,10087.1,1535.18,56043.6,46521.9,42513.5,5858.52,4585.65,26.221
1.56362e+06,1.11221e+06,843521,496226,420224,308252,817949,411415,723687,8616.76,1029.66,61029.1,54038.6,18178.3,7381.55,3220,26.2257
1.89184e+06,1.43817e+06,789273,458308,377824,268597,843994,355667,773152,19575.5,1739.98,54978.6,38065.6,13157.4,7741.32,5431.91,26.2279
1.42437e+06,1.038e+06,823336,686596,545346,384389,851242,537813,765987,9897.04,794.037,111040,45582.6,27968.8,6981.77,7158.87,26.2299
2.18617e+06,1.6141e+06,812654,526104,355635,257961,827184,408751,772260,10115.7,960.652,115953,88118.1,25956.7,8399.04,9783.45,26.2319
1.51931e+06,1.0849e+06,840248,476758,387857,289015,805198,395129,723953,11930.9,159.296,98369.1,34622.1,42256.6,5367.31,4623.54,26.2323
2.06181e+06,1.59534e+06,775436,312437,273300,211715,774531,260670,719156,12959.7,1852.6,23544,30598.6,6654.03,4327.64,4495.25,26.2326
1.95299e+06,1.27928e+06,915979,940059,641334,373128,1.03128e+06,610725,923551,8718.69,1568.3,88737.9,39893.5,24665,9517.32,6430.96,26.2347
1.56612e+06,1.09644e+06,857021,524297,291262,196685,888513,377058,834296,17748.7,3905.62,17330.6,36921.8,25797.6,9215.56,3937.5,26.2395
1.84795e+06,1.30053e+06,852554,496005,282633,214899,789114,416015,715366,4036.22,2478.67,108350,17375.8,44795.3,4749.45,4237.59,26.2555
1.04113e+06,799181,781646,377711,311769,261006,716694,319942,708337,6222.9,-188.955,88418.7,26651.6,16332.4,3670.12,3019.63,26.2556
1.15047e+06,735844,938084,613096,438375,296559,886923,466388,788737,12643.2,1437.09,88001.2,41254.9,19279.1,11441.3,7834.11,26.2648
1.28587e+06,897370,859761,521601,432356,314478,824901,421000,743375,8386.59,660.88,70454,35007.2,14491.5,6336.41,5008.4,26.2683
1.77341e+06,1.36145e+06,781556,519659,402432,311415,775362,424979,733673,8153.56,4778.4,47394.1,36508.7,17677.9,7385.04,9666.01,26.2685
1.76833e+06,1.20261e+06,882246,623505,455361,318419,858042,479731,779818,7379.85,2243.11,57043.3,161495,31332.6,12777.7,11216.4,26.2721
1.74043e+06,999343,1.04494e+06,598073,303710,194041,939112,430521,833511,12982.7,2054.73,66503.4,35598.9,46618.4,8737.72,10745.7,26.2725
1.64871e+06,1.25281e+06,789602,382418,390424,305503,766782,312509,734222,7420.57,667.38,28061.3,24098.5,7783.56,4460.49,3901.96,26.2738
1.4861e+06,1.06578e+06,836627,480475,262276,193490,813300,381740,755186,7994.18,1007.3,56571.4,18657.4,17856.8,4909.02,2853.87,26.2788
2.00404e+06,1.41673e+06,848734,530499,424824,290560,877252,373662,851838,16559.4,3485.83,57110.3,53329.8,21266.6,9254.63,4633.24,26.2797
1.76963e+06,1.35745e+06,782184,507852,361593,257186,843575,394106,773170,18753.2,563.547,134861,43765,21398.2,7088.49,3930.18,26.282
1.09632e+06,769970,854307,605838,456198,307675,889637,437616,830643,11852.1,4267.72,22705.7,38203.2,18178.9,9559.31,4777.05,26.2842
2.02299e+06,1.51345e+06,802005,440518,364687,274611,796809,354207,746204,7272.6,2842.31,32081.7,36371.4,21852.3,6583.02,3773.38,26.2946
2.2209e+06,1.54548e+06,862219,664147,369862,255801,867538,502689,792714,8466.37,2869.36,923457,43061.3,26436.7,9914.57,4183.83,26.297
2.21762e+06,1.31496e+06,1.01187e+06,952080,661895,442834,896808,684509,834537,10430,3089.99,58776.2,55496.8,58683.4,11016.7,9045.87,26.2979
1.06423e+06,741274,861404,839258,425134,298494,854558,640337,786390,6845.65,1574.51,932491,46918.1,17328.7,9927.04,4822.5,26.2994
1.89324e+06,1.20807e+06,940293,658453,500423,353232,850019,514210,768308,14421.3,2377.91,31137.3,114319,42799.2,9863.74,9755.75,26.3057
1.65307e+06,1.21631e+06,815449,429445,292939,211049,832808,333970,771527,11971.3,4733.48,55569.4,28543.1,15063.2,9707.79,5299.82,26.3065
1.65383e+06,1.2407e+06,799790,514054,407589,309151,791048,397927,775098,9253.37,3370.41,5506.94,44339.6,18456.8,8773.37,9332.77,26.3094
1.29694e+06,997363,780224,341800,219976,170021,776290,279605,733463,11294,1766.44,66476,29503.6,14463.5,6408.94,9386.18,26.3182
1.34912e+06,934672,866046,673215,502507,339672,887634,510111,791845,7833.85,1777.21,227621,48661.5,18581.1,7674.75,5768.6,26.3191
1.25626e+06,915376,823439,646684,336869,245336,823855,512607,756935,6657.23,1627.13,47183.8,37723.3,14623.7,7058.07,4934.95,26.3208
1.67571e+06,1.26270e+06,796246,524214,474110,363089,783461,410790,765667,10587.4,618.662,139004,36844.1,9665,6894.92,4826.74,26.3245
1.89674e+06,1.32003e+06,862132,497053,360529,248837,869313,372513,800594,10352.9,1920.43,15671.5,31445,11106.2,7282.02,5941.16,26.3253
1.74583e+06,1.21542e+06,861836,625775,499587,364054,823373,484862,774375,10405.8,1851.24,26345.2,45345.1,16302.1,5514.83,6276.38,26.3268
1.57759e+06,1.11727e+06,847204,637238,454439,314635,866602,478272,799426,12307.9,2370.78,126877,54319.8,25198,8228.92,6418.11,26.331
1.64235e+06,1.22281e+06,805855,501621,259796,195673,796623,414983,725265,9306.87,3032.91,229853,33345.8,27563.6,7294.53,6242.38,26.3353
1.87423e+06,1.41194e+06,796450,402912,290940,216079,807872,331035,730276,8299.95,853.029,49599.9,26355.9,14279.5,5174.18,2767.11,26.3373
1.73728e+06,1.14652e+06,909156,471627,371686,258018,864325,366535,772030,5331.37,1726.21,23803.7,28061.5,29769.5,5879.06,6977.69,26.3402
1.87796e+06,1.36563e+06,825099,589418,492520,348752,847342,452133,782183,10146.2,3679.95,59719.2,44080.4,18863.7,5047.2,7683.23,26.3426
1.34779e+06,1.03187e+06,783699,517783,397779,308096,774653,438786,708022,3817.1,347.514,881084,34981.3,4736.6,5766.18,3857.71,26.3432
1.35865e+06,871467,935421,549467,416491,269037,928849,399599,825028,10213.2,2123.06,55695.8,32583.1,11724.9,7781.96,3510.5,26.3439
1.53038e+06,1.20822e+06,759982,337954,261697,210719,745154,282300,718287,6759.77,133.061,26266.3,29303.4,8560.58,7690.89,2775,26.346
1.9812e+06,1.46613e+06,810789,441680,382155,285494,803144,346568,764664,14763.5,957.019,59007.6,33575.2,19285.2,7225.36,6293.82,26.3511
1.39197e+06,911849,915920,907993,507528,337707,901720,678091,803426,9316.64,2458.52,90980.1,43292.5,32126.9,6863.16,6897.13,26.353
1.68798e+06,1.2327e+06,821600,396284,221260,162254,818197,325749,729919,9335.52,928.702,11054,25193.2,18075.4,5568.6,4126.7,26.3531
1.63304e+06,1.18639e+06,825885,633100,476829,327370,873927,484666,783756,10878.8,2362.98,101040,53319.8,14402.4,9695.3,4473.83,26.3536
2.266e+06,1.59716e+06,851260,766458,472742,325755,870731,571296,804968,22929,1049.94,293496,156616,35620.5,10117.5,9424.24,26.3548
1.37346e+06,996922,826620,477214,389017,295653,789474,389249,735592,6219.89,81.1262,48265.2,21833.1,16907.7,4705.1,4831.49,26.356
2.27564e+06,1.69758e+06,804314,599418,435714,291222,897694,446392,805684,11539.2,2165.77,111322,37000,15358.2,7686.04,4701.2,26.3589
1.41064e+06,929586,910495,979553,728852,479392,912220,687744,854580,23605.5,3699.12,32312.3,54567.1,31342.1,11464.7,9321.4,26.3673
1.30891e+06,964491,814262,448355,361012,276973,782052,348625,771640,7894.53,1576.84,50673.5,24732.4,26969.3,5833.35,5693.64,26.368
1.38641e+06,838613,991932,535510,339447,178855,1.13873e+06,316218,1.01609e+06,7594.77,2175.13,59240.8,63349.6,16531.4,6920,5243.68,26.3689
1.48609e+06,1.13209e+06,787620,654592,443374,325419,817483,507380,774085,3778.88,3854.49,112245,37734.1,16188.9,7951.48,4632.27,26.388
1.58971e+06,1.1192e+06,852242,529477,379060,256506,886668,403467,787391,8828.28,1660.48,61108,50939.9,40517.6,8918.71,5012.81,26.3896
1.60367e+06,1.19435e+06,805625,522404,456013,342118,799747,430902,727410,6710.35,401.768,239160,22927.3,10396.6,4905.48,3916.69,26.3921
2.15128e+06,1.61252e+06,800465,426366,358518,271956,790977,342170,747639,15303.6,695.791,107284,48036.4,22049.5,9048.07,5298.18,26.3968
1.07437e+06,714534,902154,651302,357178,222295,964065,469488,832356,9029.64,1995.63,263836,16174.2,16240.6,8626.77,4333.25,26.3984
1.8157e+06,1.34428e+06,810410,405229,251963,187177,807672,330332,736039,5062.44,1552.05,67283.5,29117.7,20679.2,4459.62,3242.32,26.4103
1.20183e+06,880936,818556,660021,377914,289201,784051,529105,748457,6458.63,-77.3726,59194.5,22388.8,26894.7,5672.37,4320.41,26.4162
1.79835e+06,1.34374e+06,802992,489786,373832,299947,747797,419378,700733,8916.08,-420.626,127847,55806.8,40810.8,6234.58,3424.27,26.4165
1.21249e+06,835042,871206,768415,494848,360259,824153,580730,793913,7462.38,2824.71,533050,32961.8,16859.3,8367.52,5624.33,26.4237
1.82425e+06,1.19386e+06,916812,823697,463761,315355,882361,618123,799547,13086.1,1053.59,53210,39240.3,34655.2,7495.66,9232.48,26.4271
2.10979e+06,1.50706e+06,839960,463419,345844,257489,805885,377220,737106,8856.94,1900.58,49604.2,73346.8,24158.7,5494.83,4630.95,26.4308
1.62316e+06,1.16808e+06,833757,536287,432733,321131,808516,413689,777812,5584.6,2462.67,247742,19033.3,9799.77,7410.45,4187.35,26.4368
1.0628e+06,774231,823632,626073,422753,310476,816977,501822,748559,8398.62,2525.91,71914.4,24330.7,22820.1,6884.81,4934.19,26.4395
1.62855e+06,1.25732e+06,777150,501364,365779,300749,729736,437795,687121,8268.18,1216.96,49163,28333.3,10048,5229.57,3794.66,26.4433
1.33368e+06,950283,842071,465154,400700,296900,809768,370638,753005,8364.95,795.836,26217.4,31001.2,17607.4,5397.56,3551.59,26.4435
1.70717e+06,1.24453e+06,823048,628784,468646,350215,802901,496555,759776,6550.27,1715.21,24955.5,81656,24460.5,5862.88,6159.13,26.4436
2.40727e+06,1.62838e+06,886992,522703,363297,247683,880070,405740,772963,11976.9,3746.14,31082.1,61014.7,25411.8,7917.42,7113.49,26.4505
1.75942e+06,1.27226e+06,829745,483440,248754,185885,802929,397369,729962,11174.3,1949.99,24842.8,50061.9,38757.2,6310.13,3108.47,26.4532
1.83593e+06,1.41353e+06,779294,460871,326230,248938,786291,380320,727079,5868.15,1811.01,290308,32447.4,5052.5,4605.82,4899.5,26.4555
1.8894e+06,1.4018e+06,808705,526306,375650,272929,825819,413774,763179,19230.2,2901.4,90174.2,37360.3,16428.6,7184.45,5204.32,26.459
1.49139e+06,1.08425e+06,825298,348052,168449,122017,828324,282134,740184,3918.76,602.746,48613,27098.8,13899.8,5446.12,3155.99,26.4615
2.22952e+06,1.53114e+06,873672,517348,379729,246054,925964,371359,835872,12250.7,3161.69,105492,47535.1,15497,6248.59,5494.64,26.4668
1.85298e+06,1.40498e+06,791319,421522,284399,208792,817270,348525,725668,4867.94,239.75,58526.7,40667.6,8105.27,5185.9,3227.17,26.4692
1.18941e+06,804988,886528,758519,517484,340914,910760,568145,801048,6071.81,1508.6,19809,28386.4,19253.2,6771.61,4647.02,26.4731
2.4191e+06,1.72216e+06,842816,363342,313210,228607,822049,291888,746879,5488.74,-347.768,31807.5,73411.1,25228,5843.53,7853.5,26.4743
1.03275e+06,747057,829459,388170,215440,148006,873369,309225,753180,6387.52,65.9602,41264.4,30053.4,16453.9,3804.21,2198.34,26.4762
1.94183e+06,1.39799e+06,833407,638883,513671,369346,834454,477071,803507,8389.47,2496.8,85212.6,75230.9,21060,10328.1,4895.63,26.4769
1.70467e+06,1.27075e+06,804880,546286,420268,310727,811519,435340,752909,11022.8,543.482,92542.3,70388.5,24605,7519.09,6390.12,26.4841
1.9268e+06,1.30364e+06,886813,670634,515287,359878,859103,506513,794413,11899.5,2972.59,28887.4,37413.7,17303.9,7698.23,6750.52,26.4897
1.63638e+06,1.27736e+06,768642,436240,229358,179118,768290,360375,726310,4810.39,3558.55,1.66518e+06,43028.6,9409.04,4207.96,1930.78,26.5008
1.84818e+06,1.45813e+06,760497,355140,283024,225912,751684,294833,722727,6821.46,642.816,77348.7,25148.9,8558.16,4622.6,3540.61,26.5039
1.58976e+06,1.16696e+06,817391,497849,263666,176131,898194,380162,785743,6261.63,432.147,28205.9,28208.5,21115.1,4624.55,2921.08,26.5042
2.05195e+06,1.43436e+06,858337,592462,325644,221789,880956,433558,819907,8912.93,3786.65,112282,27845.8,23433.3,7285.22,5618.96,26.5063
1.86484e+06,1.63871e+06,682798,270024,164930,149075,663812,248232,652672,4139.75,-299.363,1.35799e+06,54530.1,3667.92,2448.75,2024.21,26.5153
1.55917e+06,1.17887e+06,793560,659990,486828,311042,939091,458753,863196,9834.4,1286.06,128329,39906.8,24617.2,9101.83,4281.78,26.5188
1.29796e+06,916171,850034,486814,330820,236476,839374,373165,782732,6932.14,-246.504,61948.9,30026,18772,5786.58,4724.83,26.5202
1.4012e+06,1.04588e+06,803839,487702,423458,341386,744245,406559,719751,6936.65,1428.13,57761,29159.6,9371.91,6942.67,7139.01,26.5261
1.87824e+06,1.47597e+06,763526,355870,319352,246614,776968,293775,726822,11803.7,1762.07,63685.6,45303.3,18935.4,6060.16,3044.1,26.5269
1.34488e+06,999894,807014,699998,456981,320060,856679,529118,793771,17493.7,4096.6,59998.2,45683.4,14300,8617.91,6934,26.527
1.35466e+06,896551,906579,737950,541590,369146,880285,567648,780008,8633.95,270.395,229532,69144.8,44872.4,8911.5,4299.29,26.5346
1.73667e+06,1.31766e+06,790798,390001,338221,243469,833504,305979,764760,13128.4,1658.52,28719.5,44132.1,15809.9,5861.37,5523.09,26.5357
957760,727754,789629,467448,329755,249467,793102,380039,738000,4260.65,218.517,96656.9,32620.5,6942.15,5979.51,3414.15,26.539
1.66759e+06,1.23397e+06,810840,484402,384486,280000,823899,377190,770543,7954.08,1223.14,96878.1,32275.2,15565.6,7961.11,4668.82,26.5432
1.89042e+06,1.4427e+06,786203,472893,362371,252595,860756,354059,801380,12741.6,3311.34,106052,38572.8,13458.4,7786.09,4582.61,26.5445
1.5659e+06,1.16941e+06,803430,572326,440997,311289,850008,437694,784556,12487.8,1639.49,141250,48670.4,10866.5,5942.09,6394.19,26.5454
1.9912e+06,1.22879e+06,972278,1.232e+06,692165,433231,958608,861868,857674,14798.1,2822.24,207724,58761.3,44116.2,10969.3,6437.87,26.5506
1.79558e+06,1.37207e+06,785202,632289,467014,362708,772545,515096,736510,8920.39,141.498,51304.6,55466.5,43416.7,9033.04,5984.08,26.5515
1.95692e+06,1.53121e+06,766813,276379,208358,160756,777668,227034,730409,8300.47,563.544,30412.2,27225.7,9162.66,4770.93,6953.84,26.5515
1.25046e+06,883794,848924,935197,849314,614806,828860,716377,783273,17569.7,161.708,54569.3,162664,89545.2,12738.2,6478.99,26.5552
1.55983e+06,1.23085e+06,760367,460644,421585,336137,752524,376406,734277,3923.42,468.905,855824,13530.6,4449.03,4499.5,4512.93,26.5609
1.10886e+06,752710,883892,747867,643614,452318,853755,575536,779656,8282.37,1935.49,97012,102126,27129.4,6941.33,8150.93,26.5703
1.33248e+06,909249,879281,621661,350239,255409,822772,485814,767776,9798.77,2365.65,40281.9,34861.2,18471.1,7680.64,4151.98,26.578
1.7243e+06,1.28579e+06,804624,400206,336032,241542,834716,316075,759705,7929.99,641.167,107812,25283.2,6471.5,7954.29,3067.52,26.59
1.43543e+06,967464,890219,731869,506411,344391,882272,547685,801778,13721.5,3691.15,49143.4,47469.2,38429.4,7059.88,4788.69,26.5954
1.70578e+06,1.23665e+06,827615,541247,316403,240398,789699,437729,741893,5581.37,47.6824,71111,95244.5,27025.8,5525.55,7480.17,26.5958
1.77451e+06,1.29659e+06,821157,768530,488332,355536,824106,595844,773890,10588.6,1697.33,75552.1,34531.3,27509.1,6297.03,5557.11,26.5967
1.33053e+06,775390,1.02957e+06,692941,574825,370445,931029,479156,867702,10879.6,267.291,86497.2,37245.5,22987.8,9949.54,5078.93,26.6026
2.09069e+06,1.52213e+06,824115,427737,326303,237060,825876,343557,747015,16376.3,2195.73,61499.8,37556.8,17729.1,7111.44,3793.08,26.6038
2.19399e+06,1.50579e+06,874223,531824,418370,298708,840358,407628,782807,18785.3,3717.46,34398.9,54285.1,25029.9,11376.9,7592.81,26.6047
1.56821e+06,1.14137e+06,824386,835463,556376,401992,830429,669796,748403,10300.1,858.029,234876,34744,20456.2,8907.39,5649.11,26.6063
1.81376e+06,1.42765e+06,762271,359540,259377,200819,774958,291598,739800,11538.3,1343.98,53605.8,27397.4,13391.3,5351.1,3922.15,26.607
1.2987e+06,829203,939721,529808,383338,270652,849811,425617,746881,7810.42,-180.903,45042.3,70438.1,33668.6,7964,8011.3,26.6132
2.66101e+06,1.62524e+06,982379,905140,693108,440085,944965,619578,876538,23411.3,1913.63,76999.2,93853.4,49368.7,11598.7,13388,26.6166
1.78922e+06,1.29961e+06,826040,412369,320199,235154,816994,335230,738064,8625.21,-264.426,336504,37155.7,4734.65,8549.37,3442.14,26.6172
1.22711e+06,913065,806366,544694,346204,259141,801580,445024,734380,4661.12,666.403,198612,49655.3,15617.9,6504.6,4069.93,26.6176
1.34402e+06,1.04103e+06,774628,561933,360033,261359,826526,431272,781780,9790.83,614.434,144613,44018.3,14768,7653.98,4990.63,26.6199
2.17044e+06,1.63922e+06,794442,478062,388101,287108,811056,364618,786679,8025.52,2525.56,32687.5,52681.1,37634.6,8385.6,7783.76,26.6208
1.24533e+06,983941,759392,287764,129189,99991,775203,246204,701282,8872.75,276.706,294125,14888.4,10497.4,4534.55,1341.95,26.6217
1.99577e+06,1.35481e+06,883864,574256,407177,267023,914927,407946,844606,35165.4,835.977,36731.9,50908.8,25047.5,12362.6,6792.57,26.623
1.45552e+06,902494,967666,971531,654251,418121,938844,668914,871440,11297.8,3384.47,40221.5,42531.3,40289.4,11518.3,10627.2,26.6294
1.86123e+06,1.34852e+06,828122,528599,497170,366966,812888,412213,769407,7202.05,3226.85,27153.2,30043.6,17233.6,7761.39,6711.54,26.6421
2.19808e+06,1.59556e+06,826577,585328,351311,241454,872988,454196,773227,4120.99,799.82,101168,21269.6,27545.3,5573.09,4911.88,26.6424
1.76669e+06,1.16873e+06,906981,720701,576582,383189,902817,514172,841004,10036.2,4633.86,65494.3,40595,24967.7,9501.23,7017.71,26.6478
1.68562e+06,1.08599e+06,931289,661633,460707,313842,880776,524918,756270,13056.6,1427.48,456159,53937.3,15856.4,12379.9,3294.58,26.6479
771050,545254,848467,492643,350338,253205,830168,388288,761254,9971.66,1643.5,34119.9,33565,25205.9,6327.54,4292.99,26.6502
2.27589e+06,1.61876e+06,843567,779667,512248,359474,854997,607935,769491,13604.3,159.415,108878,79481.2,48689,7473.52,7574.07,26.6558
1.83646e+06,1.45226e+06,758730,420529,340454,265048,770699,340733,740514,7029.04,1075.12,104580,45805.7,10050.7,7232.33,3447.36,26.6587
1.36575e+06,1.09753e+06,746634,626264,416995,320917,779631,519638,723116,4610.77,509.036,226615,47027.5,23095.3,8105.95,2291.22,26.6593
1.95685e+06,1.16754e+06,1.00563e+06,951006,514405,319353,966463,654095,872356,19437.5,5275.38,54291.7,43516.5,49625.7,12078.1,8703.23,26.6652
2.18603e+06,1.68127e+06,780134,492107,344477,244353,845851,365894,806966,19678.7,2707.7,122445,40357.9,25791.8,9890.71,4822.81,26.6863
1.73308e+06,1.30996e+06,793800,531486,373374,275740,812447,415984,766595,9707.26,2295.07,47945.7,31797.7,15531.9,7288.08,5189.64,26.6879
1.85343e+06,1.27523e+06,872047,526196,417128,312961,799707,419219,753108,7819.04,5324.63,24922.6,62955.9,38123.5,7109.98,6091.85,26.6892
1.30698e+06,894164,877007,544999,341559,245125,836044,434525,752545,6806.42,-38.2703,95920.2,25689.5,18285,5208.77,3451.96,26.6914
1.61708e+06,1.23988e+06,782534,436195,297244,235052,758754,364059,718886,8464.45,-186.075,153033,28963.4,14462.3,5312.45,3402.75,26.6967
2.10178e+06,1.45505e+06,866683,605688,377960,280070,809713,505055,719552,7960.46,3640.93,35136.9,28455.9,23780.1,6995.04,6538.43,26.6988
1.97585e+06,1.39954e+06,847070,485479,410816,284248,867165,369541,788241,15320.3,4757.22,23821.7,34166.3,22469.2,9268.84,6059.79,26.7025
2.02654e+06,1.38863e+06,875626,490524,324503,220718,882129,383074,768296,15851.3,3256.08,38437.4,29656.8,14215,10750.4,5279.96,26.7072
1.50518e+06,1.11382e+06,810816,384585,242474,178798,813679,319027,723297,6523.87,1366.85,118437,30033.8,10911.7,7817.05,3414.1,26.7072
1.61761e+06,1.10255e+06,880294,454440,384060,285390,807442,363894,749295,11314.4,78.2008,89229.4,25407.4,6487.07,8213.08,2850.18,26.7091
1.49527e+06,843892,1.06313e+06,1.00491e+06,819867,532829,923223,706187,853805,14544.1,226.791,107480,133177,50293.7,15198.9,8177.58,26.7124
2.4258e+06,1.56784e+06,928333,700258,628628,426375,884613,500115,840117,15899.8,-505.325,134724,204998,39154.3,11140.1,9507.35,26.7151
1.56109e+06,1.17244e+06,798893,569756,424840,316828,804551,448322,762518,10292.2,2522.87,56966.1,32780.1,13499.3,5612.77,7386.69,26.7157
1.44539e+06,1.06128e+06,817154,471901,442659,345359,769041,378147,748758,10270.7,2263.69,48054.4,33371.3,17111.5,5065.29,4176.87,26.722
1.64633e+06,1.28487e+06,768791,428216,339766,255257,798645,349166,735838,9897.24,-16.354,281707,29869.9,24721.5,7055.38,4727.95,26.7233
1.82694e+06,1.34289e+06,816274,618461,408629,274923,891803,436928,849286,25031.9,3973.82,63624.2,37181.8,31244.6,11913.3,6838.63,26.7242
1.60672e+06,1.18215e+06,815495,724048,498437,358671,833807,563620,770783,11320,2102.05,119052,31268.9,19816.4,10806.2,5390.21,26.7294
1.98077e+06,1.334e+06,890903,453555,376329,257977,875262,352029,773042,13818.3,2660.18,18329.8,64983.9,27685.6,6949.92,3907.5,26.7373
2.0519e+06,1.28645e+06,957006,930578,548210,353224,931210,653218,854764,11811.1,3716.41,60702.8,36900,43417,14622.7,11598.5,26.7429
1.52314e+06,1.12015e+06,815862,653130,457863,324764,845899,497002,788484,7865.84,5417.09,30402.9,33739.7,36433.3,6582.11,6051.14,26.7457
1.88733e+06,1.28059e+06,884277,660318,510807,363744,842582,491061,806806,4227.53,2262.28,127988,33567.3,29663.8,7055.56,6473.32,26.7519
1.60992e+06,1.11112e+06,869345,793263,674402,473227,855068,604001,788008,10118,1254.73,82274.4,56504.3,22969.1,11239.3,4939.91,26.7529
1.15036e+06,884126,780678,607404,337970,228358,888001,459959,792336,13390.3,3630.42,15732.3,33791.7,20587.6,7172.56,5475.53,26.7543
2.6854e+06,1.78607e+06,902114,529073,383264,240108,957730,363257,873882,9880.41,3000.15,14784,66226.3,35562.1,8678.43,5862.06,26.7608
1.19423e+06,834326,858822,583382,414156,304483,816117,456285,767128,7132.46,330.905,96657.7,30635.7,16603.3,5295.51,4856.35,26.7641
2.26624e+06,1.58048e+06,860336,623809,494146,337947,877320,474252,789212,14029.3,2622.39,47578,48272.2,21904.6,12719,6023.31,26.7697
1.16887e+06,740168,947521,653619,372314,244602,913272,496519,789842,10070.6,2962.51,118438,25708.2,9538.29,6979.6,4106.97,26.7732
2.59109e+06,1.82195e+06,853290,488298,304610,207113,882445,351110,834435,10865.9,1649.06,302716,30967.4,19683.2,7892.24,5263.02,26.774
2.81628e+06,1.64783e+06,1.02545e+06,1.07502e+06,572210,336897,1.01908e+06,742825,868321,11468.3,2699.93,59730.7,49211.7,27290.6,10172.2,4905.1,26.7749
2.07129e+06,1.66577e+06,746066,380483,271296,209136,778335,317568,718868,6864.47,1571.29,1.4591e+06,86032.6,31710.8,4960.39,6422.39,26.7857
1.78383e+06,1.33474e+06,801875,496681,342273,240674,853286,379269,785745,12023.2,509.356,69173.1,39470.5,13611.9,9349.34,4232.08,26.7863
1.67436e+06,1.2291e+06,817358,474323,315119,232869,811921,397749,715511,16222.7,2006.1,57063.2,24436.2,8309.08,7059.4,3899.3,26.7893
1.61514e+06,1.19564e+06,810517,480418,262042,194267,809325,388105,742714,9733,3676.75,51403.1,33847.5,9393.06,6761.29,3555.53,26.7894
1.21771e+06,802815,910083,593716,328679,241162,817738,469982,757965,4215.41,1629.37,56325.5,41939.3,20560.6,7485.45,3163.31,26.7914
1.31313e+06,1.03494e+06,761275,429320,314687,250442,753917,358520,718487,3356.66,1953.05,1.02508e+06,25646.6,9050.87,3849.22,3227.76,26.7931
1.73791e+06,986967,1.05652e+06,1.04484e+06,626694,365083,1.02995e+06,680921,920674,15128,4358.75,54746.2,47163.1,50974.3,12753.3,8409.2,26.7944
1.21682e+06,861703,847265,484825,320741,221643,868264,362909,801564,12478.8,313.939,87708.5,62750.7,28908.5,8133.85,4127.31,26.8064
2.07154e+06,1.54141e+06,806355,573335,362696,260671,834835,449498,765301,8660.45,2407.51,93638.1,49929.7,43523,8247.91,5909.32,26.8091
1.71462e+06,1.23851e+06,830652,472205,395667,297445,798131,383038,739674,5724.56,215.549,28280.3,53448.2,23084.4,6830.57,7163.75,26.812
2.07221e+06,1.46647e+06,847836,404251,337980,258562,784291,331100,732559,7018.73,141.942,52576.9,53339.2,27093,4569.13,6354.36,26.812
1.47135e+06,1.05299e+06,838389,644381,400849,288863,832607,507949,761156,7364.82,2396.15,202540,31177.3,32142.4,6898.03,7211.69,26.8196
1.59641e+06,1.21169e+06,790502,336632,182386,138573,789702,277295,728392,7910.45,1097.63,74809.7,26165.4,9971.59,6918.33,1931.82,26.8262
2.24683e+06,1.58358e+06,851299,711411,577722,414228,836818,565439,754894,8473.59,2073.55,90693.7,83790.7,38753.7,6262.38,7554.51,26.829
2.48774e+06,1.67604e+06,890577,552959,425615,304860,837660,424583,781414,4647.86,1843.67,134289,69928.2,76152.7,6757.26,7193.84,26.8321
1.50474e+06,1.00196e+06,901077,631145,335162,229684,875538,482852,784272,11020.6,5131.77,40432.9,28041.5,27241.2,7650.19,5876.49,26.8333
1.58814e+06,1.21305e+06,785525,431197,316038,226586,836868,341090,758504,6599.56,515.61,112499,43311.8,16753.8,7888.34,3319.7,26.8409
1.73612e+06,1.2887e+06,808310,445591,307610,241954,762814,361212,740159,8276.46,3989.71,34612.3,41125.6,13327.1,6802.99,5327.71,26.8424
812322,574900,847788,439849,275250,220886,747670,381278,692171,4974.47,785.618,43513,25062.5,17018.3,3779.33,2503.41,26.8427
1.77008e+06,1.17892e+06,900863,510393,411998,293903,841089,396816,771732,9425.69,5550.73,13493.7,43823.5,36409.4,9097.86,5180.5,26.8462
1.19195e+06,893340,800559,535012,277296,206535,805565,427924,750151,5597.94,838.043,32205,26376.1,14894,5521.45,4711.41,26.8466
1.89717e+06,1.41126e+06,806586,436204,353273,266214,796215,364429,718170,12669.9,633.817,86162.1,45381.8,15916.2,6119.78,3873.07,26.8471
1.77922e+06,1.31444e+06,812156,548902,391373,271085,866237,417225,789361,12412.9,1991.74,275445,37743.3,15341.4,9028.99,7604.67,26.8482
1.69287e+06,1.20393e+06,843677,804801,561228,369675,910900,615882,784048,13651.3,2379.06,65947,50419.7,20085.5,9001.05,8434.33,26.8498
1.68252e+06,1.19301e+06,846190,506967,271664,183891,886386,382757,794708,9641.85,4856.85,15835.2,33381.4,21318.9,8050.49,4478.94,26.8507
1.93974e+06,1.34676e+06,864184,772378,516840,354440,874913,583788,793827,13203.6,-104.283,109375,123555,54315.9,9046.62,7226.97,26.8519
2.11847e+06,1.34963e+06,941803,795894,577191,369716,936704,549205,869505,13994,4101.88,51442,43529.7,18741.2,10890.6,7472.7,26.8597
1.82394e+06,1.25997e+06,868565,714998,628441,423692,889950,504701,850006,14897.8,3957.98,103360,49868.6,27008.9,11442.2,7861.28,26.8626
1.53346e+06,1.10457e+06,832971,777906,659935,446415,886980,577389,808370,11796,3394.52,199213,46087.8,14814.7,7857.22,6812.75,26.8665
1.64233e+06,1.26319e+06,780087,493166,302183,213379,849709,386891,764813,10097.2,221.563,69944.6,36785.5,11765.5,6637.29,3570.12,26.8687
2.02365e+06,1.24335e+06,976551,1.1862e+06,955603,567952,1.00953e+06,807501,881388,19457,1038.63,116631,139111,77250.5,16450.1,9774.85,26.8714
1.6897e+06,1.25155e+06,810048,399039,232277,172855,806262,322254,742964,13224.9,3746.72,24520.8,26365.8,11621.3,7722.46,4703.42,26.8752
1.46491e+06,1.12173e+06,783562,444681,339007,267803,759530,348863,764796,7706.63,2235.58,52500.3,26816.4,29507.2,5614.31,6276.41,26.8753
1.65923e+06,1.19626e+06,832204,621761,375400,266860,844038,478770,779198,10550.1,2120.42,103454,35581.7,27889.1,13011.7,3863.79,26.8763
2.05794e+06,1.46783e+06,841219,457401,281290,205437,821535,371796,738148,6051.35,780.412,75667.9,43772.9,36858,6012.32,3770.83,26.878
1.94869e+06,1.37758e+06,848749,412214,294302,229766,768527,328881,752030,5205.54,416.944,33865.5,34354.5,42675.5,8940.13,6832.71,26.8878
1.66842e+06,1.38268e+06,723995,285083,155551,126302,738946,239289,714824,5140.24,1973.73,456405,33229.4,1615.23,2745.46,1868.81,26.8892
1.26163e+06,953000,794314,496990,264222,192121,825173,400885,743839,8246.75,589.941,32862.8,19848.6,6931.22,6933.64,7000.33,26.8898
2.42557e+06,1.76447e+06,824801,395525,319570,243053,788891,318728,744570,5096.83,641.564,58252.4,47130.8,16470.5,6216.92,3255.47,26.895
965615,593450,976273,752108,432117,283517,914479,531706,848711,11394.1,1214.81,486426,33737.1,35337.2,6388.78,5877.51,26.8983
1.29185e+06,886763,874090,530278,293138,198419,886420,395276,804923,8177.42,2337.25,228401,49403.9,21808.7,5327.61,3412.04,26.8996
1.28434e+06,904011,852427,463331,274310,196352,838219,372675,745954,7179.19,1405.19,14171.1,28930.8,9458.92,4636.67,2692.63,26.9012
1.66074e+06,1.13546e+06,877573,693510,546920,370167,886497,518106,803129,9013.97,2343.68,27217.3,49564.6,17991.4,9942.61,6933.29,26.9015
1.77432e+06,1.22772e+06,867129,467171,360749,262178,825583,376248,744994,11823,1870.03,31176,36766.9,12013.5,7107.88,3666.04,26.9084
1.70326e+06,1.25302e+06,815595,391880,293608,215568,817212,319508,735907,7887.9,3697.91,53283.1,29498.6,8952.27,7697.98,3821.31,26.9092
1.86674e+06,1.42369e+06,786716,466889,306606,235753,780324,380388,736442,7097.91,-286.763,59655.1,102500,25646.2,8431.15,7797.35,26.91
1.54979e+06,1.12886e+06,823728,356634,233981,173060,811214,288910,740646,10548.5,1506.58,36481.1,59148.9,20324.6,7865.94,4987.91,26.9104
1.35155e+06,987994,820782,559954,408009,297469,822960,436987,768838,3558.37,3619.44,232880,26843.6,23334.5,7194.82,3769.14,26.9117
2.25123e+06,1.48285e+06,910905,470117,283252,197103,862245,371374,759531,10623.2,4045.61,33286,37183.1,22885.8,7583.95,7744.73,26.9145
1.72717e+06,1.26631e+06,818361,590568,504930,351477,861956,432415,819446,13306.5,3834.69,47021.9,44669,17010.8,7972.56,6144.21,26.9146
1.33015e+06,948421,841494,290065,150341,111012,812564,234342,742672,4688.58,761.209,69868.5,22669.1,8797.15,4724.83,2763.03,26.928
1.58187e+06,1.26506e+06,750261,520334,370375,278937,796685,413788,754493,9980.11,1641.04,63283.3,27597.5,11966.4,5787.54,7958.11,26.9287
1.31274e+06,963352,817605,603879,355089,279347,762684,504374,718370,5157.63,1183.13,28839,20662.7,12790.4,5683.23,4879.54,26.9337
1.95128e+06,1.35241e+06,865688,686870,555772,376172,886464,488139,844272,13072.8,3183.13,54710,40108.9,56208.9,14633.9,7819.31,26.9342
2.07939e+06,1.54525e+06,807399,474984,334605,225020,892201,351049,811826,11088.7,4058.62,49307.5,37249.1,14735.2,8080.53,9087.98,26.939
1.49725e+06,1.06608e+06,842669,683936,621569,455837,818147,531210,772503,7218.79,2127.69,260680,42214.4,17374.7,10384.7,7751.41,26.9516
1.7978e+06,1.3715e+06,786494,469408,336071,244381,825115,379766,741626,7289.36,1000.05,72476.5,55406.9,36339,5477.92,3253.7,26.9564
836896,502731,998819,720174,479317,313160,918348,522912,826342,9458.09,934.631,19044.8,32944.9,34858.1,9531.49,6612.11,26.9607
1.81435e+06,1.36512e+06,797449,414343,260302,196925,793100,340668,729760,6826.77,1940.47,59061.2,35248.4,13361.6,5254.06,3218.71,26.9648
2.24642e+06,1.50925e+06,893063,552714,419397,308238,816377,452790,732411,11260.2,-829.513,102052,86498.6,37124.8,6512.62,6556.92,26.969
1.71873e+06,1.24989e+06,825059,599629,503107,360626,837056,461860,778975,10588.5,1707.52,196478,31036.9,21730.4,7549.2,7234.85,26.9693
1.9885e+06,1.39575e+06,854808,461943,342981,238112,864252,360469,768903,17619.6,-231.342,112152,45146.4,42508,9092.76,5173.54,26.9755
2.86648e+06,1.84899e+06,930176,644012,435756,302048,865603,503813,766965,13745.9,2896.38,152631,50643.1,27814,8593.65,8832.26,26.9789
1.95281e+06,1.43465e+06,816706,465060,271365,190378,855239,349655,798033,10629.8,3376.05,30607.5,50565.5,25530.8,7403.31,5950.05,26.9827
1.62083e+06,1.21744e+06,798805,640065,387716,277767,837498,498615,770212,9135.57,3561.28,116277,33511.1,21959.2,7391.01,4819.32,26.9867
1.4043e+06,1.09366e+06,770419,476836,340363,261998,779463,383260,746495,8309.32,1795.32,47933.6,32182.3,12852.8,5363.86,6757.74,26.9888
1.96584e+06,1.5545e+06,758764,419993,269777,196667,823047,334496,753360,11345.4,834.322,115247,36708.2,5715.01,8572.82,5111.12,26.9905
2.14013e+06,1.46758e+06,874965,605196,357325,252879,847816,468094,775736,6586.18,3360.02,82842,46863.7,48549.3,7664.89,9486.13,26.9932
1.38923e+06,974910,854990,543872,453515,337671,805841,436372,747809,13600.9,594.574,57130.6,45929.8,24757.1,10200.4,3657.78,26.9992
1.48114e+06,1.09933e+06,808385,636123,440221,320233,824814,498354,765868,5879.95,459.24,56892.1,40086.9,10368,5841.02,6147.37,27.0017
1.94202e+06,1.25704e+06,926950,863958,511012,333696,918822,644982,803705,9647.37,2632.73,262419,45997.5,23549.9,7923.09,5509.83,27.0151
1.57715e+06,1.20634e+06,784429,394827,271600,205449,793189,320208,739819,11845.1,555.653,53941.9,38589.4,17120,6558.47,4481.4,27.0152
1.77909e+06,1.29656e+06,823292,637111,422479,297454,852191,483653,790373,11752.9,3389.78,56118.9,41987.5,12399.8,7793.78,5828.38,27.0222
2.42489e+06,1.82341e+06,797919,486503,367516,281284,783940,386067,756091,13431.3,2590.73,68901,109647,38081.4,7196.19,8878.39,27.0267
1.6233e+06,957189,1.01754e+06,729238,486952,301976,967532,484674,902757,16718.1,2954.88,54433.5,81216.9,41333.7,10765.3,9804.45,27.0271
774537,535521,867795,672976,528033,367901,861155,531795,759288,6631.09,507.88,116247,32523.8,16517.5,9989.46,5643.45,27.0274
1.81389e+06,1.28199e+06,848940,643513,540768,397333,816597,493230,782815,16558.7,4592.71,61153.8,52110.8,17812.1,8922.55,4913.16,27.0303
1.4716e+06,1.18138e+06,747400,403676,278013,210748,791504,333936,725305,5221.36,-214.017,98527,22127.8,13010.3,5147.65,4266.59,27.0355
1.89384e+06,1.26393e+06,899022,691153,357066,238988,896445,497544,833478,8756.23,3976.37,54550.9,48116.4,38426.8,9440.24,9280.45,27.0411
1.5153e+06,985544,922515,705578,470143,323790,871199,541466,781853,7102.93,4472.13,52772.4,37578.1,21784.5,8111.21,4972.85,27.0454
2.24314e+06,1.59725e+06,842628,569845,441082,343418,770632,458559,745612,6105.29,1086.81,129973,85166.8,45026.3,7132.17,7406.71,27.0586
2.09264e+06,1.38554e+06,906205,939350,750467,487272,924084,663702,849191,11081.1,4454.35,106571,51548.5,15853.9,12210.5,11670.5,27.0598
1.68698e+06,1.27872e+06,791561,549257,358791,241795,890318,423208,778705,5202.18,3003.7,118612,35106,14868.7,5343.14,11592.2,27.0645
961404,696719,827942,421958,338327,258218,786142,337009,751240,4809.27,-56.7148,27111.6,23350.1,20134.5,3256.47,3962.5,27.067
1.5219e+06,1.1028e+06,828019,540395,374824,275685,815766,424823,763228,16754.1,2177.25,170223,40525.9,31887.7,6833.48,4371.5,27.0741
2.58132e+06,1.74991e+06,885069,887062,570519,377892,905844,633424,840255,7155.92,2338.94,156430,104193,45096,10883.1,4793.91,27.0754
1.944e+06,1.4904e+06,782610,457950,375966,272050,829184,357749,768052,11939.7,330.412,1.08425e+06,57980.2,19978.5,7353.1,4055.7,27.0778
2.02058e+06,1.46304e+06,828651,448473,332871,231386,863158,343410,783564,17247.9,2199.1,27398.2,34919,7628.44,7087.26,8894.27,27.0801
1.28752e+06,945528,817019,559219,428913,304469,845235,432708,775422,7404.25,789.711,64035.1,26332.5,29270.8,5778.1,5156.15,27.0839
1.50726e+06,1.14008e+06,793237,499718,293795,227596,774518,398530,752342,4006.44,1382.68,216820,44979.9,10944.7,3444.9,3782.79,27.0893
1.85043e+06,1.34621e+06,824729,463237,254588,182387,837519,359055,774094,6738.78,2724.61,35771,42350.1,21641.2,6897.72,5195.25,27.0898
2.2481e+06,1.51017e+06,893183,639237,442304,300098,884318,466393,822358,8836.7,3441.6,49881.1,34372.3,25636.4,6236.27,6628.29,27.0936
1.11742e+06,772735,867632,447326,371650,261262,853511,341928,784947,6515.07,2077.94,199513,40064,23657.3,4873.4,4260.06,27.0947
789099,418353,1.13172e+06,783161,446274,278708,960734,527997,889961,4983.44,932.823,920453,90489.6,19684.1,9957.03,4473.56,27.101
1.75316e+06,1.22519e+06,858554,581143,365326,248646,881556,424687,821042,13725.5,2569.59,70614.4,47746.6,22746.6,9740.02,3960.86,27.1057
2.1653e+06,1.6088e+06,807546,571975,473235,351689,807364,444719,771690,10325.9,4020.62,53757.9,64766.2,33165.9,7910.33,5678.23,27.1067
1.71717e+06,1.18362e+06,870464,531898,289238,209071,830067,425175,750605,7812.62,1518.07,18863,96122,18156,5636.87,6637.25,27.1088
1.49983e+06,1.0061e+06,894444,509672,327963,233022,844459,394289,775581,18353,260.209,30734.3,41906.7,38328.4,9508.45,4534.97,27.1094
2.31404e+06,1.39755e+06,993471,679739,489946,281783,1.04324e+06,421068,968592,9982.15,1043.21,45594.7,34253.4,41113.5,7353.94,6190.78,27.113
1.33591e+06,983637,814882,578837,360897,279920,773572,465949,745365,4881.26,198.299,106507,26784.2,13044.7,5359.82,4068.47,27.1193
1.58254e+06,1.26614e+06,749934,328431,236462,187584,756340,268933,732743,5354.81,787.16,29361.7,26806.1,7854.69,4399.76,2702.15,27.121
1.95754e+06,1.46984e+06,799083,535311,311969,232912,803657,430408,746237,4318.54,1613.62,75194,40505.4,35343.8,5853.29,4696.51,27.1212
2.03482e+06,1.51544e+06,805632,494268,403288,288654,838280,370703,799996,9074.15,3033.51,72152.2,30911.9,10074.7,6662.45,5917.93,27.1326
1.13957e+06,861012,794112,348267,246205,181702,812996,274936,760032,6275.51,-144.613,85275.9,21550.5,9690.26,3972.26,3814.85,27.1362
2.11176e+06,1.5561e+06,814250,424602,325855,247217,790856,340050,749188,16235.9,3472.73,32166.4,32474.5,17713.9,7816.78,3986.42,27.1378
1.66821e+06,1.16636e+06,858161,596664,483373,357855,810450,469314,762812,20184.1,5316.24,37645.6,41008.9,15531.7,7927.5,4169.22,27.1397
1.94126e+06,1.37745e+06,845590,501724,349128,247165,847518,395256,761619,5973.71,2051.31,55664.7,37868.4,7162.01,6701.53,4270.39,27.1424
1.48458e+06,1.08187e+06,823340,538632,452752,336383,807566,427796,755451,7042.54,1357.33,61759.1,62392.6,27324,6657.99,4724.53,27.1426
1.46697e+06,1.02208e+06,861167,629428,361533,251707,861795,489759,771108,4872.43,3907.21,279069,28046,18374.5,5986.2,4182.15,27.1446
1.95655e+06,1.53818e+06,763194,386858,245089,192052,765697,322937,718761,8951.6,233.599,22597.9,27257.6,10903.6,4599.59,3859.45,27.1478
2.31336e+06,1.57801e+06,879596,648636,433317,298695,870421,483225,805383,9732.01,3574.24,58832.6,56268.7,20214.9,9567.58,6394.05,27.148
1.26216e+06,940049,805595,650096,394030,289207,817470,531018,734546,13435.6,-210.293,307210,30991.2,37707.1,5888.11,4767.84,27.1542
1.95223e+06,1.4357e+06,815864,540182,446012,340097,786855,435529,744174,6281.18,305.792,92054.7,66845.9,26114.1,5062.88,4876.19,27.1546
1.93858e+06,1.52746e+06,761490,325151,281865,219069,771990,266585,731813,7461.11,1649.05,29281.8,23614.9,6237.2,4665.34,2881.1,27.1594
1.1768e+06,673277,1.04872e+06,758029,392624,245395,959980,523573,868680,12636,3233.21,251565,34662.8,25584.8,10222.5,5662.27,27.1607
1.59703e+06,1.15877e+06,826923,403724,219512,168310,782526,334618,723913,9993.29,3391.18,30557.5,22057.9,10867.8,6257.43,4365.61,27.1638
894890,481198,1.11583e+06,881718,716231,397367,1.08147e+06,515492,1.02626e+06,10526.2,1008.33,112569,57773.8,46970.8,7321.07,7035.75,27.166
1.34938e+06,944417,857278,571704,458407,331515,829658,458690,747830,10402.8,2820.27,55064.5,34775,21072.9,6607.47,5811.48,27.1666
1.30868e+06,960140,817806,593144,461530,329778,839710,440620,807695,14226.2,3837.19,58205.3,59676.6,28279.4,7506.31,5756.52,27.1762
1.17076e+06,724963,968954,625433,449243,303565,887935,467304,803032,9501.7,633.05,214623,50547.2,30423.2,9735.7,5137.55,27.1868
1.57549e+06,1.25616e+06,752527,508801,347938,264743,788550,422075,723286,7387.66,1216.29,815463,59068.9,8629.81,5876.25,4152.34,27.1889
1.35567e+06,783360,1.03835e+06,633954,471868,311017,910308,434772,874878,9459.52,276.121,41795.8,70079.2,47617.7,7208.84,5769.87,27.1891
2.05929e+06,1.14699e+06,1.07723e+06,782715,458672,289543,950474,557300,842686,6979.23,1722.12,66894.2,79499,50910.7,9788.32,7004.6,27.1895
1.52622e+06,1.19948e+06,763444,305095,163774,128466,764907,272347,672146,2844.87,1001.79,1.02407e+06,40877.7,9512.12,3040.82,1963.36,27.197
2.04776e+06,1.42511e+06,862146,628576,553861,400380,830003,492834,765259,8159.78,3913.5,64736,61889.5,57988,7220.81,6214.65,27.1995
2.18626e+06,1.57958e+06,830445,571433,406754,292965,833043,429292,798663,17263.6,1992.15,229435,50361.2,18708.2,9483.42,6412.95,27.201
1.22985e+06,946349,779743,449492,379301,295701,769631,377846,713770,5537.02,1165.37,74894.8,27500.1,9033.08,4708.6,3402.22,27.2086
1.19622e+06,853916,840520,531934,374598,271135,828956,436573,731058,9085.93,719.496,142966,37552.6,17045.5,5687.99,6335.38,27.2105
1.4985e+06,1.04909e+06,857026,484152,341045,249253,820962,388564,747602,10717.2,2258.43,24226.4,34714.3,12900.6,7651.98,3473.6,27.2126
2.06484e+06,1.60724e+06,770829,358714,267881,210825,762378,296307,726370,11408.4,3153.02,26973.6,26512.3,13154,5135.74,4115.04,27.2196
1.10949e+06,763860,871490,478595,402006,311929,773264,384786,746278,7655.65,-276.865,90967.4,36758.6,31028,5483.05,4217.44,27.2298
1.60901e+06,1.13791e+06,848403,567672,341262,250636,816949,458523,742827,18304.2,1257.45,74481.1,42094,15203.7,8131.42,4340.64,27.2318
1.42863e+06,986382,869013,608720,519663,378126,824588,481070,759208,10032.1,3056.58,25158.3,39723.5,26745.5,6749.61,4002.89,27.2342
1.17051e+06,837499,838576,550374,402247,290310,831346,440562,749552,8199.83,355.311,101259,30771.1,23178.6,7001.6,3976.43,27.2353
2.13589e+06,1.3398e+06,956509,912035,545715,348673,939072,662075,826524,13597.3,2682.8,143075,50351.7,39750.3,9814.9,4865.71,27.236
1.41069e+06,855466,989421,753164,667194,414646,965441,480253,940958,26711.9,3638.8,104726,43718.2,24320.3,13300.4,9288.92,27.2364
1.81148e+06,1.25135e+06,868571,550147,366442,253941,865812,425933,774977,13010.5,3463.31,88057.2,37909.2,53916.4,8691.04,4584.98,27.2395
1.55482e+06,1.13755e+06,820084,613807,517132,374383,828775,480678,766177,7893.32,3541.9,21621.2,44941,15871.4,6828.63,4843.72,27.2422
2.07201e+06,1.35604e+06,916791,593635,473563,300006,947107,410645,867369,8002.8,1569.15,73906.3,26778.6,18652,6386.74,5148.81,27.2493
2.12884e+06,1.68215e+06,759330,440106,347467,273505,762253,367705,718140,7046.13,53.616,121456,160054,25245.6,4437.69,3901.2,27.2524
1.49058e+06,1.06212e+06,842040,556898,424741,307938,827584,447323,746974,5367.42,1250.78,51556.7,33414.6,16508.2,5790.33,4416.94,27.2594
2.05039e+06,1.5052e+06,817323,381322,251548,184988,815883,308698,741154,11307.2,4312.83,25462,37478.5,13511.3,6051.29,6471.29,27.2602
2.10664e+06,1.49864e+06,843419,411366,337755,247026,820371,327408,753860,13256.6,2525.44,25398,28453.5,8417.93,6780.05,4394.96,27.2611
2.24039e+06,1.34324e+06,1.00074e+06,896930,637718,422171,906340,669571,803735,24928.9,3008.77,48923.7,98263.8,45580.4,12219.9,9690.39,27.2625
2.03767e+06,1.32814e+06,920535,814707,592128,413891,858383,622001,785890,15343.3,-340.366,62072.1,66328,35148.3,11023.1,10155.8,27.2667
1.60455e+06,1.27654e+06,754172,368681,201882,160948,752599,319298,692796,4940.03,-635.779,119340,39183.8,14056.9,5423.68,2828.65,27.2674
2.4362e+06,1.83435e+06,796860,400029,281671,200753,841845,306123,784055,9408.26,2192.02,31904,39773,10436.8,6802.65,5350.15,27.2694
1.44496e+06,947751,914774,753981,648798,464826,837472,583729,774998,18047.6,1003.35,93329.3,75383.7,37884.2,12438.6,5655.4,27.2717
1.35697e+06,1.00638e+06,809027,463863,283514,206514,823713,364028,764550,10682.9,1648.2,32594.2,29771,19528.3,5307.49,4180.69,27.2814
1.69799e+06,1.13753e+06,895620,849255,701797,494499,851524,616111,827047,8324.52,2533.25,52816.4,31314.3,19227.2,7561.56,4843.57,27.2819
1.54958e+06,1.07554e+06,864449,403769,336884,239498,843976,311904,776718,9631.33,1669.26,31211,41793.9,16856.4,6590.58,3624.98,27.2864
1.69559e+06,1.21516e+06,837213,643682,447686,309573,867684,484598,796968,11581.1,5448.57,301562,39162,18530.7,11218.7,4259.4,27.2866
1.38173e+06,1.03552e+06,800604,503548,385142,280383,824177,393389,768016,8387.09,134.637,53741,29592.7,32691.8,7491.58,4049.7,27.2893
1.24739e+06,828078,903824,529767,315868,222457,851944,393231,808329,11224.9,2426.01,85257.9,35895.8,25462,11528.4,2286.57,27.2916
2.18205e+06,1.79749e+06,728367,331922,197843,163423,726370,291055,684246,5742.64,-23.4501,134175,21719.5,9233.44,3417.68,5134.2,27.3031
852289,685355,746144,399682,305137,244600,748496,346369,692351,5606.97,1764.38,25053.6,12807.5,2587.62,694.939,1530.26,27.3055
1.21978e+06,963046,759952,458250,296547,239697,742304,396996,692576,5831.95,97.4346,49349.3,34617.1,18701.5,3757.82,3318.17,27.306
2.27537e+06,1.52982e+06,892407,604788,423738,306413,829738,454849,797787,14024.6,3139.24,32402.1,33443.1,41198,12009.3,5892.1,27.3078
1.57666e+06,1.14947e+06,822983,470242,264156,192815,821998,376699,748994,7825.5,-54.033,88409.7,39014.8,22938.2,6004.98,2056.55,27.313
2.26692e+06,1.67326e+06,812876,525731,427385,303158,845866,407360,774348,7144.32,607.983,147838,72014.2,21068.1,9407.87,3421.7,27.3146
1.359e+06,1.00736e+06,809443,491982,483170,366998,789928,392633,751820,5622.87,746.665,50188.5,29311,9325.27,5322.67,4598.21,27.3146
1.47629e+06,1.06477e+06,831891,437907,359747,251850,857051,319036,823556,5829.59,-66.2686,12931.2,26747.7,9703.9,5568.26,3763.97,27.3147
1.25934e+06,848430,890589,617136,380233,268332,850214,477243,775876,4360.19,1888.67,59891,41480.9,13646.4,6042.13,5183.31,27.3148
1.47366e+06,1.00248e+06,882016,606745,469296,319130,882329,455404,799394,8909.96,3531.22,95065.9,40319.3,22373.4,9441.74,5581.43,27.3161
2.02965e+06,1.3337e+06,913088,830431,468123,304672,921889,605696,822622,11842.8,2000.05,54523.7,47728.9,19093,9259.3,4402.7,27.3165
923345,513777,1.0783e+06,828702,540326,353656,916697,578744,859139,10177.7,930.902,63063.6,48628.9,50218.1,8533.1,7863.87,27.3167
2.09184e+06,1.36294e+06,920882,898565,760834,508290,898110,659776,817155,17201.5,966.402,147617,43601.8,29099,10980.2,10719.6,27.3185
1.45818e+06,1.17241e+06,746247,552658,342350,263341,780016,448806,738837,7245.07,2450.25,361289,35799.1,11436.1,8781.63,3158.57,27.3233
1.81421e+06,1.1475e+06,948603,654389,406143,266867,913136,485412,808866,20301,4592.79,18867.6,37003,29842.3,9511.26,7978.2,27.3242
1.59068e+06,1.15431e+06,826822,513259,390044,276442,846566,395859,777942,11074.9,2213,135035,37387.8,13437.2,7853.77,6068.04,27.3255
1.43137e+06,891153,963722,831924,665747,493172,809958,613718,813328,5478.27,4450.26,40170.9,14725.5,3425.53,999.376,1918.83,27.326
1.23877e+06,907607,818928,524598,429692,324656,794118,420722,748140,6585,1570.8,125846,29001.3,13417.3,5908.85,4009.11,27.3267
2.35382e+06,1.56614e+06,901771,644076,429512,258189,998135,443037,872264,5449.86,-319.805,105999,44279.3,15239.1,5089.23,3010.13,27.3279
1.46753e+06,1.03349e+06,851982,438979,221800,161538,823831,348462,755857,12378.7,2672.16,52164.1,39128.7,18867.8,7019.02,2804.93,27.328
1.89414e+06,1.50596e+06,754656,380051,268957,204278,789974,306656,743603,9267.58,2119.93,28522.1,29750.3,12350.7,9181.65,5739.52,27.3339
1.76033e+06,1.24578e+06,847820,496279,330906,242607,818376,402008,740700,7386.57,1643.88,29532.5,58155.3,22648.5,4674.19,4638.39,27.3341
2.02805e+06,1.53983e+06,790239,464801,318684,229468,833277,350591,795459,11991.1,713.807,58072.5,31086.5,14396.5,6419.14,3553.18,27.3362
2.44386e+06,1.79598e+06,816444,439128,336872,252384,800855,340942,772790,7263.92,1179.25,56257.2,69234.3,64518.1,6120.1,13410.5,27.3387
1.78867e+06,1.25765e+06,853337,876998,549525,353315,933205,598985,878484,29548.4,2513.62,215937,47355,21193,12530.1,7250.99,27.34
2.02564e+06,1.47642e+06,823192,418279,290066,222863,780926,336902,744927,5779.11,10.6456,31791.6,55400.8,20973.3,7454.31,7243.6,27.3542
1.81452e+06,1.35333e+06,804471,580628,380495,275367,829065,460134,757121,9421.67,1411.51,63969.8,52891.9,52769.2,10390.5,9395.34,27.358
2.18335e+06,1.70455e+06,768537,425797,339030,247549,821728,339180,753223,16537.3,1991.7,170046,36802.9,16153.7,6912.68,3825.55,27.3667
1.97919e+06,1.52636e+06,778008,486247,370457,280258,793105,392300,743687,5747.74,1926.56,54812.7,30788.3,8949.7,5632.16,3643.79,27.3703
1.2395e+06,904845,821906,459955,338976,244566,831619,361107,764241,5340.33,2297.53,29425.6,30718.2,9266.17,7747.29,5180.4,27.3717
1.91425e+06,1.33166e+06,862496,661517,513464,310365,992634,463615,856120,11555.3,2746.93,158887,37012.9,13115.7,8374.44,4476.04,27.3731
2.00067e+06,1.38379e+06,867475,704965,467273,312917,895969,509211,830655,33290.6,4270.24,121831,48226.8,18415.3,11157.2,5489.04,27.3761
1.56272e+06,1.13226e+06,828108,514445,337595,244680,827844,421058,733075,6925,1438.31,119609,26785.2,16672.5,6394.63,4706.36,27.3763
1.53351e+06,1.09494e+06,840330,531952,422995,318549,796728,431572,739555,17181,760.661,404444,27873.3,23643,8913.21,4314.37,27.3789
1.91788e+06,1.2479e+06,922130,901453,477536,319906,895644,664480,813978,9967.43,3888.13,114525,64107.5,36222.8,7591.51,6086.92,27.3964
1.93124e+06,1.38871e+06,834405,553322,297208,200896,887646,403221,823354,23048.9,571.137,31053.6,46393.1,23534.8,12662.4,8007.85,27.3965
1.26205e+06,873916,866479,499628,314004,223159,844251,395949,757109,6897.43,1337.56,28991.9,32392.8,10896,6375.04,4591.43,27.3969
1.43726e+06,998320,863808,531173,407329,274699,889691,381411,835591,16341.7,3832.99,52155,54405.6,21624.7,9630.94,4285.11,27.401
1.57775e+06,919752,1.02925e+06,1.06644e+06,716076,472293,909701,769740,831274,10740.5,5.69727,230629,66376.1,38751.7,8896.3,7320.13,27.4064
1.51476e+06,1.21681e+06,746920,571622,666791,601775,664824,479714,714953,4498.88,419.502,77198,31703.3,10850.9,4814.88,3185.05,27.4094
1.53357e+06,1.12447e+06,818293,617893,501249,374614,802824,502548,737712,7397.65,120.811,129308,49171.5,15200.4,8106.32,4918.19,27.4105
1.42249e+06,1.02237e+06,834818,661577,508854,398447,766255,513932,772371,13820.2,4009.13,120607,47824.7,34515.9,10499.1,7361.42,27.4211
1.46656e+06,1.07423e+06,819128,372389,256408,187789,819242,292810,763067,9603.92,1121.82,64448.4,31777.2,20606.5,8337.5,8002.9,27.4268
1.4339e+06,1.0093e+06,852415,508091,402517,302513,798346,407299,748479,6506.44,424.586,57031.4,48565.2,46347.4,5354.2,6142.49,27.4356
1.63482e+06,1.07594e+06,911659,894870,505846,324387,935634,627364,855838,12269.4,1397.31,192840,58912.4,36211.7,14004.8,6577.33,27.4359
1.21328e+06,897880,810763,470860,303548,227070,802082,372039,759372,10483.2,1317.94,711.231,22111.3,11087.1,5779.84,3904.76,27.4384
1.02693e+06,696339,884853,340018,180993,124940,869184,265750,767679,4827.17,-36.4311,29014.9,24006,9282.34,4460.68,2443.11,27.4488
2.21538e+06,1.5436e+06,861120,791617,517328,333990,929359,569409,834146,25193.4,1811.8,100032,55981.1,37259.7,11560.6,6503.08,27.4574
1.2381e+06,875374,848622,658738,487472,357328,818529,530915,744456,6918.38,1482.53,103806,41934.8,22659.8,8562.16,4509.19,27.463
1.31648e+06,948679,832617,550930,316481,228623,830576,441612,748526,8720.07,349.026,62673.1,25198.9,21248.4,6230.86,2943.77,27.4638
1.85783e+06,1.20222e+06,927204,922468,646394,404664,958416,619909,892842,24526.3,3433.57,105726,44588.5,29321.5,15179.5,7518.06,27.4684
2.18691e+06,1.60227e+06,818928,378689,242645,186271,781588,314530,722391,6313.17,1226.98,48942,43839,17209,4499.24,8504.22,27.4742
1.80846e+06,1.40872e+06,770260,439044,331055,262773,755911,366542,718680,6276.8,2519.45,76048.4,31659.7,15713.3,5679.62,4416.19,27.4782
1.4934e+06,1.04463e+06,857761,595007,456728,307795,890322,451673,790404,10570.5,1392.67,100874,60323.8,22606.2,7969.18,5710.25,27.4817
1.41879e+06,972000,875794,692138,452083,318333,852095,536971,773380,8697.07,1708.66,97382.6,36205.7,15197.9,7046.74,6618.49,27.4824
2.13232e+06,1.43204e+06,893404,659662,422652,294467,861188,491203,805771,11606.9,4044.57,19353.7,52430.2,24933.7,10953.6,6895.32,27.4841
1.52013e+06,1.19041e+06,766187,290693,179045,140481,764710,235503,740611,11826.3,1279.91,52491.8,23214.3,12595,6162.39,8498.62,27.4881
974559,698761,836818,524743,257365,178707,864091,412960,762412,3868.82,776.217,292907,37764.6,22466.7,7534.2,2049.03,27.4969
1.16077e+06,779957,892950,438203,231156,155359,892728,327760,802178,9038.36,-239.921,43329.3,21876,28341.1,4734.23,3414.52,27.5039
856864,576408,891935,711875,409473,286559,857359,559642,763211,7246.58,2993.3,58111.4,37704.2,15589.1,5637.22,5027.45,27.5048
847123,555861,914390,509678,294301,203354,868340,400225,764088,6508.31,1085.77,58240.3,21921.2,8296.41,5293.55,3634.65,27.5048
1.61507e+06,1.19576e+06,810397,403881,224890,172095,784067,338108,716720,8936.31,189.239,25445.1,55579.7,28919,4467.05,7687.42,27.5127
2.19332e+06,1.42919e+06,920795,543900,318272,218647,873385,431500,756291,8941.74,3726.27,28826.9,30163.3,38162.8,6679.65,9161.9,27.5167
905447,639699,849256,496256,300175,232519,774581,425148,700353,5022.15,1027.42,114227,24882.8,11274.1,4358.82,3155.27,27.5214
1.49579e+06,1.10775e+06,810176,508652,318277,235391,811272,402196,758812,9961.35,1859.98,107828,28678.6,12895.8,7177.43,3732.34,27.5275
1.37638e+06,952293,867201,487219,392569,310334,758993,385821,757687,9198.97,-42.6044,116503,34828.3,20365.1,6835.97,4539.18,27.5301
1.80713e+06,1.33679e+06,811102,659548,564264,408312,829167,517341,764928,16969.4,2750.21,99135.1,39069.8,26185.1,7621.79,7584.44,27.5304
1.26079e+06,885650,854145,582308,304861,222446,822295,459089,761040,7060.52,1062.17,49419.1,23342.6,30199.8,5853.35,3579.65,27.5304
1.70022e+06,1.2378e+06,824146,542437,440149,320390,824274,424938,765905,11354.3,645.633,37501.8,32167.4,23989.1,7281.43,5920.09,27.5309
1.01208e+06,690239,879763,620950,536424,384709,836618,486366,766028,4596.35,2465.28,226510,42623.8,13292.3,6867,4071.03,27.5338
1.85532e+06,1.49829e+06,742975,368490,264154,200333,791146,298734,740104,11607.7,1560.45,94051.2,21723.7,9532.02,6688.44,3327.01,27.5347
1.96384e+06,1.36291e+06,864546,560032,483915,366469,792288,450735,745492,13634.2,2967.45,42948.3,105580,64165.4,8014.16,5141.01,27.5376
1.24799e+06,871010,859684,405251,252039,183112,825851,327005,743568,6894.11,390.466,31041.7,20527.4,16892.4,4956.02,3709.44,27.5393
1.48934e+06,1.04668e+06,853750,635355,638586,478004,801566,490790,776733,8549.61,1485.96,18079.2,53100,58735.3,6648.57,6234.67,27.5438
1.30282e+06,949713,823084,567015,388578,273593,852167,435191,781746,11047.5,1631.66,233218,38086.9,9031.18,7274.19,4750.65,27.5454
2.3464e+06,1.59639e+06,881891,699148,561652,376357,895403,514503,815328,14338.5,545.699,55045.7,101094,40643.8,9992.42,12665.8,27.5491
1.08908e+06,590164,1.10724e+06,923796,612797,334481,1.09925e+06,544351,1.01824e+06,10529.4,3313.81,62551.6,46194.4,43725.7,13706.6,8444.79,27.5509
1.59946e+06,1.15086e+06,833876,703054,494285,357871,828709,565803,745546,8014.25,2016.05,158233,33679.2,29157.9,7536.87,3907.42,27.5599
1.45967e+06,993126,881865,591470,438166,315986,831998,470288,754606,7553.45,1534.65,21697.4,48020.8,42533.7,6546.36,7380.82,27.5713
1.92074e+06,1.44238e+06,798988,587692,469899,356835,790112,467308,754567,15158.8,3168.55,125806,39023.2,18794.5,8799.68,9177.55,27.5736
1.6363e+06,1.05526e+06,930363,945585,573739,373266,922247,715637,792791,15991.1,1905.32,132578,72194.8,33929.1,10441.7,9187.83,27.5745
1.48448e+06,940390,947147,1.19397e+06,686213,424673,969517,820523,873078,19764.9,4967.42,56085,49299.3,68327.3,15758.1,9397.31,27.5829
2.28825e+06,1.53996e+06,891549,609864,486625,350118,833933,487718,750267,9303.9,141.274,260052,184159,31505.4,12807.8,4670,27.5907
2.37243e+06,1.60376e+06,887575,724570,655381,455500,863290,513091,847300,8354.33,845.748,113719,27871.3,17324.9,7186.8,3691.33,27.596
1.97563e+06,1.37659e+06,861098,459462,343233,261081,788797,381043,723480,11884.5,165.771,224178,40335.8,16500.7,6430.69,11424.1,27.5962
1.92058e+06,1.45786e+06,790436,515204,358771,255587,842228,394330,783918,12359.9,1648.97,116076,35238.6,17206.9,7459.02,4891.38,27.601
1.6377e+06,1.20118e+06,818043,501246,427564,319726,802369,399132,753505,19478.7,2658.49,117723,39588.2,22788.2,6833.67,4866.62,27.6048
2.0409e+06,1.45809e+06,839827,490003,290000,213542,814827,397616,739411,7315.03,1367.69,159888,35654.7,22694.4,5219.87,6822.91,27.606
1.28292e+06,830954,926347,712763,483732,338625,857111,539877,792139,6617.83,2667.75,109314,34166,18897.7,5472.53,7169.51,27.606
1.61186e+06,1.20134e+06,805031,591097,351584,246553,855598,447585,792382,21292.7,3445.72,29985.2,42658.5,26637.7,7552.2,4292.46,27.6061
1.83386e+06,1.23702e+06,889491,553389,288476,203606,850101,434068,764934,13106.8,2077.82,60616.6,49953.8,40589.2,5739.4,3517.36,27.6112
1.64327e+06,1.17047e+06,842363,485022,271992,193825,841973,383107,759614,5344.59,1962.49,50309.6,31313.2,13027.1,8171.77,3492,27.6128
1.41382e+06,955784,887533,536456,380568,269822,846264,420143,766105,12431,1178.95,115361,21707.4,20755,6108.11,3361.18,27.6153
1.80163e+06,1.38882e+06,778342,460274,307267,237481,776316,372360,741660,10358.8,4046.03,28504.6,43927,19469.5,6409.78,11369.1,27.6177
1.5538e+06,1.12488e+06,828778,417762,253893,186642,816193,333669,751215,12201.5,392.952,106679,23976.2,13068,8774.99,7002.18,27.6184
1.90915e+06,1.38983e+06,824196,319521,176536,131087,808024,253796,755380,5620.2,4413.61,62615.4,17648.7,10424.5,7446.62,1590.04,27.6186
1.31655e+06,752339,1.04997e+06,360455,223991,122809,1.09434e+06,217786,993054,9973.54,3529.8,121094,27590.6,8589.13,6376.36,3951.75,27.6255
1.4275e+06,1.00163e+06,855110,528036,429269,301717,853652,398664,794708,12130.2,2452.64,24582.5,32459.3,15109.4,7659.43,6444,27.6282
1.91948e+06,1.44061e+06,799443,377732,345170,264078,784245,310278,730439,5783.62,1588.78,65391.6,29983.4,3786.31,5109.72,3748.38,27.63
1.05274e+06,534733,1.18123e+06,896126,642871,374458,1.03008e+06,540118,995478,16661,1840.85,39858.8,45629,55346.2,9357.75,5989.76,27.6389
2.17928e+06,1.74406e+06,749727,390459,275890,209196,791288,315629,742249,19410.8,359.858,132267,29144.5,15715.6,8554.62,4535.89,27.6398
1.72578e+06,1.27574e+06,811664,420080,257289,189287,815553,348756,722705,8461.15,-180.929,64336.8,30016.6,20662,6731.78,3814.53,27.6411
1.20418e+06,712905,1.01347e+06,841759,640360,429656,894240,633834,796826,7998.63,1124.51,92890,54100,23195.3,6660.6,6883.69,27.6431
1.26788e+06,931997,816237,528980,318842,247645,772497,439549,722076,3965.39,1054.9,52632.4,36511.4,48480.2,5164.56,3886.48,27.6463
2.14814e+06,1.46791e+06,878042,716691,371629,250857,888863,545794,787869,11808.5,831.799,73024.5,83146.5,39343.1,7338.93,12974.2,27.6521
2.42935e+06,1.51675e+06,961008,808112,512921,332636,925194,577969,838915,23868.2,4081.45,70329.3,76985.4,57577.9,12178,6188.88,27.6535
1.82334e+06,1.364e+06,802057,540429,463715,348380,798636,417368,776910,8001.29,587.931,28120.6,57547.1,25553.8,6699.22,10193.3,27.6579
1.61665e+06,1.07048e+06,906127,655227,355253,232223,917876,478394,821783,13246.8,1224.7,89337,37683.5,29585.5,8728.94,3750.2,27.6601
1.43965e+06,1.04876e+06,823633,388349,311180,228079,818612,311201,748743,11459,306.512,194078,23809,8141.28,7581.52,3132.23,27.6689
2.38245e+06,1.37996e+06,1.03588e+06,785615,536385,334510,962097,552717,852821,11146.1,3606.29,56088.8,67825.8,43322.8,11251.3,12722.1,27.6697
1.26333e+06,850602,891130,510220,444271,322377,826866,405287,755346,6323.15,503.311,40944.2,24074.5,10656.9,4312.05,3912.84,27.6741
1.40228e+06,964291,872522,603095,525865,386529,816288,471035,768217,8604.38,3796.79,107500,34330.3,19761,5976.8,7333.29,27.6765
1.31559e+06,753486,1.0476e+06,799620,576309,346292,998538,528528,907751,16484.6,3094.62,63913.9,51046.6,30506.6,10657.3,7100.18,27.6771
1.28395e+06,783794,982875,825740,608754,391475,933015,588945,841240,9332.75,3039.99,51455.3,34018.9,26114.2,7279.38,5820.39,27.6779
1.72086e+06,1.25063e+06,825599,509158,322885,213978,905377,362860,841909,10644.2,5413.85,17633,31170.7,18349.7,6433.52,4517.98,27.6786
1.34717e+06,937733,861976,651637,379666,262774,866904,486608,803485,9091.45,3273.73,233636,34470,15653.3,5436.13,5304.44,27.6825
1.47674e+06,1.12187e+06,789791,432005,342993,265889,773992,372084,696625,5638.19,-28.0148,43787.2,26671.1,20209.9,4931.01,3855.35,27.6907
2.03165e+06,1.61629e+06,754190,333796,183005,127608,860469,254993,785424,18404.3,1934.88,56372.7,33174.8,13127.3,6976.53,3529.69,27.6929
1.22034e+06,854178,857206,634332,477539,329855,868634,483087,787848,10675.6,1539.02,39595.3,39737.5,16993.9,6021.36,8828.54,27.6956
1.04308e+06,574947,1.08854e+06,877319,577729,361747,958232,598789,879094,15045.4,1531.42,103849,38663.5,31974.8,8171.96,7010.6,27.6978
1.57734e+06,1.16249e+06,814120,479194,273671,194622,843701,397376,723538,6964.01,742.518,62616.2,26012.8,12220.9,5694.2,4308.17,27.7025
2.17921e+06,1.55905e+06,838668,563972,429144,311965,825369,448764,754034,17056.9,1581.64,156244,46979.8,24295.5,10479.7,3724.36,27.7029
1.37045e+06,881157,933170,1.01183e+06,603008,396342,912860,718163,845353,18316.8,2832.7,212309,97860.2,40562.1,13947.7,6227.98,27.7043
2.24758e+06,1.37812e+06,978542,857617,493783,329597,898885,632458,813604,13131,3993.29,386636,46781.2,33057,12528.5,5842.11,27.706
1.78648e+06,1.36504e+06,785245,335779,258367,205138,755688,286586,702991,8516.01,226.028,29163,40633.7,28113,4413.01,4370.67,27.7078
1.23275e+06,852562,867564,650638,540998,392059,827933,515267,757632,8070.65,1546.46,97574.5,41745.8,9744.99,6381.93,7323.48,27.7235
1.52804e+06,1.1545e+06,794130,502411,367116,278598,790635,402394,749133,9101.16,684.026,108051,38607.6,11947.1,6709.28,4190.5,27.7244
982357,649817,907046,769425,583690,388101,902379,569487,810651,8833.36,2821.44,108875,51849.4,17666.3,7989.35,6925.89,27.7261
1.48197e+06,958017,928149,774874,605247,418082,868605,588850,789547,10927.9,2995.12,53317.3,34485.5,25720.6,8377.05,5968.79,27.7306
1.47702e+06,1.04629e+06,847002,568010,447507,329071,815946,451186,755355,8941.81,1566.96,118202,38550,35006.8,8554.02,4420.87,27.7307
1.39602e+06,1.04175e+06,804045,550093,389761,287563,813237,430218,767183,12964.6,1412.75,118677,30883.7,13556,6888.14,4870.58,27.7314
2.29772e+06,1.90462e+06,723833,280218,210196,180425,699003,250969,669925,6540.58,428.895,47831.2,31906.5,11342,8684.85,3220.2,27.7344
2.04365e+06,1.28894e+06,951313,816539,462677,291700,951684,586163,835814,23689.1,4696.86,115596,69094.8,28398,12619.1,12230.1,27.7359
1.1724e+06,775785,906749,623787,485925,322190,904916,466420,802436,10074.7,227.258,95268.1,48834.3,19710,6171.43,5511.76,27.7373
2.24648e+06,1.56669e+06,860341,620330,419894,291592,864003,460227,808727,11322.8,3165.94,96639.6,72641.5,23111,10261.4,5405.37,27.74
1.84775e+06,1.25918e+06,880455,469890,251396,159277,947014,334204,843598,3617.79,1002.3,103849,18831.7,26548.6,6856.16,3426.17,27.7406
1.78102e+06,1.35337e+06,789591,437151,364210,278216,785455,353955,741028,7216.53,2250,33420.5,33859.7,9846.22,4878.87,6758.98,27.7477
2.19857e+06,1.68178e+06,784373,318588,260551,197584,791212,266102,718345,10996.5,754.978,65542.1,25258.4,6791.16,7959.87,3194.4,27.7509
2.51922e+06,1.6505e+06,915805,1.00455e+06,859141,590184,873430,701431,859286,16130.6,2241.89,576336,80200.3,31231.1,14191.7,8850.11,27.7548
1.76523e+06,1.3321e+06,795092,638219,426956,292988,874348,478838,799710,14715.8,1868.07,249424,43283.6,16862.7,10702.3,6524.6,27.7562
1.1454e+06,815687,842528,450894,387069,282380,822442,355650,760682,5084.6,76.0528,103026,32348.1,11674.2,3965.32,4086.59,27.7567
1.49199e+06,1.09904e+06,814520,603700,390468,284387,823810,476660,759912,9837.69,4255.46,46343.9,38223.2,16368.3,4732.08,6361.22,27.7621
1.66575e+06,1.20747e+06,827721,492828,367650,262811,839348,369223,800863,8783.6,4878.72,28728.1,34704.7,29012.3,7710.75,4859.94,27.7668
1.79583e+06,1.24772e+06,863574,696704,546487,385042,851575,513251,814460,7652.29,1708.63,105909,60464.1,44904.5,7590.17,5706.51,27.7672
2.22344e+06,1.334e+06,1.00005e+06,907509,553831,344529,964500,607120,896866,15821,4992.98,62445.7,61098.7,46380.1,14359,11400.4,27.7725
1.31328e+06,791841,995110,903422,565629,381145,890416,658210,823526,11608.6,3376.45,50419.9,55171.5,26703.4,10722.8,6259.23,27.7786
1.68102e+06,1.06852e+06,943931,892519,512813,347891,884438,674833,793547,6462.47,3904.19,48964.7,95499,33146.4,8179.91,5132.08,27.7846
2.2567e+06,1.68991e+06,801235,362586,301482,206997,873873,272404,798635,7244.89,118.701,131656,94533.4,11124.2,6669.95,2774.33,27.7903
1.57217e+06,1.16007e+06,813141,469366,346825,250247,831559,358447,785666,7893.98,4722.21,30317.8,44149.4,23004.1,7412,5472.87,27.7915
1.70544e+06,1.10434e+06,926582,701158,519793,315728,987798,459367,915814,10915.7,5130.09,68477,79130,20216.9,13292.8,8326.9,27.7919
1.69355e+06,1.32235e+06,768430,477777,315918,233970,810151,377427,759528,10484.4,1830.92,52717.6,29248.9,13989.8,6483.69,3521.65,27.7963
1.20799e+06,731892,990305,923149,655159,423644,927891,681578,812658,9723.26,3592.98,145905,53636,22113,10217.6,9151.96,27.7969
1.2523e+06,919843,816856,771637,588012,434322,812316,594700,778514,9083.84,1753.5,47140.2,42546.8,17309.8,5647.32,9453.5,27.7978
1.47518e+06,970119,912370,895552,518425,334809,929052,641405,837741,11162.3,3867.53,54619.5,63302.9,90565.1,11865.8,7221.11,27.8006
2.01044e+06,1.40714e+06,857247,674449,501231,343139,876433,482025,839519,7906.02,3792.22,342483,39144.1,34188.4,7445.62,5530.28,27.8013
1.94315e+06,1.56343e+06,745727,488233,294467,209865,841875,388489,754049,5558.49,2563.03,965790,33727.9,7882.19,4777.75,5684.52,27.8029
1.86138e+06,1.29622e+06,861601,680816,416183,279114,894652,512748,796667,8398.61,4643.58,95608.5,44430.6,12481.4,8949.53,5652.99,27.8111
1.58669e+06,1.21876e+06,781137,480173,356618,264647,808515,394816,729716,4065.35,742.637,60172.9,36643.9,14607.7,3979.57,7348.37,27.8124
921025,605247,913041,596502,358124,239051,898865,443630,806756,8212.18,203.419,501395,35452.1,23533.8,6803.6,2466.9,27.8137
2.4908e+06,1.75509e+06,851514,552544,409680,316637,776308,439808,753797,8634.01,1173.52,229462,62903.2,24551.5,7785.72,3187.45,27.8185
1.76954e+06,1.38416e+06,767052,422412,348414,271635,769593,354656,714629,7792.55,425.705,43584.6,33254.6,11698.2,5142.12,5205.97,27.8195
1.39523e+06,945654,885247,837970,568291,414376,822863,664104,757084,10922.1,4973.96,69640.5,35317.1,23196.7,7251.14,6462.57,27.8204
952671,604134,946152,550315,436568,305767,856669,424238,778311,6878.52,478.435,30238.5,27525.6,39046.1,6278.81,4941.52,27.8252
1.98998e+06,1.42175e+06,839802,433008,315793,226230,837535,340280,763503,5276.75,752.707,68489,22396.6,29107.3,3869.45,10054,27.8253
2.1983e+06,1.68198e+06,784180,412800,313561,234656,801756,322530,767929,11651,2670.53,137832,30345.9,9677.03,6150.12,4444.72,27.8291
981550,667518,882268,580779,427419,302168,848704,457901,761011,7693.94,2806.56,33186.5,34280.4,16790.1,10124,3582.08,27.8303
1.38321e+06,995944,833308,528158,376553,266797,846831,405714,781080,6245.52,824.468,49912.9,28308.2,10831.4,5240.83,6276.58,27.8396
1.67854e+06,1.20405e+06,836447,651323,420279,295247,854090,480176,813855,10801.6,-52.65,99236.1,32256.5,41916,8392.95,4756.88,27.8481
2.05127e+06,1.52929e+06,804792,347658,268559,212732,757456,290196,718806,10110.3,2389.46,31586.3,79930.1,29403.1,6292.1,4265.57,27.8484
1.22322e+06,912314,804473,625684,583814,428102,818236,509675,736569,7900.38,420.539,85452.5,36772.8,12910.9,4894.29,3877.13,27.8518
1.37174e+06,999565,823400,562049,444457,319379,834977,439046,768096,7444.04,2025.73,18224.6,51222.2,22611.8,4974.78,7639.55,27.8587
1.47981e+06,1.16556e+06,761766,441360,375371,292821,769149,365608,724316,4014.47,976.417,181899,30126.4,10475.1,7234.7,3531,27.8594
1.23671e+06,831535,892357,595415,319686,226662,846245,453602,787582,7810.8,3465.88,46500.7,36054.3,36227.4,5210.2,5132.37,27.8598
1.39656e+06,959411,873387,588554,463093,325057,854792,464105,760889,4511.21,2038.68,188677,30980.1,9936.07,8172.54,6897.8,27.8671
1.96501e+06,1.37253e+06,858998,526491,384948,277983,830873,411341,767963,13018.6,3549.34,130876,30164.7,12042.7,7847.36,4162.15,27.8746
1.99168e+06,1.45853e+06,819323,414466,267133,192931,830762,333584,745478,8089.4,877.369,110024,25896.6,11946.9,5248.03,4225.57,27.8774
1.6426e+06,1.16304e+06,847403,473818,347925,243818,856192,368927,770588,13621.1,3279.65,28215.3,36233.5,19812,7776.74,4666.73,27.897
1.76742e+06,1.29727e+06,817450,516223,401501,299007,805668,422265,733506,10819.2,896.084,189791,47080.1,15611.1,7505.9,3776.11,27.9011
1.97595e+06,1.44475e+06,820604,397703,372300,274545,813638,322521,739864,8591.74,1423.34,47315.9,33346.5,13027.8,6877.61,4583.85,27.9036
1.8386e+06,1.14622e+06,962427,882798,557764,359217,931633,609729,868712,11909.6,1608.61,50747.3,41847.8,57613.1,8887.82,7436.78,27.9102
1.79356e+06,1.36259e+06,789775,471511,341969,246913,830988,361604,782366,19282.9,1585.32,114098,49663.6,29253.1,7019.41,3457.03,27.9119
2.10195e+06,1.5636e+06,806583,403724,306179,227552,807321,316965,764230,8852.01,2619.23,31668.5,34367.1,33082.5,8046.53,9621.7,27.9131
1.55844e+06,1.11807e+06,836318,404280,353857,266297,797284,321091,755449,11145.9,407.741,63608.8,34817.1,19123.4,6190.24,3744.37,27.915
1.85171e+06,1.44222e+06,770355,480330,356737,269481,794276,389064,740748,9518.85,2258.26,128866,40435.9,5244.04,5276.64,4812.38,27.9153
1.49827e+06,1.14092e+06,787929,523629,351778,244563,863037,396469,792439,15193.1,1121.7,91540.4,68919.8,29009.1,7914.55,2912.38,27.916
1.20299e+06,884629,815929,514736,304362,232741,784636,416272,741923,6282.57,1025.76,70142.9,31557.6,11285.5,4895.7,3600.15,27.9185
1.06867e+06,587208,1.09195e+06,655713,375106,195045,1.15391e+06,379356,1.03709e+06,6631.4,723.198,110159,27446.2,22021.9,6462.59,4120.33,27.9226
1.8434e+06,1.32441e+06,835121,544909,325364,241467,808467,430200,759985,11979.2,4686.22,66941.4,48597.4,20384.7,7253.17,6705.02,27.9231
1.10714e+06,723437,918229,813348,463180,323351,859462,619953,787171,6437.8,1710.21,194149,44613.2,27890.9,5172.17,6501.64,27.928
1.27668e+06,876535,873905,822206,536698,359570,895566,594814,829374,13105.6,4201.22,193902,54485.2,33794.9,10675.9,7362.21,27.9331
1.35419e+06,1.06443e+06,763331,506200,325107,244163,798910,415543,730900,6930.36,1166.68,30044.3,21580.7,13121.9,5127.36,4256.31,27.9336
1.26989e+06,930085,819207,506439,288069,219254,788315,416659,729286,8292.55,798.527,60910.2,34667.2,31164,5493.83,4163.84,27.9341
1.37193e+06,990195,831309,715271,606535,359874,1.01125e+06,491417,873317,9594.85,2663.6,35838.5,50400,23077.3,5478.06,5873.28,27.936
2.24309e+06,1.59347e+06,844607,200746,120143,85603,842092,153679,783763,9374.19,583.66,107223,28496.2,10529.6,6393.02,2707.43,27.936
1.86852e+06,1.40897e+06,795698,424551,375996,295965,762245,343581,741399,14350.9,1697.42,101167,32869.5,11501.2,5997.38,5531.48,27.9365
2.33575e+06,1.73397e+06,808234,349448,290800,220626,790841,285958,733214,9057.87,2450.22,25989.3,31684.3,18704.1,6023.97,5798.38,27.9388
1.37542e+06,1.02054e+06,808642,660633,442747,306482,866765,501902,789756,9544.01,4306.56,63840.8,30063.9,12448.5,8147.81,4138.94,27.9427
1.18961e+06,714417,999093,761091,548794,361592,910630,548169,833054,13425.8,3355.77,70786.6,39336.1,32945.5,9638.44,10049.9,27.9443
1.19566e+06,904912,792781,581806,369096,293089,755598,484194,720958,8042.45,27.8914,125048,36106.7,16668.4,5760.62,3747.31,27.9463
979005,724205,811101,501760,416646,321112,778505,395394,761408,5845.84,79.6957,27788.4,45594.2,36946.8,4175.72,4832.17,27.9496
1.0494e+06,747699,842107,487437,318752,236284,809411,392379,745357,4999.57,578.975,129503,21412.4,24407.6,6113.54,6028.11,27.9539
1.96864e+06,1.47717e+06,799625,550432,458389,354337,776192,458003,721085,10848.1,2863.22,112295,49767.2,23431.7,6088.21,8060.58,27.9556
1.79148e+06,1.33191e+06,807025,566462,467483,332485,843616,420601,808075,18594.1,2946.23,96476.3,53026.6,27782.1,10728.4,4987.2,27.9581
2.1849e+06,1.36163e+06,962775,707995,381397,247084,926155,521858,814009,9165.34,1757.65,33940.9,72407.8,44133.4,10345.7,7637.75,27.9602
1.56574e+06,1.16392e+06,807137,459383,277060,212638,781779,364583,756015,14725.2,1350.65,216894,52819.8,21708.8,7524.68,4094.14,27.9605
1.26995e+06,965194,789449,303535,201861,158239,765403,252988,719881,5457.27,-171.892,50295.5,26648.4,6770.81,3628.53,3074.16,27.9619
1.18912e+06,908255,785541,485820,300198,231737,777254,399506,729632,4898.32,2291.21,102474,33269.5,13716.1,5790.36,4853.32,27.9634
1.43614e+06,965207,892748,634135,574941,424758,812144,493077,771647,5143.35,2180.74,47060,50025.9,30726.1,5244.87,4685.34,27.9745
1.43132e+06,951625,902448,693035,494739,327061,907608,506925,820281,11991.7,2719.68,35577.6,53393.8,48557.4,9405.9,5986.26,27.976
1.39744e+06,949043,883484,569301,303078,199222,912786,418520,816164,9610.33,4350.08,949903,18267.2,10484.9,7595.84,4835.2,27.9764
2.14809e+06,1.49937e+06,859594,515455,414675,302404,822757,410557,753302,7460.5,1743.64,42179.1,53528.1,43425.7,10585.9,6219.02,27.98
1.70364e+06,1.22671e+06,833275,749199,630113,445297,849024,582165,772151,7056.99,2141.9,97533.2,25813.1,21749.2,7707.19,7130.32,27.9876
2.00022e+06,1.45615e+06,824182,725853,501098,314470,956081,497820,874838,24820.5,4469.48,128060,63659.9,39708,10970,7352.52,27.9891
2.12859e+06,1.58489e+06,805831,372830,274688,196965,836763,284236,787014,19178,3567.75,35775.6,33264.5,12407.4,9012.42,2901.35,27.9976
2.00231e+06,1.566e+06,767169,384440,303773,232294,784625,309291,745784,7559.35,240.814,114240,19736.2,17864.6,5280.72,3666.75,28.0015
2.09217e+06,1.54409e+06,812973,571556,457444,324161,846698,428097,801065,16221.2,3597.17,122861,57117.6,26960.9,9058.49,5468.42,28.0017
1.61746e+06,1.11933e+06,867016,570538,381584,265566,862122,446142,767296,15236.8,4601.35,12728.7,41513.1,16958.9,6618.93,6327.16,28.003
1.25454e+06,828404,908647,410948,330695,230932,859202,319821,770958,10211.6,815.478,252516,38192.9,13128.9,8611.88,4293.51,28.0061
1.65455e+06,1.24793e+06,795500,397185,236188,179199,790812,325535,732059,7335.32,3.48419,54779.2,30808.5,12429.8,6535.22,4311.07,28.0123
1.73271e+06,1.17027e+06,888367,556204,446484,318347,841504,432632,771377,16607.2,5164.4,62585.1,54921.2,39443.6,8793.17,5308.5,28.0141
1.61961e+06,991996,979607,903562,585726,371201,946752,636594,851621,13843.5,4075.28,56684.8,49821.4,16134.9,10012,6597.98,28.0154
2.76865e+06,1.89704e+06,875672,700330,477361,333500,858821,544526,771677,11519.3,1809.89,74791.6,90370.1,51890.1,7416.54,4945.37,28.0303
1.86498e+06,1.40064e+06,798915,406383,351282,265058,795180,316571,770221,10472.1,4191.71,28293.6,27735.1,8868.54,6246.22,5868.62,28.0443
1.51356e+06,1.07875e+06,841844,555618,317151,239024,796114,465870,715588,7185.33,3070.21,71107.7,19548.2,10285.9,4173.88,2460.62,28.0448
1.48548e+06,1.04491e+06,852980,551708,467061,335626,834967,438285,755273,9600.82,3437.55,16520.3,49313,13029.6,9628.95,8204.87,28.048
1.54795e+06,1.10612e+06,839669,490081,256423,182560,842757,387338,759152,12509.1,1397.85,66079.7,30257,18680,6295.3,7757.07,28.0489
1.78951e+06,1.4323e+06,749638,398447,236604,183007,775721,329674,725166,12590,1742.13,23446.4,28537.7,14606.2,5813.15,3624.64,28.051
1.85877e+06,1.40142e+06,795813,515497,372900,285378,784013,427100,724182,4085.55,2559.49,1.25224e+06,31874.7,7904.98,3721.44,2246.07,28.058
1.586e+06,1.01253e+06,939820,574418,304199,193503,943239,414156,832176,7435.11,2066.94,22526.3,31840,19568.7,5132.4,3829.6,28.0664
1.39746e+06,1.10084e+06,761670,427229,303656,243593,747944,357258,717514,9063.07,988.838,103246,30937.2,17461.2,5073.43,4535.72,28.071
2.3462e+06,1.62062e+06,868628,759246,608754,442523,825386,591878,769664,9535.75,1598.17,192594,127556,70988.5,9386.87,8449.21,28.0746
1.57235e+06,955635,987209,1.04482e+06,602040,368555,980109,692966,904651,17437.7,4602.93,193743,40810.9,28703.2,12036.2,7956.81,28.0751
994700,757790,787580,686118,456826,350032,783059,552304,745370,9831.79,1670.21,46918.7,56216,50031.5,7812.3,5842.82,28.0764
1.59292e+06,1.17214e+06,815391,522004,424072,318278,799436,405437,772506,4516.28,2062.96,65957.7,37501.1,46985.2,4908.45,5321.74,28.0838
1.44824e+06,1.04426e+06,832115,475042,389729,302570,772837,385826,738740,5753.28,1892.78,22294.5,27682.5,16194.9,6707.8,5807.63,28.0838
2.237e+06,1.32556e+06,1.01256e+06,1.5131e+06,836760,516540,971959,996323,911211,20142.3,4110.3,110065,123672,155530,15920.3,11986.5,28.0936
1.37147e+06,1.02518e+06,802667,362822,302708,224297,809751,291114,747794,6933.18,672.705,197241,39519.6,10954,6467.52,3129.16,28.0941
1.66151e+06,1.17246e+06,850264,562872,268789,189769,849841,449264,751725,7670.22,2595.09,65459.9,36873.1,15017.6,6379.94,4159.62,28.0945
981656,698420,843323,629297,349521,261921,800670,528196,714845,8921.83,1356.16,103551,30030.1,14863.7,7493.04,5030.87,28.0993
1.92408e+06,1.38022e+06,836421,570053,414914,277949,895662,411787,830604,10056.6,4453.18,220314,43593.3,10390,7644.09,7099.84,28.115
1.73389e+06,1.3504e+06,770388,385690,310130,234331,794082,312783,739854,9123.71,2098.4,30803.8,33865.8,16708.4,6619.55,3459.62,28.1195
1.51166e+06,1.18428e+06,765863,411118,331238,267979,741635,349564,705652,4784.98,-450.672,216778,49882,12614.8,6634.02,2880.74,28.121
1.53166e+06,1.16485e+06,788939,376651,246333,176989,835078,296338,762610,13768.2,3513.44,68731,33516.6,17834,5404.96,3414.37,28.1221
1.8665e+06,1.33247e+06,840470,521450,444481,310949,857661,395040,791996,4443.22,1322.2,96584,17599.4,23698,6544.32,5969.64,28.1235
1.63131e+06,1.14434e+06,855329,609531,302865,209750,866360,461897,791775,7401.06,5051.7,24796.1,48734.5,66972.1,11798.1,4949.05,28.1315
1.28371e+06,967072,796452,570229,484907,375470,774880,468212,730731,6520.3,523.447,111633,41587,20386,7913.04,4947.81,28.1344
2.17013e+06,1.62688e+06,800354,484208,334022,257002,779812,392070,741002,13021.7,3133.1,107576,44662.1,17672.8,7280.1,5776.42,28.136
2.04532e+06,1.54337e+06,795137,504029,336053,245394,821665,400243,755584,17505.3,2271.33,118484,40264.7,20977.8,7357.78,4907.84,28.1381
1.1833e+06,872725,813518,576696,493341,381656,775580,466734,741359,5501.38,634.557,239340,36614.8,42996.7,4740.71,4072.31,28.1453
1.44852e+06,994596,873833,624550,475042,329549,864894,482946,775925,11301.6,3025.15,114399,43870.9,48578.5,9058.49,4646.71,28.1484
2.17846e+06,1.60608e+06,813830,475862,406691,305716,798174,377839,755658,12381.1,2895.97,59549.1,47485.6,12535.2,5899.53,5911.67,28.1603
2.06529e+06,1.41335e+06,876767,579316,511375,365252,840037,442497,785518,21682.9,2503.05,101196,59746.9,35789,10163.8,4246.42,28.1603
1.35264e+06,874550,928002,480229,214314,137296,936578,351882,818847,14491.7,2517.02,28111.3,35938.5,21136.3,10199.3,2133.55,28.1623
1.61144e+06,1.0057e+06,961385,918069,624555,377607,992389,549803,1.00189e+06,4108.55,1341.23,151868,24395.5,75491.2,3720.53,6329.94,28.1632
1.2636e+06,919479,824554,642038,412480,296708,834112,503429,765197,6253.76,1005.53,259764,35742.7,23885.9,6312.69,5091.61,28.169
2.08776e+06,1.51927e+06,824513,401361,262739,197236,799263,335786,717174,4566.73,182.307,66517.9,54684.4,19755.3,5800.1,3870.93,28.17
1.80956e+06,1.4598e+06,743756,465302,354210,270640,785272,377105,740327,10681.3,1767.38,62164.5,50702.3,22542.2,6411.54,3967.56,28.1704
1.27244e+06,840411,908442,597233,337510,235890,858476,458077,782270,8606.53,506.984,104675,23910.1,14835.1,4905.35,4444.11,28.1764
1.94411e+06,1.3776e+06,846739,613061,518504,386114,805727,495450,742429,7837.65,2580.07,26565,51206.7,27925.5,6875.65,5169.22,28.1764
1.30327e+06,914275,855278,684016,388587,270478,862002,529394,775244,12203.3,674.403,34967.2,40204,48528.4,6431.14,4387.27,28.1791
1.93962e+06,1.26368e+06,920937,565119,447045,288839,928639,414646,817737,5215.7,4146.57,117043,78837.5,29487.5,10543.9,4360.84,28.1854
1.76705e+06,1.37305e+06,772171,476332,381989,281103,815337,372727,766779,8744.58,615.313,128176,39152.3,11498.1,7819.83,3750.02,28.1862
2.26244e+06,1.3704e+06,990566,951494,750262,490023,918644,628437,908438,19458,3991.44,85899.5,80404,47126.9,23970.1,8639.1,28.1941
1.30406e+06,777305,1.0066e+06,851148,381627,241109,949680,589601,866161,18309,3855.56,46628.4,32454.3,31822.9,12178.5,4961.16,28.1945
2.09854e+06,1.49773e+06,840688,548454,405236,275171,883602,418068,787126,21522.3,3932.29,68861.5,35684.1,19587.9,9552.17,4834.15,28.2072
1.34964e+06,931627,869217,608657,520952,351708,888724,440090,829818,12273.3,3339.63,47880.9,36090.2,16466.9,8571.1,5310.43,28.2196
891674,608297,879512,564891,306551,219749,837002,437545,774628,6176.58,718.501,123742,17820.9,12693.5,6882.74,3487.63,28.2209
1.61306e+06,877190,1.10333e+06,607495,426631,267080,958435,415672,876887,12857.6,3542.7,25851.4,41870.3,18156,6763.91,9061.55,28.2213
2.10903e+06,1.55072e+06,816022,430791,348904,245450,852891,334324,773126,9736.01,3220.69,27284.6,55028.5,40414.1,6525.01,5775.14,28.222
1.6116e+06,1.27272e+06,759755,471316,309903,239805,775387,389814,725448,5264.91,910.2,113911,20184.8,19816,4279.8,3917.42,28.2246
1.28711e+06,957432,806601,387693,335078,265731,756580,327415,710462,5644.94,101.078,27376.2,30100.5,12282.6,4529.76,2346.74,28.2274
1.80569e+06,1.4003e+06,773702,314818,194605,149966,778595,250715,753408,7417.45,348.688,32906.4,41628.4,18210.7,5346.14,3910.45,28.2277
1.26795e+06,950844,800102,586710,384420,260754,884558,433186,812645,10209,2876.63,266052,35865.7,11906.9,5164,4260.95,28.2308
1.86612e+06,1.3635e+06,821175,526288,397345,288634,825983,411888,766648,8300.47,2190.92,162551,36396.5,20379.7,6795.1,6161.65,28.2362
1.9962e+06,1.51735e+06,789351,471758,356149,256393,833444,374945,754924,12356.5,889.137,111027,34999.1,12898.1,7910.4,4328.29,28.2387
2.04249e+06,1.32159e+06,927285,1.07185e+06,989188,689520,860763,800409,803476,12248.5,4272.39,98141.2,48111.2,15165.4,10759.1,8268.11,28.2428
1.70817e+06,989540,1.03574e+06,989952,549220,299164,1.10151e+06,584469,1.01626e+06,11716.1,3953.2,52928.3,24350.3,30670.8,9402.66,4998.15,28.2445
1.20967e+06,802611,904303,562611,444564,303330,879367,425980,792447,10390.2,2993.69,31541.5,28437.2,22675.1,8357.29,5712.44,28.2497
2.19643e+06,1.50377e+06,876368,566140,472213,319956,885522,413806,820878,10724.1,2551.92,55768.9,47472.5,16948.7,10326.4,4285.06,28.2548
2.08352e+06,1.40473e+06,889927,697811,544111,392866,830988,537899,778374,15776.8,2399.18,70585.7,113228,45556.5,9545.48,10052.8,28.263
1.78364e+06,1.33318e+06,802728,594200,400060,285917,839530,452151,788498,16118.7,4023.76,122103,35891.2,23552.5,8765.54,4574.69,28.2634
1.45695e+06,809688,1.07964e+06,636147,525134,301459,1.04518e+06,414155,921607,5514.36,1605.21,104412,60800.8,18429.4,7928.89,4735.83,28.2677
1.63175e+06,1.18532e+06,825979,646069,358674,258405,832819,515789,751550,7386.95,2119.75,79163.1,55591.5,26412,6072.16,6233.51,28.2693
1.72651e+06,1.32828e+06,779884,466951,383981,291868,789359,378095,741006,8967.98,1215.29,107028,47695.3,13167.9,6268.3,5322.53,28.2696
1.02736e+06,699629,881065,605744,423669,281041,904499,441798,822653,7598.72,613.42,84490.4,43280.7,27696.1,7731.59,3960.89,28.2772
2.41974e+06,1.80358e+06,804981,524954,386383,283308,818295,409137,769846,9719.58,917.274,29310.7,83293,33068,6300.15,6899.95,28.2784
1.57439e+06,1.1759e+06,803328,552919,489972,358081,820997,433997,764409,6412.24,2310.45,54508.3,38911.9,23922.4,6629.45,5198.71,28.2802
2.55596e+06,1.65228e+06,928160,703025,598621,417117,861084,531627,793442,8712.54,3652.47,55769.7,69833.6,59049.6,14103.4,9301.09,28.2858
1.39392e+06,937221,892373,613129,374198,262673,854747,473459,777000,12816.5,2356.96,257236,46378.9,20537.9,7027.71,4136.88,28.2901
2.09829e+06,1.28333e+06,981022,1.07989e+06,897505,580847,927099,754334,858950,19646.4,2875.71,179736,83158.4,35559.7,12701.8,12451.6,28.2914
1.94409e+06,1.5074e+06,773818,452393,301655,225445,802825,359598,754831,10599.5,1464.7,124324,38824.1,18672.1,5955.25,6347.72,28.2956
1.9896e+06,1.39149e+06,857898,552481,474597,324876,876514,402683,823200,13108.9,5136.9,25371.9,56729.8,25859.8,8450.05,8143.72,28.302
1.27612e+06,878178,871887,631393,360982,264004,820401,500688,756630,12435.6,1279.47,56358.7,44944.9,38489.3,5828.63,4051.48,28.3028
2.0054e+06,1.53074e+06,786049,375965,284847,209577,815490,302173,746522,10739.8,3087.71,27420.5,20228.8,6813.53,5575.63,4639.87,28.3054
1.62539e+06,1.12891e+06,863870,508278,302467,211809,856810,385657,790773,11690.2,4068.14,128066,41102.8,8990.48,9721.59,4171.75,28.3057
2.04064e+06,1.54073e+06,794679,451090,356106,277358,770354,366599,738284,7583.87,2648.51,46924.1,36862.5,28523.6,5165.62,8092.11,28.3121
1.31878e+06,915410,864384,731724,585912,414623,847872,568466,772314,11980.3,1530.66,105732,29343.2,24630.9,7439.19,6195.87,28.3151
1.76109e+06,1.15913e+06,911596,865304,507581,337908,901277,620045,837330,10602,5118.32,55095.4,49151.3,21660.9,9820.81,6936.72,28.317
1.58514e+06,1.09129e+06,871522,533084,417210,304807,821261,432162,740118,7194.9,1828.99,58986.3,83398.3,24422,6377.11,7997.05,28.3171
2.2365e+06,1.56967e+06,854894,417660,313456,220881,851469,339803,737474,12436,2350.68,50213.2,74100.5,21898.4,3617.93,5038.01,28.3178
1.06397e+06,688452,927269,932069,603388,427979,845912,727152,769085,7543.77,249.468,102004,125310,74090.2,8495.13,6195.78,28.3313
1.37953e+06,1.02604e+06,806714,546269,409522,298634,822791,435987,751768,6241.09,2011.45,117857,35424.6,21488.8,5971.53,3492.96,28.3357
1.09953e+06,748421,881483,550444,350731,264206,796495,452554,729784,7892.22,919.393,43425,34372.2,18791.8,7502.13,3670.3,28.3371
2.27038e+06,1.6269e+06,837318,546140,411377,307850,801774,441104,742872,5357.81,895.943,55155,65944.1,50308.5,10222.9,3913.49,28.3398
1.87543e+06,1.43754e+06,782767,412078,373418,296736,755051,347076,712371,6338.31,494.474,51506.4,51532,12766.5,4461.2,4075.51,28.3516
1.56469e+06,1.1286e+06,831834,567057,321038,228428,843254,446122,762648,9226.42,1234.06,81318.9,33740.2,22254.9,7106.72,5876.61,28.3576
1.71076e+06,1.17325e+06,874882,807276,519071,351476,886100,599493,807958,13731.9,4733.02,104417,44682.8,18758.3,11082.5,7063.07,28.3599
1.32538e+06,883390,900197,598340,412588,290367,852551,467837,767370,6166.6,1365.46,205787,26884.2,13825,6418.22,7219.86,28.3611
2.06757e+06,1.21354e+06,1.02226e+06,1.05305e+06,759084,475059,958723,713836,885118,14225,3833.35,117771,88775.7,32752.8,12214.3,7835.2,28.3696
2.11255e+06,1.53857e+06,823832,346931,309540,225485,823664,269280,773020,7925.85,1513.46,35108.1,30380.6,11455.6,7051.53,3059.91,28.3713
1.77483e+06,1.25275e+06,850045,469551,384375,273945,841867,360059,782457,6708.12,1999.59,51303.7,31244.1,21173.5,7108.03,5054.21,28.3889
1.27035e+06,898990,847855,518666,458195,335427,819603,409693,759592,6691,1868.76,31873.9,45652.9,19784.1,5533.3,4290.64,28.393
1.31393e+06,966179,815954,496622,287502,210892,817961,400121,744708,12440.8,3038.15,146168,25667.8,9008.02,8220.9,3009.87,28.3943
1.39471e+06,965853,866413,721230,504101,340335,888715,551460,784713,16457.5,4127.04,49304.9,54237.6,23467.4,8952.76,5165.3,28.3946
1.69783e+06,1.22908e+06,828825,613717,402893,284760,848911,460686,799308,7022.92,2403.86,69113,22789.5,23198.9,6080.66,3701.7,28.3951
2.17153e+06,1.4381e+06,906003,899157,606222,365924,994013,590955,912919,20429.7,4545.54,58506.3,59855.3,26693.9,11343.7,11838.5,28.3996
1.04203e+06,709190,881598,405599,373907,276219,812197,320417,759508,5197.56,653.741,31230.2,29619.8,21996.7,5896.34,3219.34,28.4049
1.23736e+06,687750,1.07948e+06,794268,603523,349761,1.03532e+06,494141,964422,9371.06,1886.99,105683,48921.9,37282.1,10167.2,6621.42,28.4113
1.67089e+06,1.23308e+06,813033,600820,465155,349417,798740,474088,760390,9716.26,4983.36,30780.5,81246.7,46961.9,8021.54,7567.24,28.4149
1.18076e+06,759534,932749,474762,251964,173937,869155,362834,785089,12124.7,1890.59,133062,48354.7,31736.7,5205.78,6320.42,28.4188
1.4994e+06,914422,983833,700903,575681,359686,960305,455231,923799,16566,982.748,31241.8,48512.3,11670.9,17776.7,7433.15,28.4225
1.26064e+06,873230,866192,687840,419742,296915,848207,531718,776171,9102.99,2526.42,49449.4,37852.7,33535.3,8766.09,4174.99,28.4242
1.19429e+06,821335,872447,562845,502819,355954,847556,435343,775727,11239.2,1237.03,45142.3,32394.6,27795.8,5871.36,8829.29,28.4271
1.0078e+06,563510,1.07306e+06,679773,565870,358318,947544,454719,896957,11222.9,2296.09,49174,31945.8,13631.8,7504.62,7210.08,28.4279
1.40965e+06,1.0112e+06,836427,614716,478267,339874,844314,484334,761519,8748.03,3564.65,112131,29564.9,18941.8,6331.55,4806.26,28.43
931058,616297,906438,661369,309941,210064,885275,498150,796590,10455.8,3567.55,27999.8,27473,30959.5,7695.34,5176.53,28.4345
767800,529010,870834,618757,476113,326266,875567,464982,798428,8360.94,995.091,56410.1,41903.4,18324.1,6411.94,5915.45,28.4431
2.01117e+06,1.26216e+06,956059,807940,632961,430723,881719,602137,805073,13528.9,4355.27,34764.3,64150.1,43333.5,10434.1,6032.69,28.4448
1.9767e+06,1.34852e+06,879496,592050,503412,334655,902563,437662,811654,13888.5,4117.5,43601.8,42606.1,15160,8266.48,4830.76,28.4456
1.92252e+06,1.49467e+06,771751,429289,294347,217623,811533,341068,755197,19178.4,2326.65,145976,46124.2,13014.1,12753.8,3505.29,28.449
1.22936e+06,736926,1.00094e+06,240676,194931,100399,1.16494e+06,133523,1.0815e+06,5698.01,33.8313,50448.5,29740.9,21932.8,3680.41,2737.23,28.4515
1.65135e+06,1.18376e+06,837004,619176,498356,359317,832172,481536,771501,5726.87,-262.938,125718,46737.6,27760.9,5600.12,8130.2,28.4522
1.67459e+06,1.25426e+06,801073,694616,449193,312466,862544,545603,763870,4887.12,1700.69,123454,34520.2,24671.6,5293,6445.63,28.4529
1.7709e+06,1.24451e+06,853780,441650,249515,186013,804831,368508,719088,3799.41,1651.04,106455,22439.5,17538.1,5242.69,3448.98,28.4594
1.58238e+06,1.21982e+06,778330,347983,164244,121087,813846,286738,728155,6544.47,2911.96,513157,15352.8,8389.21,6296.31,2104.4,28.4595
2.56898e+06,1.76608e+06,872776,738491,513854,357688,861959,539432,821410,15443,1419.51,25370,107060,37314.6,8646.5,8551.47,28.462
1.42096e+06,1.03701e+06,822149,535217,434030,335332,776598,428045,750225,4698.2,1449.37,20326.9,7991.06,3894.23,3234.88,1458.83,28.466
1.47934e+06,1.18315e+06,750202,384277,269494,210939,766555,311287,740687,6433.09,-576.23,137829,24366.1,11074,4648.47,5835.91,28.4685
2.01503e+06,1.3756e+06,878906,830306,572348,393272,873210,603965,824855,11293.7,59.6624,59824.4,44007.1,25660.7,7324.97,6068.7,28.4854
1.40151e+06,981987,856333,685322,536954,362434,888914,500906,820899,14159.9,1737.86,116367,38814.5,19651,8162.73,6462.16,28.501
1.19192e+06,729960,979710,834877,587187,390456,902310,572579,874860,9663.22,2256.05,69063.5,65086.5,78206.2,9576.97,6864.89,28.5046
1.56352e+06,1.09873e+06,853818,473783,376382,269673,837418,357730,794650,8640.61,2336.54,34304.2,41304.8,23817,8624.8,7181.54,28.5051
1.55814e+06,1.08797e+06,859293,789169,762792,505340,905678,552781,856580,10573.9,1734.51,234997,58216,30739.3,8277.2,7843.02,28.5063
2.15503e+06,1.51696e+06,852371,470309,380913,284294,803914,378414,745705,8112.3,481.808,44603.7,115719,43182.9,6367.76,8175.79,28.518
1.05567e+06,687092,921860,671838,467950,311438,901527,487374,827092,16631.8,473.927,218833,104421,37386.9,7611.22,6237.55,28.5238
1.96996e+06,1.47692e+06,800299,376436,268993,195742,824533,295074,765440,8345.01,-677.878,50583.1,30823.9,17301.4,7809.25,3480.59,28.525
2.03465e+06,1.3384e+06,912127,959800,746434,504218,888227,707252,814250,16897.7,3135.02,90207.9,78915.3,34056,9756.06,6056.11,28.5267
981757,682428,863174,670911,369539,247434,896091,511151,787530,8927.97,1921.28,23369.7,34483.2,35636.4,7458.99,4454.47,28.5271
1.74204e+06,1.27196e+06,821745,553111,293207,209163,841087,433278,765944,5855.65,2699.03,25102.6,59789.2,29038.8,5774.37,4379.6,28.5291
2.18784e+06,1.53576e+06,854757,402611,296186,202983,875500,309256,781122,10307.1,1975.84,28760.6,47731.8,17246.8,6496.58,4339.91,28.5342
1.78676e+06,1.2054e+06,889378,1.11848e+06,713542,484548,883556,816361,822052,13949.8,4635.4,111508,60450.2,49393.3,10807.4,11774.8,28.5359
869207,552325,944234,592010,393546,240736,980858,416378,853086,4536.92,1335.52,907800,53538.8,15949.7,12453.2,3249.44,28.5383
1.95206e+06,1.32688e+06,882703,618429,503502,330456,914195,448574,827194,20891,4119.03,51258.7,33922.8,13325.5,9131.08,6927.51,28.542
2.04911e+06,1.55898e+06,788632,428023,288945,224571,771993,347882,738220,8531.96,156.308,57881.7,37426.5,29259.2,5951.81,5562.57,28.5453
1.68673e+06,1.23007e+06,822746,487971,403376,281349,860233,369505,792364,13260.1,3989.43,168440,50532.4,35863.2,9655.59,4408.1,28.5475
2.09562e+06,1.58746e+06,792066,645674,519182,377258,825720,502880,770371,9410.41,3004.91,71031.2,49663.2,26368.1,7956.73,5192.93,28.5504
1.3933e+06,1.10028e+06,759788,576728,427314,336522,761878,460019,752223,7765.12,1288.52,53689.9,30993.3,15598.5,6080.39,6547.07,28.5607
2.48021e+06,1.69034e+06,880373,874555,658261,429362,919868,630915,831701,9518.77,1228.98,76170,58052.3,23029.3,7312.87,8315.09,28.5619
1.46868e+06,989099,890922,595188,330794,232745,852763,457051,781342,11313.2,3492.11,99393.9,31908,14225.8,10717.9,5473.04,28.5628
1.02726e+06,711849,865848,599578,328035,216578,908776,443205,811694,7110.34,1726.87,705502,47544.5,16824.5,9574.42,3346.18,28.5643
2.17026e+06,1.48234e+06,878444,755109,646789,448995,864316,558832,810736,19569.3,2626.8,51930.3,39059.1,23986.8,9078.21,5773.42,28.5674
1.45266e+06,1.00859e+06,864176,708883,484135,336718,862683,528536,804732,10148.1,2345.11,435295,57449.2,20875,7916.9,7289.88,28.5702
1.41522e+06,935370,907805,707448,529946,371996,854760,543753,780628,6243.41,1230.46,51817.1,34063.6,15815.6,6211.5,5410.34,28.5724
1.57109e+06,1.22795e+06,767667,607632,474520,396303,718421,497289,733133,33534.9,417.894,134930,30388.8,10704.4,8443.24,6462.22,28.5772
1.85293e+06,1.51564e+06,733524,331667,222716,172333,775414,275977,721075,6745.42,1275.33,76523.3,31786.2,9424.28,3746.35,2375.03,28.5799
1.99397e+06,1.55625e+06,768762,431431,265818,192775,827343,334515,773832,17467.1,2870.6,63205.8,34754.4,12545.2,5885.38,5263.66,28.5859
1.48954e+06,973723,917839,832610,655001,446891,879411,601900,829982,10380,3952.23,125208,47933.6,39474.9,8473.1,4845.76,28.5879
2.00141e+06,1.42877e+06,840478,544157,413243,304822,813412,426710,765143,17519.1,3234.01,49170.5,56013.9,24338.3,8292.88,7469.33,28.5909
1.35551e+06,955672,851033,750129,639303,462049,830176,579141,777146,9591.65,364.463,107970,60591.3,46032.3,6396.8,5114.84,28.591
1.55445e+06,1.08111e+06,862699,643977,387737,267112,870954,489602,789184,11062.1,2069.82,242835,41657.4,21127.4,8067.28,4488.82,28.5964
1.55841e+06,1.09745e+06,852016,522532,325637,224946,868573,409324,765944,14108.1,2302.82,67369.2,35548.3,29761.1,7847.75,3160.67,28.6025
1.64634e+06,1.19251e+06,828341,567497,389372,291521,801395,456562,745787,6123.55,832.493,124926,68426.1,36572.4,4984.94,6189.83,28.6048
1.57267e+06,1.02026e+06,924865,887425,570739,388261,881993,677472,785944,5046.77,184.326,98848.5,61920.1,72492.3,9955.88,5357.94,28.6066
2.3278e+06,1.71247e+06,815597,568910,447764,342311,784837,458003,745292,11549,1930.18,18753.9,69115.9,35706,8784.04,9652.67,28.6166
2.5874e+06,1.76504e+06,879554,695441,580197,417482,833852,534059,781308,11548.4,1641.14,110303,64088.3,47642.1,11295.7,5251.56,28.6236
2.28746e+06,1.75155e+06,783579,425100,278550,207029,807278,334384,762776,6442.61,632.888,141501,23816.4,9457.86,6190.95,4376.36,28.6241
1.6843e+06,1.19772e+06,843752,518615,287943,214048,807137,421682,737923,7805.61,1202.06,50471.5,26796.2,19466.5,8097.8,3799.27,28.6259
1.63356e+06,1.19534e+06,819966,562229,305366,220409,831270,441287,764439,7974.54,2004.64,393080,45277.5,21361.5,8305.34,4326.81,28.6324
2.13086e+06,1.65409e+06,772943,332780,296952,239367,744344,280021,713048,4130.21,374.817,29473.5,48844.6,26399.5,5466.06,8792.88,28.6328
1.71717e+06,1.19483e+06,862305,458219,268731,189363,851480,369364,744337,12145.4,1207.7,35506.4,27012.2,8670.91,9698.13,5332.58,28.6359
2.22101e+06,1.51266e+06,880968,551373,302675,211071,860399,432875,764248,14775.2,4187.61,66817.5,35945.4,29361.9,5745.01,4667.37,28.6453
1.37237e+06,912288,902592,533611,425144,322167,791783,442297,723872,7818.62,-276.959,26281.2,46455.4,10032.3,5027.31,5304.42,28.6465
1.44642e+06,1.12114e+06,774077,392479,322809,250998,771660,319590,736843,7244.19,259.774,31005.9,29069,15423.2,3399.51,3680.66,28.6482
1.49528e+06,1.15141e+06,779190,439855,302002,225081,805050,348944,756318,7603.03,-428.867,58442.8,27790.4,17388.1,6793.92,3992.24,28.6535
2.27371e+06,1.58302e+06,861787,460789,353812,267447,793754,372626,741960,9213.09,616.377,64245.9,57504.3,43342.2,4666.77,5639.73,28.6595
1.88493e+06,1.4231e+06,794716,586407,468817,324845,865922,440166,799344,15947.1,3101.05,62246.4,37784.1,24795,9083.44,7322.38,28.6606
1.52412e+06,1.11531e+06,819923,517639,451376,340471,795445,406374,764280,9478.91,-64.2714,56791.8,37792.5,21172.1,5132.88,6490.2,28.6656
1.39406e+06,995673,840069,454998,257453,181058,853163,367220,743421,9212.16,1356.23,95936.7,28377.7,13333.6,6113.84,4084.9,28.6795
1.62167e+06,1.16595e+06,834518,637014,542401,389327,835905,484181,789391,11625.8,911.191,249157,28513.2,18961.3,8263.92,7755.32,28.6802
1.46997e+06,1.0374e+06,850185,400811,285909,187235,916202,282904,850064,16026.6,1415.47,94454.5,39207.5,19270.4,7493.63,9347.25,28.6847
1.61359e+06,1.20541e+06,803175,560266,348297,255035,819410,440638,762892,11256.1,1931.8,136344,33814.4,26124,7294.74,4641.43,28.6948
1.89604e+06,1.44187e+06,788994,453958,297144,224666,793562,362920,750509,11886.8,3275.53,35362.3,45945.7,17599.8,6951.55,4921.49,28.7054
1.40583e+06,928368,908584,533308,287817,180200,958327,370496,863666,8585.66,2341.34,68134.7,30990.7,11922.1,6182.05,6864.34,28.7114
1.79948e+06,1.34042e+06,805485,499285,348146,263793,791862,401871,745441,15332.9,2509.97,222378,45275.9,19633.3,11350.8,4349.1,28.7162
1.8147e+06,1.28513e+06,847247,719330,529271,373129,851079,564676,764329,24994.2,5236.53,28791,43781.5,31669.1,10040.2,11684.4,28.7185
762174,447594,1.0217e+06,758430,443920,262858,1.01329e+06,493590,921935,11551.5,1836.25,109384,47455.7,29613.8,10495.5,6431.01,28.7188
1.3526e+06,928055,874477,549543,415150,286516,869376,416519,791622,7487.62,1744.5,65011.5,39235.3,20661.3,4833.68,5948.28,28.7192
1.95322e+06,1.4529e+06,806614,469649,309658,231762,801662,378242,744998,11111.1,1661.64,137047,34780.4,17741.1,5497,6084.06,28.7216
1.2201e+06,892581,820161,589490,338942,243320,835792,472785,748107,4921.63,2821.47,46175,23407.4,15366.1,4608.47,4060.13,28.7235
1.52392e+06,1.07071e+06,853964,520081,333551,237723,841865,419238,744323,8516.92,1505.24,28562.8,34988.3,17809.1,5980.54,4168.91,28.7316
1.76626e+06,1.39012e+06,762347,372399,298337,224619,796916,295085,757203,11021.3,1303.33,51422.4,33223.4,12119.8,5178.53,5824.12,28.7404
1.61543e+06,1.17239e+06,826737,443286,356908,253628,844327,338698,785276,10280.1,2651.86,60545.7,26488,10688.1,7618.69,4329.27,28.7413
1.30304e+06,894889,873654,766220,618354,446262,831378,603371,761939,9849.03,2511.02,49194.9,49683.6,30107.6,8370.11,5315.26,28.7433
1.76361e+06,1.25231e+06,844975,472781,328297,235320,837065,378288,749875,7426.88,1613.91,57268.8,36342.6,20417.9,5939.53,4212.94,28.7441
1.50219e+06,923562,975914,872281,565071,383678,883664,645157,811226,12155.2,2415.27,57996.3,66029.1,31975.7,10904,6202.5,28.7478
1.20469e+06,867297,833410,566045,475790,360681,791486,456175,744511,7227.95,802.76,50689.1,25627.7,22227.2,6238.99,5002.1,28.7482
2.61173e+06,1.79013e+06,875377,587992,467276,338246,828881,440029,801755,28767.4,1781.7,29959.6,48509.2,54494.3,12361,8543.51,28.7519
1.47445e+06,1.00002e+06,884654,778742,517789,345100,900242,554005,843395,10817.5,3012.67,86249.7,49996.2,40207.2,9274.84,9112.6,28.7566
1.3948e+06,1.01478e+06,824684,585006,438520,318746,825460,466862,751836,10440.8,25.1399,56749.9,42982.4,23909.7,5163.83,4674.48,28.7637
2.14019e+06,1.45289e+06,883834,519462,450335,319573,845506,389646,799899,9947.68,1027.61,135516,52901.5,21224.8,7855.9,8142.53,28.7643
1.59219e+06,1.09226e+06,874623,518705,359294,240700,895623,378638,821954,10658,494.284,61430.6,27096.8,17062.1,4080.84,5417.73,28.7674
1.45442e+06,1.0096e+06,864357,491531,353557,248598,853323,366779,804077,8259,2391.91,27566.1,31848.4,16534.3,7242.07,3594.86,28.7719
841157,611988,824680,589190,462707,324289,856101,437434,808154,7073.95,1802.96,43041.3,30761.8,31793,6578,5504.22,28.7723
1.93114e+06,1.46484e+06,790998,434915,374548,294776,762372,350479,744550,10855.4,2210.05,34769,29780.4,10560.4,4153.73,7383.03,28.7744
2.95907e+06,1.78658e+06,993769,860730,680448,441247,925261,611523,844511,19280.2,3038.47,26517.7,76055.2,61958.2,11304.5,7809.89,28.7835
2.09622e+06,1.56107e+06,805686,464705,310519,236890,786490,386363,721660,11774.2,4284.85,58996.5,91915.1,37522.9,7460.74,7627.37,28.7836
1.64606e+06,1.1468e+06,861216,516794,307405,212697,867163,401640,772026,5866.48,4073.27,57632.6,43553.6,40988,7504.88,5733.22,28.7952
1.63076e+06,1.19732e+06,817202,536739,377608,291345,777651,465256,692185,8654.31,-198.621,135590,53986.4,13044.3,5171.09,5735.55,28.8015
1.87926e+06,1.44325e+06,781266,358381,238205,177721,804198,284012,757111,11530.4,182.518,28496.6,50402.5,11677.6,5777.98,4187.87,28.8069
1.60349e+06,1.15452e+06,833327,532181,417893,295285,849132,395320,807721,10499.5,3126.07,62182.1,27467.8,11067.6,6561.06,4066.19,28.808
2.41872e+06,1.52956e+06,948793,765500,407157,255725,955301,526080,873061,10328.5,3199.06,70322.7,66317.5,68469.9,24957.8,10064.2,28.8083
1.47566e+06,894781,989510,818227,649414,407034,957287,577412,850236,11990.9,3591.61,52792.3,48728.3,21018.2,10104,8344.53,28.8127
1.51419e+06,1.14473e+06,793652,549953,378765,272979,832515,422527,780948,7303.08,2128.15,216485,27503.7,15156.2,9206.86,3987.41,28.8175
1.32058e+06,806962,981886,671475,455638,303983,899335,517110,779109,11129.8,2673.39,121528,81937.3,39610.6,8046.26,8969.05,28.8193
1.93628e+06,1.45137e+06,800464,381598,320548,245652,782931,315111,726598,4216.22,-750.533,57930.5,51087.6,31774.6,4572.99,5685.64,28.8249
1.99021e+06,1.42509e+06,837932,393861,198816,144955,822942,322368,733065,7447.4,-291.494,57295.9,62735.6,27023.6,4084.97,7161.74,28.8347
1.92591e+06,1.42467e+06,811098,446970,337543,240836,840928,355241,754930,4351.5,2606.13,113591,31542.7,8314.69,5138.62,5876.48,28.8357
1.53439e+06,1.21166e+06,759809,377485,279678,217870,770214,316494,715625,8562.08,-125.464,123108,19407.8,10944.3,4542.86,3421.32,28.8407
1.36358e+06,960207,852054,427959,203351,139647,873709,325595,788634,7487.73,2438.48,29247.9,23246.8,13338.5,5030.06,2443.38,28.8425
2.07297e+06,1.67744e+06,741475,457692,332586,237784,839214,369806,742593,5571.24,1513.2,1.40354e+06,77174.5,16394.7,4482.02,2860.61,28.8482
885735,579823,916558,677478,546700,333357,983989,440252,923305,6661.71,1865.03,155157,37117.8,36174.1,7500.96,5447.93,28.8494
2.4849e+06,1.59485e+06,934842,773692,557719,399476,837676,588399,788947,10621.2,627.096,74297.3,123884,50278.9,9344.46,7856.31,28.85
1.38614e+06,974055,853834,899853,589977,418309,846231,676220,798426,7202.85,3086.98,226668,29910.9,15288.3,7774.02,9847.67,28.8519
1.96131e+06,1.32295e+06,889518,530030,329385,233518,846320,431820,736459,13700.3,2178.15,61450.9,23969.6,12715.1,6800.6,5702.51,28.8579
1.53443e+06,1.16159e+06,792582,437929,242728,188805,771361,373146,704168,7782.23,234.674,210932,23059.7,11198.3,6305.17,3946.07,28.8581
1.61231e+06,1.20996e+06,799518,708121,564445,421950,802623,548474,774645,17738.9,3151.45,230942,36471.1,23280.9,8939.88,7696.4,28.8596
1.32236e+06,1.0175e+06,779767,481857,256233,202570,758946,409174,706580,9577.1,1446.94,31848.8,27731,25952.4,7986.19,2620.93,28.8615
1.52136e+06,1.05611e+06,864322,492940,284573,207407,823229,385785,766655,7147.8,281.554,53137.9,55123,31101.7,4150.9,6940.16,28.8679
1.85225e+06,1.30078e+06,854376,563967,422645,304012,834134,418672,808223,19194.4,4272.47,31393.3,48756.4,19774.7,8732.15,6666.99,28.8789
2.24084e+06,1.4017e+06,959193,855572,418963,283615,886335,629597,815352,6476.68,4769.98,231301,34949.7,26160.1,10554.9,4853.32,28.8815
1.80906e+06,1.42454e+06,761952,542933,337532,260315,777978,447149,728526,12713.6,1770.77,59335.1,31716,17314.4,6069.7,4791.03,28.8831
1.82023e+06,1.35683e+06,804916,534798,421424,309198,817775,424936,755123,6881.67,3195.84,33074.7,61658.6,34647.3,8120.16,10832.4,28.8862
1.25891e+06,850219,888412,810948,610643,416202,880308,618364,786865,10395.3,2124.52,46820.1,46927.4,39783.4,9338.7,9343.35,28.8866
1.55584e+06,1.13661e+06,821302,616638,399407,281804,850392,467304,791738,16467,1918.9,125850,51751.9,38342.1,5452.63,6100.5,28.8874
1.85779e+06,1.32976e+06,838253,541344,375646,280648,803096,446337,727716,4344.14,3865.18,132232,38181.6,10018.9,4943.44,4595.48,28.8884
2.27376e+06,1.39186e+06,980165,973251,569564,354375,964340,677168,862343,18468.9,3897.48,48144,32494.9,37172.4,10836.6,6191.44,28.8943
2.19217e+06,1.53887e+06,854721,539426,313599,221163,850773,407842,793581,12009.7,1345.94,79048,61517.3,48418.4,10278.2,5405.75,28.8974
1.30605e+06,990533,791120,716440,427442,317595,807522,589502,729199,6858.52,3451.54,175979,43002.7,57225.3,7190.37,5588.75,28.9056
1.73577e+06,1.34882e+06,772126,441495,327448,259518,757052,362611,730526,9036.73,72.3863,418726,21018.8,18517.5,7267.49,4181.16,28.9106
1.63406e+06,997600,982796,628978,538175,347956,928005,424388,889249,9856.32,1683.56,105555,54553.6,14102.1,11332,7172.2,28.9129
2.43872e+06,1.76665e+06,828250,538467,452506,353027,769072,448078,721036,7330.41,405.401,70897,109757,28245.8,5904.4,6000.84,28.9188
977054,687395,852832,783846,666965,464937,860717,587014,801187,11449.3,2962.62,56682.6,38596.1,40522.2,8366.58,7656.56,28.9223
1.42198e+06,973442,876465,470427,250377,175174,857584,373983,754730,15142.4,3187.67,47333.9,26595.8,18553.2,7185.08,3401.68,28.9276
1.57548e+06,1.15519e+06,818296,483071,390016,274961,851064,363646,797047,11901,159.061,202592,27009.8,17561.4,5479.12,8498.31,28.9306
1.96262e+06,1.47838e+06,796527,431667,289490,205376,845736,336582,769501,8369.02,1950.88,28458.4,76651.9,31471.4,5095.22,7448.92,28.9322
1.08549e+06,779711,835300,431379,218414,162390,806999,352160,734971,7747.41,1287.84,26115.1,28505.8,26538.1,5704.35,2531.83,28.9375
2.06317e+06,1.57107e+06,787936,329175,302148,243181,745489,281283,702158,4845.66,1010.52,52354.7,50725.8,11128.3,4014.34,3242.85,28.9378
1.8403e+06,1.43653e+06,768642,390899,301735,229396,789208,320096,732716,12982.7,1561.56,40369.5,46369.6,10075.4,4805.33,3446.32,28.9384
1.66567e+06,1.14498e+06,872861,568290,308453,219112,844645,455405,748727,11986.4,4035.48,58779.1,44265.2,35117.2,7593.05,4872.88,28.9441
2.00219e+06,1.56911e+06,765599,454200,320368,244540,786051,363856,748978,8926.84,1044.86,312991,38464,8787.91,6769.15,4137.56,28.9487
2.57751e+06,1.63909e+06,943514,478557,359521,225316,957378,332905,862510,14397.1,3019.94,43060.9,75741.6,24471.2,9166.26,5941.37,28.9487
1.25877e+06,929173,812833,501458,267631,196674,816471,402841,746882,4058.02,5040.69,1.39726e+06,30298.2,6750.69,5426.17,2915.77,28.9504
1.58412e+06,1.06126e+06,895607,740006,489417,327361,897022,536811,827114,10949.1,1224.86,20916.9,37325.9,33498.3,8218.31,7955.62,28.9515
2.27926e+06,1.48895e+06,918468,520625,287905,200150,863067,388419,804222,8827.59,1141.08,68063.8,44834.6,44937,13638.2,7868.47,28.9559
1.65557e+06,1.08898e+06,912177,661542,356083,243680,876764,493537,804246,15288.8,1910.93,50004.2,42503.3,31518.8,9502.73,5416.48,28.9571
2.43047e+06,1.69253e+06,861600,523483,319528,237166,808367,418213,751028,10960,655.24,31679.9,75551.9,32439.6,12559.5,9871.56,28.96
1.72019e+06,1.12897e+06,914206,952036,461021,299010,925094,676370,844540,19968.5,3109.64,123651,104967,47409.2,11239.3,6716.31,28.9611
1.53881e+06,1.04995e+06,879366,733359,565519,384445,882601,527897,833525,18804.3,4843.4,47426.2,48338.1,24019.7,9973,6774.67,28.9674
1.56744e+06,1.13728e+06,826944,534133,332725,240640,829600,428061,748678,8635.49,1214.33,53624.5,27641.7,12144.9,5820.32,4868.55,28.9704
1.78139e+06,1.30168e+06,821117,486189,334034,244735,818928,386433,754887,5945.43,1827.9,59254.4,35819.6,35010.6,7502.11,6559.23,28.9729
1.50176e+06,1.05195e+06,856557,583275,303655,211606,861001,451322,775422,11394.6,1144.14,71553.5,28543.6,32624.6,7979.85,4303.31,28.9746
2.73169e+06,1.81964e+06,900736,1.02419e+06,745632,501988,891215,741187,829093,18788.6,2810.8,71313.2,80114.5,30257.8,13057.6,7359.05,28.9774
2.15372e+06,1.58683e+06,814350,403318,309708,227104,818236,322288,750853,13160.4,3967.89,27798.8,41680.3,12249.7,7079.43,4907.27,28.9799
2.20748e+06,1.52313e+06,869582,634245,404250,285333,850059,511061,744622,6115.73,677.824,35442.6,55757.2,18110.2,5552.44,6137.02,28.9851
1.91995e+06,1.41201e+06,815837,394404,301109,223882,806967,330540,715927,6914.92,1326.73,66935.6,24454.5,22455.2,5605.74,3907.46,28.9862
1.84312e+06,1.20074e+06,920990,793793,527677,343598,921443,570119,835397,20258.1,3024.39,100653,42848,14917.8,9974.59,6468.29,28.9864
2.01438e+06,1.45412e+06,831171,462315,305131,224338,816084,380505,729003,10279.2,1258.15,122529,61150.3,20648.8,7015.09,2897.03,28.9866
2.08562e+06,1.50808e+06,829777,423435,319733,229639,835398,331685,765972,19490.6,27.2183,55632.6,48896.6,23123.2,12345.7,3777.74,28.9897
1.08579e+06,746923,872208,477206,354765,237594,895894,361578,791872,7524.76,-108.433,56221.2,26052.7,16367.6,7090.77,5830.78,28.9915
1.83608e+06,1.34231e+06,820714,552599,378626,272761,832874,431208,768908,11398.1,3422.07,53051.1,83067.8,46114.5,6996.3,6270.97,28.993
2.10897e+06,1.52899e+06,827593,406285,310010,226516,821161,329865,739002,7654.92,877.436,30121.3,43680.3,21124.7,5885.64,6391.09,29.0051
1.4239e+06,922439,926175,709420,429404,297300,866607,535317,795140,6542.58,1910.37,26063.3,53193.2,50360.5,6360.75,6989.83,29.0147
1.25242e+06,820691,915633,705151,515469,363427,851014,536385,788782,6181.83,2621.82,51918.8,43228,38781.7,5852.49,7990.51,29.0196
2.65086e+06,1.65845e+06,959042,973916,706042,492977,859321,741057,788535,15376.4,2992.69,183063,76083,34426.1,12937.3,6011.97,29.023
897463,579698,928893,733799,444162,308396,864139,557433,789834,8442.19,810.417,53487.9,31250.5,39732.2,5665.34,5076.89,29.0263
2.06883e+06,1.61593e+06,768163,485891,308442,223090,829554,381887,763406,7867.16,1177.11,100640,25188.6,12700.2,6007.9,3104.74,29.0335
1.85978e+06,1.21963e+06,914922,626593,424962,288004,885325,453115,829714,14551,4339.95,51613.7,38084.1,17396,13016.2,6765.05,29.0347
1.49699e+06,1.05179e+06,853968,694223,512063,336026,914327,505583,823869,10248.2,1104.13,117582,63927.3,33292.5,8308.46,5176.6,29.0496
1.67417e+06,1.20715e+06,832129,420071,396206,302431,786041,343294,734189,8827.5,551.024,50570.4,18231.3,12430.5,5700.74,3749.5,29.0549
1.12635e+06,787272,858421,488566,300284,209941,858194,380876,769645,7596.39,1946.09,32104.8,25693.7,15388.7,5122.65,3587.79,29.0584
2.11943e+06,1.33411e+06,953187,882574,536093,349509,920307,600315,882111,17273.9,5208.45,30907.7,96801.2,44445.6,14380.8,6724.1,29.0598
1.32998e+06,935661,852863,581373,440801,317508,832989,444856,784128,5407.45,2137.94,122826,21780.8,20164.6,5328.36,5775.84,29.0682
1.38951e+06,957125,871052,509976,416768,307946,812027,398139,768539,15304.3,1485.52,22405.8,39895.8,18459.3,6559.26,4549.38,29.0702
1.95217e+06,1.36619e+06,857352,570308,478570,334662,858006,415324,823899,10932.8,3205,24646.8,38445.8,15176.7,8733.91,5992.5,29.0716
1.41885e+06,1.02381e+06,831518,443912,266699,200646,797521,371098,717727,7526.71,1609.94,65130.8,25005.5,9250.64,5791.86,2563.8,29.0778
2.00874e+06,1.47245e+06,818532,548837,470669,370544,762127,453074,726817,4390.49,1949.48,64735.9,34228.6,32624.9,6449.07,7420.97,29.08
1.53978e+06,1.14572e+06,806366,642828,519284,350642,888571,474744,812431,6790.96,1445.38,205166,27591.3,23427.2,5948.96,5898.79,29.0812
1.29522e+06,867148,896194,897547,529783,362727,876334,669179,804760,5917.25,3568.04,236743,34370.3,22417,6691.39,8316.32,29.0828
1.14137e+06,788628,868371,633255,386667,274932,843847,488276,778152,10872.3,3220.9,86887.5,44710.5,28409.2,7036.6,4114.02,29.0889
1.13449e+06,790066,861563,602070,425261,308206,827876,482019,749435,6978.6,864.24,35973.3,43069.6,20888.6,6900.41,7919.05,29.0977
2.1228e+06,1.53005e+06,832445,531275,338177,245156,827663,393506,810064,10328.2,2126.83,39656.8,43478.8,40297.6,9169.63,11226.1,29.0995
1.55199e+06,1.13243e+06,822297,719771,503037,357299,844733,545497,791686,10472.6,2856.71,110645,29582,14300.1,10717.2,6428.26,29.0997
2.1215e+06,1.49649e+06,850592,906727,622440,407632,916179,634527,857389,17263.3,1311.13,442261,58183.8,47348.9,15102.2,10133.4,29.1092
1.51418e+06,1.11155e+06,817330,503797,453139,345887,786047,400283,755162,7722.12,754.195,44295.9,42251,23946.2,9110.51,3997.47,29.1123
1.51964e+06,1.00166e+06,910270,453892,214341,145057,886578,350455,777091,8480.42,4000.18,55010.4,27627,23326.6,8182.12,5600.99,29.1131
1.28056e+06,954674,804816,706337,485748,353489,824492,574101,738202,7033.44,2839.1,121849,30126.2,13368.4,5823.01,5400.91,29.1135
1.60399e+06,1.1658e+06,825524,689641,387313,270388,859460,538631,768215,6921.17,2606.46,846313,31162.8,20913.8,8619.76,3408.24,29.1167
1.94065e+06,1.41714e+06,821650,523801,379196,269126,845394,416423,754714,16802.3,1837.08,138599,40039.3,27677.5,8175.86,4694.41,29.1168
1.55367e+06,1.08809e+06,856734,550037,434680,300522,867850,422257,781567,12770.7,4154.9,57517.9,25019.6,9373.76,7918.55,4255.07,29.1176
1.64087e+06,1.2786e+06,770002,558125,439668,336622,783671,454774,736355,14107.3,1129.67,100077,61673,13931.8,7527.98,5850.08,29.118
1.32631e+06,967138,822824,443537,250680,186531,806344,367951,723254,8940.72,155.731,69625.5,19822.3,11057.2,4959.75,2139.91,29.1269
1.30423e+06,929828,841594,604226,435196,304935,856306,467667,775200,10125.1,2162.35,120372,74233.8,20377.2,6585.02,6986.38,29.1272
1.63798e+06,1.19740e+06,820765,583436,502930,356586,846242,450577,776919,7035.51,1787.6,139692,58426.8,16496.4,6007.72,4979.63,29.1288
1.47168e+06,1.0454e+06,844660,585485,402740,280145,862569,450221,780264,7058.75,1424.74,118796,26342.4,18472,5984.39,6476.45,29.1304
973104,720865,809947,612676,497392,366052,815280,484532,758682,7429,1006.51,54873.4,37235,20675,5798.1,3531.99,29.1395
1.94448e+06,1.49322e+06,781324,414864,324052,248681,781849,331567,750734,9112.13,2283.8,58272.9,84219.4,21264.4,9491.63,6921.48,29.1471
1.83976e+06,1.20671e+06,914767,824501,590682,392310,903391,571379,865801,21166.7,5262.98,542053,51318.1,21269,14382.3,7942.14,29.1513
2.30359e+06,1.40849e+06,981301,817371,698192,461635,907460,577371,849406,15749.1,3291.56,67996.8,65341.9,29134.4,9715.56,7842.32,29.1522
1.56266e+06,1.12354e+06,834497,604544,358063,257417,834590,467675,775595,16015.5,3099.8,105060,23338.3,19557.3,7074.6,9025.59,29.1558
1.53359e+06,1.07637e+06,854867,401226,271887,197404,826388,315675,762606,11174.8,1541.92,28971.1,72678.7,15964.4,5586.93,4223.69,29.1617
1.58733e+06,1.04802e+06,908759,559460,309207,214971,863020,420504,798271,17973,4580.84,60542.3,30958.7,14960,7108.14,4832.01,29.1625
1.46479e+06,1.01536e+06,865578,713371,445363,303167,881421,540289,792211,9393.18,2047.63,125234,45972.9,17007.4,7586.74,6313.28,29.1632
1.99662e+06,1.45953e+06,820797,496227,430607,321142,804517,391928,759671,12986.6,4151.97,116363,49392.5,14635.9,8332.7,5288.97,29.1661
1.64038e+06,1.16271e+06,846497,586692,350681,251870,835385,459250,766501,7560.74,2698.31,121807,39524.8,14848.9,8613.86,6771.18,29.1704
1.26607e+06,761398,997695,857602,432524,280611,924819,609792,843830,20340.5,4230.37,66571.3,33853.1,30838,13548.9,5955.4,29.1736
1.68123e+06,1.17469e+06,858730,540599,322373,230093,840632,420581,771218,8867.89,3561.51,37027.6,90566.5,40148.6,12257.2,7260.84,29.181
1.69238e+06,1.22419e+06,829470,568000,410242,304452,808485,451578,754687,15426.5,3611.95,59390.9,62364.9,22987.1,7258.99,4906.51,29.1831
1.29986e+06,961925,810790,542164,392975,291535,808770,440679,738175,8231.73,770.427,48604.5,35963.3,35367,5957.94,8216.33,29.2048
2.21484e+06,1.55267e+06,855880,405258,341542,255740,801304,321410,756525,6181.24,2516.61,31714.4,23450.7,33790.3,8980.61,3871.58,29.2062
1.39725e+06,893852,937907,559159,339956,218852,932017,408970,820343,12743,2776.92,61833.6,36728.9,20360.9,8448.46,4347.99,29.2073
1.27443e+06,954797,800860,456742,278269,206458,808695,383280,715000,5896.4,-286.363,110064,27005.4,25173.7,5232.43,2735.37,29.2113
1.61192e+06,1.11843e+06,864744,549425,429491,304407,846546,434711,758331,15205.1,4699.01,59017.4,53002.8,27137,8811.36,5276.92,29.2139
1.22056e+06,889777,823058,578310,335564,239961,839046,451140,769131,7187.25,1145.12,113384,21850.1,13231.6,5568.03,3369.55,29.2144
1.62477e+06,1.21629e+06,801505,454358,306747,231689,794376,372387,732074,11856.3,3336.57,38441.6,73280.5,34896.9,6207.34,3279.17,29.2168
2.52111e+06,1.64065e+06,921991,789050,614294,418371,880980,591391,800536,15648.8,3017.88,56401.3,96089.6,41778.2,7916.03,10047.5,29.2182
1.83591e+06,1.33361e+06,825988,442302,381861,282236,811791,361443,734226,7588.02,1242.26,112692,28941.1,9470.8,6901.19,4734.8,29.2231
901672,619840,872811,484874,344211,250058,825916,371102,783948,5115.47,1416.87,52930.1,29458.5,5857.42,4867.11,4391.29,29.2301
1.46315e+06,1.00764e+06,871230,595747,353512,246154,861684,466639,766006,11522.1,5151.64,44458.9,38838.4,24831.9,6557.23,4523.84,29.2311
1.36696e+06,870951,941704,493489,287886,195710,882591,361729,818550,12606.7,795.187,30915,30421.1,31667,11043.8,10004.8,29.2339
2.26778e+06,1.6658e+06,816824,531645,435165,325595,801913,427074,746913,11856.9,610.622,56187.2,47420.2,15669.1,7225.7,4986.11,29.2389
2.08077e+06,1.47064e+06,848925,481029,393656,290548,812926,381685,756166,11359.8,4192.34,28325.9,31397.1,14156.1,6734.67,7460.01,29.2447
1.23653e+06,920616,805894,420100,319626,237008,809153,346935,726533,5380.86,1006.15,102722,29394.2,10581.6,5640,3459.76,29.245
1.11473e+06,763381,876155,691924,400176,290320,827038,547344,758488,6230.72,830.702,109474,43947.6,33586.3,5356.32,4997.29,29.2452
1.43476e+06,911780,944148,823302,582693,383204,912349,613893,804670,7873.68,3399.44,196947,46130,18131,11247.6,6386.06,29.2458
1.89791e+06,1.39288e+06,817552,444102,340253,255627,798632,366149,727739,7889.64,2113.42,24020.7,23230.2,12027,4566.35,5523.57,29.2468
1.4616e+06,1.04104e+06,842388,553461,455729,327525,834860,420209,790265,12835.1,4118.91,30230,46135.1,9662.14,7487.76,5548.45,29.2476
1.75278e+06,1.21652e+06,864486,776324,632983,442100,859058,579041,804423,9855.23,701.818,227058,85217.5,47074.5,10408.3,10690.3,29.2489
2.06139e+06,1.48148e+06,834864,473580,426418,302889,844701,357203,795481,8382.3,4673.04,57130.4,47909.3,15563.8,7366.31,5231.65,29.2551
1.28282e+06,842074,914041,604813,397949,262764,908683,432218,839595,12392.4,3958.8,19554.7,37662.6,36728.2,9432.3,7871.26,29.2586
1.86122e+06,1.36683e+06,817025,552781,341813,245942,833886,435152,762191,8201.71,1554.21,99278.5,37209.7,11437.1,6893.71,4830.94,29.2603
2.03542e+06,1.49975e+06,814306,665476,435235,329324,792961,535883,745098,3910.68,263.545,33280.6,34351.9,32010.8,4942.81,2587.68,29.2643
1.79144e+06,1.22662e+06,876280,515499,345074,248930,831738,397587,777942,14141.6,1380.11,132465,47395.5,21536,6872.49,4713.38,29.2687
1.30672e+06,981351,798929,443942,297056,219784,810949,359035,741893,9543.7,1756.75,28862,30816.4,24634.2,6297.65,3901.07,29.2701
2.1161e+06,1.47074e+06,863280,811009,699486,492575,852036,612690,794212,10348.7,1749.74,69568.5,69959.6,58086.6,7580.93,5748.55,29.2716
1.28857e+06,961461,804132,728573,497219,340999,874875,570968,765619,4884.06,2780.34,110264,54898.6,17466.2,9321.96,4692.94,29.2744
1.74111e+06,1.15053e+06,907985,714641,399682,269889,888548,534088,802835,8464.93,610.362,63050.1,68149.3,80846.6,10329.4,5683.12,29.2788
1.58013e+06,1.00226e+06,945944,772141,636953,390655,978285,516741,896551,3681.43,-344.507,901398,87772,11023.7,19194.6,3326.67,29.2812
2.09401e+06,1.5631e+06,803790,531202,387451,276492,840786,401666,793499,15907.2,1852.52,179793,41241.8,26808.5,7369.23,5920.57,29.2815
932395,636725,878617,644818,392010,270908,868214,470393,822485,8611.08,4.81525,47434,33781.4,14391,7522.79,4722.03,29.2858
940052,654619,861617,539291,327334,245354,800477,453356,713732,5570.24,1610.5,133821,21824.5,11190.7,7161.96,3832.96,29.2894
1.98702e+06,1.33492e+06,893094,801417,660021,445372,889172,599139,802569,27321.6,4121.82,34188.6,46581.9,36766.5,8962.64,11005.4,29.2908
1.67572e+06,1.1803e+06,851846,456446,295451,202878,873779,346636,790073,16879.2,4728.86,27582.3,44474.9,30802.2,7960.46,4303.46,29.296
2.2203e+06,1.67695e+06,794405,487785,356073,269957,791400,388345,753637,11428,3188.56,14178.1,29630,31615,4507.06,3515.79,29.2979
2.29741e+06,1.53542e+06,897763,689933,592539,404429,879075,508508,814068,13472.1,4452.02,59332.7,82805.9,36595.2,10680.1,8429.08,29.3093
2.00792e+06,1.36268e+06,884102,595133,324483,230594,844297,456454,782291,4688.92,2276.87,75430.4,21535.1,22092.6,3846.17,4333.4,29.3111
2.08257e+06,1.38151e+06,904479,635706,353720,235236,902210,476021,801275,12106.5,3277.89,65921.3,45577.1,25585.9,9380.84,10540.5,29.3124
1.9166e+06,1.30925e+06,878332,501325,343544,237716,867111,394973,761558,8688.65,162.752,45134.3,146629,21851.1,5338.31,7107.57,29.3131
1.59984e+06,1.26944e+06,756165,415741,303179,231884,784476,335692,743076,9189.25,-466.95,107705,34434.3,30474.9,6110.22,3342.34,29.3157
1.96372e+06,1.29281e+06,911373,612086,399443,277578,863419,486334,755143,9995.64,449.021,125685,81484.6,54894.5,7605.08,7809.74,29.316
1.74669e+06,1.3114e+06,799158,535322,452969,324460,837642,418744,767040,11139.5,3979.48,35779.9,39387.2,28540.6,8252.46,4769.18,29.319
1.43591e+06,953533,903531,802117,465830,311902,896109,586486,820600,9416.31,4449.18,38756.4,33069.4,13523.6,9437.49,6387.69,29.319
2.2164e+06,1.45074e+06,916660,451373,336779,227082,889844,342498,790732,8790.9,2279.78,32415.1,62641.5,32470,9617.63,6177.11,29.3221
1.72278e+06,1.16951e+06,883852,505372,302799,225547,805506,424185,714838,5055.27,2041.66,67498.4,17274.4,34672.4,5225.16,2774.88,29.3235
2.03871e+06,1.5323e+06,798294,517794,349051,250239,836923,382455,812321,9394.47,2634.29,19676.4,36822.9,31573.4,8498.92,13054.2,29.3281
2.51097e+06,1.7102e+06,880939,855516,688610,461446,895373,615186,834398,10866.5,1685.55,89335.4,82452.8,50988.6,8801.85,9290.18,29.3371
2.04541e+06,1.46062e+06,840225,417934,371471,288282,773142,336777,744589,9389.82,4298.9,30428.6,50354.8,29514.8,7769.4,11286,29.3418
1.17732e+06,827390,853760,744054,356875,246118,870010,572375,779964,6007.06,4124.04,96460.2,36126.4,15431.7,7891.25,6012.68,29.3463
1.30372e+06,894363,874622,629408,437059,292213,897411,470548,802564,9582.6,2059.31,251153,36589.7,21063.5,7493.17,5619.09,29.3492
1.97571e+06,1.52782e+06,775893,711915,793176,600470,792556,489959,871806,5079.2,2178.35,120902,52248.1,28042.4,4757.73,11408.3,29.3498
1.56314e+06,1.13354e+06,827392,454194,366934,279411,787945,372685,731225,9761.55,1838.46,53720.6,29378,17118.1,6471.48,2674.58,29.3517
1.87905e+06,1.34821e+06,836243,401126,292561,215034,816321,331599,725804,7778.04,1323.8,65324,67237.1,25743.9,5328.42,5074.51,29.3538
1.56684e+06,1.08913e+06,863168,598882,373236,266070,841664,481261,746641,10342.5,3137.56,35204.9,42172.3,14701.4,7084.36,8241.94,29.3542
1.55207e+06,1.05687e+06,881132,854623,653697,445481,880438,628145,816330,9313.83,4135.82,45613.8,123670,18668.6,11272,4925.72,29.355
1.28972e+06,931564,830679,597870,449021,339373,793853,493726,726562,9698.3,1482.63,60028,24137,14805.6,6278.63,4129.4,29.3595
1.84685e+06,1.32367e+06,837149,460111,406502,305806,797569,366731,752777,11934.2,4119.46,41400.5,39876.5,25849.2,6990.96,4204.21,29.3596
1.34925e+06,992911,815328,546882,369511,264910,836914,416240,788318,6621.27,-381.733,215503,28416.3,35270.7,5913.75,5094.67,29.3612
1.78972e+06,1.14949e+06,934184,902184,775505,537608,865506,666152,812593,11895.3,3492.19,102800,50852.1,22875,9542.68,10190.1,29.3621
1.2992e+06,908569,857966,661662,392654,277550,848829,505502,785352,4596.32,3175.94,94270,31564.9,12126.2,5791.75,5310.75,29.3762
1.41496e+06,968341,876733,679443,539378,367449,880740,502645,811042,7552.82,2671.57,146559,40364.2,16302.6,5454.63,4667.69,29.387
1.71565e+06,1.21747e+06,845516,489657,252033,187403,806923,402394,730116,6983.47,1243.83,57889.3,34913.9,55302.6,11280.3,4159.66,29.389
1.90792e+06,1.36473e+06,838811,611836,435217,317964,821257,489607,749788,5544.44,2291.06,34165.3,27529.4,12105.7,5187.66,4275.76,29.4007
1.48601e+06,1.12521e+06,792388,451061,288923,207343,836072,361875,747874,7051.17,776.241,33723.8,51405.7,15200.7,5181.85,3777.12,29.4048
1.72195e+06,1.211e+06,853157,511111,304025,225899,807507,417237,734994,7542.85,504.208,61274.7,89857.5,50802.8,6166.23,3700.21,29.4079
998817,655733,913924,648773,445071,315257,847063,518339,750983,3653.13,460.097,49664.7,37810,45699.2,5801.27,3885.46,29.409
2.49664e+06,1.64588e+06,910142,730720,464335,314577,885637,544869,804656,5228.87,2995.91,274243,75384.5,24137.6,12006.2,5296.79,29.4104
2.3922e+06,1.64931e+06,870258,476324,281366,197324,855544,374082,763988,8352.88,1430.23,57950.7,77979.4,49363.9,7457.26,3754.67,29.4131
1.18949e+06,860153,829729,668153,409522,296865,827694,523944,765142,8243.4,118.72,241833,24934.2,24186.6,8491.93,4919.34,29.4144
2.24333e+06,1.79409e+06,750241,299956,196136,153048,768919,249152,722346,9733.19,-77.848,30787.4,68670.6,10126.7,5667.77,4819.84,29.4153
2.30912e+06,1.7739e+06,781033,437301,282370,217507,778927,364097,720634,8228.09,236.274,82236.6,56044.1,52800,4378.66,4504.14,29.4162
1.30687e+06,944624,830091,513100,478288,362992,790576,406046,758190,12067,2697.17,42544.5,45609.8,28156.1,6440.35,5413.97,29.4203
1.95692e+06,1.45059e+06,809430,494803,347335,252603,825013,383689,773757,11469.8,3465.89,66624.6,48692.4,13284.1,8478.1,6076.66,29.422
2.02636e+06,1.53057e+06,794355,350177,267551,204411,785334,296648,708268,8176.66,942.897,57054.8,107287,24176.7,4717.25,4195.79,29.4289
1.71076e+06,1.25358e+06,818814,591398,406374,293290,831343,448944,790386,14246.2,2349.16,133142,34329.2,32173.6,7970.5,5224.33,29.4396
2.22102e+06,1.64148e+06,811837,614955,489177,352421,832828,478305,771418,15890,3945.89,27212.6,45126.4,19459.6,7510.18,6775.42,29.4422
1.93686e+06,1.33612e+06,869770,606888,348895,257224,813832,504470,721813,4471.96,841.961,130358,24981.8,27578.7,4924.22,4196.97,29.4475
2.00435e+06,1.51135e+06,795720,410666,274710,215583,764560,343174,718003,6547.81,506.086,28997.6,52557.1,29214.7,5696.3,12628.4,29.4504
2.0103e+06,1.42522e+06,846311,697509,439574,296471,889612,519971,804863,13625.7,4549.4,251311,48941.5,14173.3,9916.1,6019.04,29.4523
1.80911e+06,1.44599e+06,750672,401821,307921,249798,739607,335283,719071,13400.4,-820.317,117318,36813.4,15209.5,8669.94,3844.94,29.4589
1.17874e+06,818059,864541,501768,381942,262464,873130,363000,829369,11076.8,3486.83,47816.1,27347.9,12127.4,9563.19,5258.7,29.4626
1.35885e+06,1.0092e+06,807876,403761,350426,260192,808080,314774,769620,14106.7,2552.8,17349.3,52311.5,36030.5,9320.08,4042.79,29.4639
1.4479e+06,1.10862e+06,783621,517104,325144,236076,826372,408308,759873,5230,1414.64,113091,63945.6,23635.5,5636.97,3315.31,29.4643
1.92554e+06,1.30063e+06,888281,627532,381734,284752,804352,505642,744636,8438.57,2331.05,37379.6,46729,39960.8,6623.85,5561.26,29.4829
2.31811e+06,1.81035e+06,768283,367375,275741,210297,786719,298498,738448,7818.87,435.171,37195.7,40399.9,27312.6,7139.83,3689.4,29.4829
2.04618e+06,1.18491e+06,1.03612e+06,890688,693015,428773,969765,596459,895976,15058.7,3557.37,82194.9,55060.3,39677.8,12301.8,7648.78,29.4853
1.74993e+06,1.26875e+06,827550,488582,292506,207873,844282,385873,759704,16504,3517.64,26327,31000.4,15540.7,7827.83,4626.91,29.489
1.71796e+06,1.25989e+06,818145,476335,255787,185717,826377,380534,751053,4883.43,3595.81,251980,33532.3,30066,5579.05,3970.08,29.4902
1.89901e+06,1.30302e+06,874433,639697,395558,260978,909405,457088,839703,19376.1,5196.2,56391.3,43040.5,25512.1,9625.61,5780.42,29.4903
1.9004e+06,1.25414e+06,909178,663025,372025,255732,872848,511356,777961,9791.14,387.467,604280,112337,39474.8,7203.09,7940.73,29.4912
1.31673e+06,1.00409e+06,786816,464660,274320,204744,803892,378524,736535,7863.32,700.058,61622.7,31788.9,16784.2,6183.98,3681.1,29.4913
1.41522e+06,1.00973e+06,840947,647926,490404,359149,819276,511653,759804,11594.1,2236.09,61203.1,38745.6,18937.9,6976.92,3754.39,29.4973
1.83963e+06,1.33779e+06,825076,450008,355197,260890,816890,354422,761817,6553.43,2394.36,52874.6,35653.5,14777.5,7115.07,9581.53,29.4983
1.45401e+06,1.12409e+06,776099,581513,367856,270885,814786,461015,756826,7883.99,654.383,56887.4,34004.3,34879.7,6802.15,5776.01,29.5081
2.88954e+06,1.89284e+06,915939,650976,552957,371035,894185,471989,827531,14788.8,2116.65,65106.4,111370,43714.6,11556.5,5891.92,29.5093
1.55718e+06,1.24618e+06,749740,322157,198207,155024,767135,263423,733779,4958.87,788.231,24186.6,26866.9,25212.5,5884.93,2909.6,29.5122
1.64389e+06,1.25083e+06,788543,473193,411717,305052,809797,387938,731858,10140.6,1110.31,58795.8,25152.2,21419.3,6129.13,4103.71,29.5123
1.78444e+06,1.30984e+06,817406,434098,318676,235798,810887,357313,728938,12097.1,-297.518,134075,31560.1,15360.5,7174.73,3547.11,29.5306
2.57003e+06,1.55042e+06,994585,744493,464393,285861,974726,466127,958313,9754.64,418.06,106943,28148,11387,5948.55,3876.6,29.5359
2.5017e+06,1.48207e+06,1.01278e+06,669203,534112,342589,935427,464843,863780,13143.7,2838.04,103714,90090.2,42907.4,11500,11672,29.5365
1.89088e+06,1.44021e+06,787751,407326,316730,245603,773761,336274,726776,6964.32,531.592,73284.6,25941.8,15462.9,6102.07,5184.67,29.5369
1.37467e+06,985051,837319,672499,512116,366079,839353,511954,788156,8721.02,3856.86,21471.9,72345.1,26178.7,6679.49,6196.55,29.5381
807992,471568,1.02805e+06,635866,454426,283544,961600,423266,901371,9360.79,645.659,93129,37017.5,26354,7028.24,3884.28,29.539
1.72884e+06,1.23681e+06,838693,406755,265617,188321,846270,328527,742870,8044.81,686.605,26048.5,36079.6,23391.9,5994.98,4124.23,29.5392
1.40887e+06,1.04379e+06,809856,594541,392196,271332,867269,449948,792813,8620.67,396.279,194558,42412.6,19510.2,5273.31,7124.2,29.5421
1.27489e+06,915426,835604,532351,378507,267036,850463,424221,752935,6979.19,606.991,50676,31277.9,17980.9,5288.09,3622.69,29.546
2.15731e+06,1.60126e+06,808355,308440,259197,193637,803143,254540,727052,6523.23,325.828,25914.8,23877,9918.28,5542.27,4586.5,29.5473
1.32099e+06,917481,863879,732609,428996,303998,846709,549870,799399,6654.89,3185.92,68101,33163.5,17323.5,6180.83,5818.53,29.55
1.82377e+06,1.36658e+06,800734,698219,477017,288031,993679,499308,839024,4893.1,766.029,965712,82792,23426,10628.1,6595.9,29.5505
1.39471e+06,1.05181e+06,795609,546137,495681,390624,761367,446902,733231,7178.43,-72.4586,215500,37585.2,17672.7,7538.87,5043.06,29.5517
1.48219e+06,1.02911e+06,864161,602265,370938,264229,842310,483434,747483,8171.05,2562.41,68101.6,24961.2,18826.3,6012.02,4334.3,29.5631
1.70223e+06,1.24925e+06,817557,452336,282364,194412,871442,337312,804602,10777.4,3108.59,54922,28595.4,13477.3,6751.6,3771.59,29.5684
1.94948e+06,1.39046e+06,841221,471555,378075,265362,854852,359917,786106,17466.4,3012.56,54712.5,30880.8,18322.4,8921.85,4595.14,29.5737
1.84439e+06,1.41587e+06,781593,333706,293502,225430,781179,270812,739346,7729.96,1401.74,125671,50445.8,23128.2,4488.39,3802.88,29.5738
1.54368e+06,1.20441e+06,769011,413957,246900,185584,798235,345458,718971,8190.77,1709.47,63204.5,20425.8,15006.5,5318.45,3323.58,29.5746
1.8958e+06,1.39302e+06,816559,502333,394590,301123,786238,409313,736355,6496.04,172.11,97512.6,85881.4,34834.9,7441.59,7112.21,29.5782
1.95489e+06,1.50813e+06,777741,440068,284055,212849,800723,360970,731475,8899.74,514.49,43942.6,85638,35622.7,6281.59,5309.96,29.5879
1.68001e+06,1.27900e+06,788116,290225,256988,202578,761152,245003,710747,9055.89,24.4984,51222.7,25170.5,11464.3,6417.66,2492.49,29.588
1.57928e+06,1.15145e+06,822939,562788,377814,274107,827007,454706,742618,9592.97,974.783,20770,28795.9,20056.6,5293.26,3347.52,29.6074
1.83636e+06,1.23167e+06,894568,685862,416597,291418,857731,537246,765976,7737.17,2357.33,31545.1,37431.8,52040.6,9133.42,10603.9,29.6091
1.17927e+06,835792,846576,466929,291964,223546,783633,382792,731879,7299.73,3887.26,31790.2,27965.7,21163.7,5561.22,3934.73,29.6132
1.44752e+06,1.03535e+06,838861,609268,318216,244353,781367,504976,723917,8390.08,1615.76,54123.6,34753.1,21246.3,6054.5,4969.91,29.6175
1.95759e+06,1.4155e+06,829777,477566,311415,225648,828055,374014,766120,14427.7,4005,58281.6,47647.5,29412.6,7484.59,5053.38,29.6181
1.76028e+06,1.3269e+06,795967,562048,342577,255394,804821,446313,755589,13417.5,4628.39,102129,30452.5,24447.6,8290.88,3953.89,29.6239
914734,658032,834064,515172,349143,254297,823784,402158,768611,5840.4,613.706,145774,33035,33498.4,5008.13,4661.07,29.6251
1.11099e+06,800342,832883,583311,353101,257793,821824,478179,731916,5304.27,1026.39,29349,31282.3,32736.5,3688.09,5195.48,29.6268
1.55662e+06,1.03733e+06,900363,709376,397984,268858,888165,539861,788399,8052.7,4348.79,55815.2,27130.1,14498.7,8791.75,4601.51,29.6313
1.39403e+06,1.04967e+06,796842,594388,381778,283148,809001,487228,731963,16894.8,5030.73,63255.4,37902.4,25321.3,9012.51,5511.98,29.6384
2.17623e+06,1.60698e+06,812541,441271,339412,258608,787474,357856,739857,9919.54,1866.55,62872.1,56466.8,38951,7771.49,4166.77,29.6442
1.76938e+06,1.42132e+06,746932,356609,247234,202056,734156,299707,713915,3074.65,735.703,23841.5,81707.2,29161.9,4736.11,7429.98,29.6482
1.35375e+06,1.03093e+06,787878,453868,370348,276251,804374,377884,720647,5001.22,253.03,112417,36479.9,6756.83,5484.85,4130.84,29.6517
1.58457e+06,1.03769e+06,916213,721114,512438,356997,861248,534175,809975,8672.97,2824.19,53515.7,35877.8,20209.6,6111.32,8562.33,29.6556
2.13966e+06,1.44969e+06,885563,436134,293262,215664,815886,358687,729552,8363.92,339.728,31266.3,59439.6,24999.8,4064.96,9431.3,29.6614
1.69463e+06,1.20580e+06,843236,565677,370456,249086,892357,426579,795646,13391.7,4208.29,83430.1,36109.1,25101.7,7324.4,4385.42,29.6623
1.4546e+06,1.09646e+06,795979,488954,400154,311999,769529,406079,722452,4303.32,4854.54,280700,56765.2,11244.3,6021.02,4215.77,29.6625
1.29719e+06,954306,815583,730568,512300,395198,777787,582773,752164,12198.9,243.03,1.04177e+06,97292.1,68221.1,6717.74,5987.88,29.6668
1.7507e+06,1.01113e+06,1.03886e+06,845481,535044,284062,1.13013e+06,495843,1.02308e+06,11086.4,515.289,438970,39039.8,26900.4,11408.7,8574.07,29.6751
1.48135e+06,1.12339e+06,791187,506931,354877,260549,817222,401786,757017,9827.2,-559.84,64488.1,52709.9,39217.1,5951.79,6424.21,29.6782
1.65371e+06,1.19425e+06,830836,669877,436475,300690,870947,526565,763298,8629.8,1428.36,132577,31339.3,16769.7,7975.87,7501.18,29.6913
1.30104e+06,824471,946818,552061,377684,245461,923202,388627,852326,5731.99,63.3048,31236.4,20966.2,24423,6420.93,4719.44,29.6962
1.49259e+06,982160,911822,859808,466109,315859,885413,645149,799637,12159.6,3008.89,37673.5,48016.8,28752.4,8353.68,5634.21,29.6967
2.07183e+06,1.42236e+06,873969,599437,446339,309847,864309,437552,821987,10655.6,3492.53,49782.3,71548.5,53076.4,10852.7,6245.55,29.6979
1.42133e+06,1.07988e+06,789714,518953,321324,234867,820866,414871,750527,7494.2,867.525,100917,33086,15863.2,6241.01,3121.38,29.6982
2.21491e+06,1.65766e+06,801699,288343,180291,136493,792527,231698,746687,9687.61,20.5326,53896.8,31615.8,19195.7,7603.98,3934.72,29.7108
1.62918e+06,1.0497e+06,931226,518878,337341,199853,1.01277e+06,356556,873150,7174.84,1139,27503.9,27960.7,15878.2,3597.03,3513.09,29.7108
1.84451e+06,1.28262e+06,862846,434049,335393,228596,880311,345957,752779,14185.4,2621.72,54418.5,37104.1,22430.5,9044.02,5537.4,29.7128
1.97862e+06,1.19302e+06,995097,585848,462642,278509,996683,396034,887573,35051.5,3703.3,106014,71257.8,27420.5,13043.9,6818.47,29.7137
1.08651e+06,816508,798407,410156,335635,256911,783854,342865,717757,6261.14,309.32,221704,26955.9,13996.6,4485.49,3324.65,29.7339
1.66621e+06,1.08268e+06,923384,794507,474018,307771,924100,575234,828714,12761.6,3728.54,114551,54919.7,24364.2,7070.58,7631.2,29.7409
1.94578e+06,1.47651e+06,790694,404730,337726,259196,781786,335662,723459,11006.1,417.192,160374,61921.9,66230.9,5392.66,3237.36,29.7453
1.22907e+06,890037,828554,636793,534960,374239,857677,480588,795017,11292,2568.94,62266.3,48021.1,29483.5,7199.19,9374.53,29.7523
1.35093e+06,977227,829445,658678,504064,364456,829834,499549,791127,5949.64,3662.17,284939,38611.5,17095.3,6396.32,6758.17,29.7548
1.2648e+06,916962,827602,612412,534171,391454,818750,478417,768047,6852.65,3103.24,650232,32993.1,16308.4,7538.95,5527.46,29.7556
1.69929e+06,1.28302e+06,794664,507487,401404,294837,816867,395810,769289,11458.8,1333.19,125197,34474.6,17066.8,7075.31,4709.25,29.76
1.74717e+06,1.11884e+06,936958,485414,379824,273331,833766,382096,762239,11637.8,-92.7902,26903.9,76161.3,33216.6,7945.2,5263.66,29.7626
1.97589e+06,1.50116e+06,789748,394778,345624,261514,792976,331073,715452,6395.92,2461.46,24988.5,39250.8,19111.5,4776.6,5368.09,29.7771
2.28872e+06,1.33076e+06,1.03192e+06,1.03064e+06,580733,345861,1.00746e+06,667493,926426,12318.3,3764.76,52741.7,115828,48018.5,13793.7,11187.9,29.7808
1.54218e+06,1.13043e+06,818546,448046,234924,173983,810161,353325,760851,5910.72,1557.8,147955,17336.7,8728.56,7157.83,3396.68,29.786
1.63667e+06,1.02684e+06,956331,671155,413884,280992,883763,488435,824455,9033.34,689.99,92711.1,33877.2,16049.9,6104.95,4760.12,29.7895
1.68458e+06,1.25823e+06,803308,620488,536905,406593,792299,503070,740042,11855.9,1483.86,189459,39899.8,21112.2,8599.83,4930.28,29.7897
1.09042e+06,760951,859783,609813,340398,234625,870491,476528,767820,4696.74,1546.5,65456.2,22612.2,13130.7,5596.71,4756.45,29.7921
1.59037e+06,1.17748e+06,810395,529918,412745,302106,819735,397898,799076,16937.2,3578.64,54064.3,34055.9,15350.1,6639.86,5233.82,29.7938
1.51245e+06,1.05784e+06,857850,749580,660195,425216,931566,511877,878625,6128.79,3045.82,269190,29904.1,18308.6,11692.6,7669.03,29.7942
2.14708e+06,1.5255e+06,844478,531774,412943,301349,822188,401245,795185,10634,878.671,213147,59706.7,18333.1,5737.74,5022.72,29.7997
1.90395e+06,1.54855e+06,737706,348325,266356,210278,760011,288436,724580,3803.66,-88.4424,143918,19372.8,14305.9,5321.42,5084.92,29.8015
1.53409e+06,1.15761e+06,795132,545946,414224,315950,786626,437817,748183,7328.87,2112.67,33593.7,31111.9,14366.2,5400.3,3781.38,29.8016
1.61727e+06,1.26977e+06,764202,512799,285966,223668,767117,438388,701843,9483.8,4614.53,753804,22268.6,17023.1,7828.99,3305.88,29.8074
1.02812e+06,771454,799625,366652,275572,204458,808689,295693,743985,3287.94,100.343,117305,19604.1,6958.35,4112.54,2749.85,29.8144
1.27713e+06,877445,873306,534222,476589,332217,860743,392485,816676,5890.77,2944.22,33890.1,36898.5,21704.2,6983.49,6963.05,29.8163
1.6105e+06,1.05006e+06,920232,809143,683347,443012,925501,577322,840928,6539.22,1162.03,181650,32422.6,12375.4,9016.94,9189.35,29.83
1.49344e+06,1.11273e+06,805286,483209,351815,257977,818247,386198,750716,7177.77,2825.84,53280.2,34484,12057.9,7193.98,6114.33,29.8353
2.49904e+06,1.56491e+06,958152,668091,567195,327216,1.04004e+06,430106,931990,30364.5,3573.44,39440.5,77819.4,13371.9,16870.3,9192.38,29.8401
1.48741e+06,1.07805e+06,827837,477194,380096,280607,812729,365014,784399,9895.31,1001.86,168127,58347.9,26077.7,7229.28,4479.37,29.8402
1.51569e+06,1.10518e+06,822870,468952,257618,183897,840530,377849,744666,7590.02,1309.82,70198.9,23470.2,14285.8,6410.05,3311.42,29.8422
1.7987e+06,1.2606e+06,856120,628983,381757,277429,825631,495311,761925,10564.7,1335.93,68591.4,60475.2,26398.2,6941.36,10492.1,29.8455
1.4221e+06,1.12275e+06,759972,412129,248863,193987,769730,335843,736289,12377.7,3081.41,51490.4,26732.9,9673.43,7111.11,5935.94,29.8698
2.0569e+06,1.48432e+06,831450,483129,308677,226875,816335,381966,758908,8388.28,741.984,47806,27856.2,13140,3765.64,2145.42,29.8705
1.0136e+06,612981,992136,834950,519031,309019,1.00776e+06,563296,889355,13194.2,3273.87,33073.6,32869.9,38800.1,6882.23,6380.15,29.8739
1.96798e+06,1.27302e+06,927544,732242,408423,282315,868015,543191,808823,6834.45,4354.1,25729,28637.2,38304.1,12641.4,5260.72,29.8747
1.41151e+06,970665,872499,701803,366063,248858,882584,534927,787176,10223.4,3014.94,33773.6,58819.4,42951,8077.85,7872.35,29.8995
1.35901e+06,907546,898471,707895,388577,258733,901108,536050,792346,10539,1281.21,67803.6,26759.2,16283.8,5036.12,6211.47,29.9051
1.64582e+06,1.14395e+06,863232,498734,445506,320915,832942,385185,776874,15100.1,2482.22,31967.7,52590.8,14343.7,7964.17,10555.2,29.9054
2.10744e+06,1.66478e+06,759538,379402,279197,213536,784495,309724,734981,11861.8,553.231,32871,59893,12314.4,5678.47,5241.5,29.9061
1.98129e+06,1.61349e+06,736771,287399,196950,160158,737835,240707,716387,5353.43,4050.9,118297,45857.2,17160.4,5288.78,3445.66,29.9062
1.98074e+06,1.52198e+06,780851,384338,361100,272365,795478,313146,736407,11989.1,1247.77,94021.2,25874.8,9157.85,5959.89,3271.2,29.9141
2.14066e+06,1.56162e+06,822479,473133,310033,229963,808912,367567,772321,15957.6,3828.4,31324.2,46106.2,30270,8316.61,5298.17,29.9144
1.52402e+06,1.10248e+06,829414,438911,256890,181936,847189,340920,772459,12169.1,2975.57,26246.8,32780.5,12069.7,5986.62,3110.71,29.9146
1.24812e+06,846806,884347,707727,530345,364797,872285,520499,815825,11113.5,1829.8,229492,48068.9,19038.6,9151.38,5907.28,29.9213
1.26337e+06,896932,845129,781831,675016,463626,873570,595413,787854,7141.09,2799.09,92094.2,47821.7,42294,8105.03,6016.04,29.9437
1.73474e+06,1.32643e+06,784692,459298,247493,189327,784334,375731,733448,7773.42,-590.025,81185.5,34148.9,27701.5,2707.86,5298.05,29.9457
2.34306e+06,1.62307e+06,866159,941559,612007,428518,856917,691616,816834,16035.7,2880.68,152516,79721.8,36452.8,10520.9,9865.58,29.947
1.47323e+06,958763,921955,941381,616292,406734,909133,675058,836711,15026.7,4196.88,139546,65979.3,34645.3,11822.3,7229.09,29.9491
2.55625e+06,1.61001e+06,952635,646535,485999,286699,1.01709e+06,424700,913400,8277.89,1528.84,26558.2,31766.7,13116,6789.5,5254.32,29.9515
1.48970e+06,997348,896200,491489,301981,206429,877729,375468,785402,8546.69,4994.15,35146.7,34207.8,36037.2,8188.86,5455.9,29.9538
1.10516e+06,778401,851867,645340,351917,245539,859946,491997,787005,7398.85,3165.53,58192.1,24368.8,24379.3,5670.73,3708.92,29.9543
2.0509e+06,1.40592e+06,875259,459440,326500,232518,842516,362956,759498,12103,2489.51,27005.3,45431.4,12300.7,9534.48,7479.71,29.9547
1.34848e+06,863458,937033,989611,627308,400860,938944,696767,852174,12616.8,2846.26,57505.2,40790.3,26498.4,10108.8,5542.62,29.9569
1.4776e+06,1.10543e+06,802002,524995,446019,339191,788969,426494,738573,7190.42,1354.88,100042,37552.6,21555.9,5954.04,5189.53,29.9578
1.92948e+06,1.41225e+06,819748,406504,326906,244805,801224,316034,771760,16100,1811.65,54869.7,37979.9,19096.6,8173.8,4862.47,29.9692
1.03644e+06,747151,832317,524889,325697,230394,848190,401257,784866,6626.98,522.175,68719.5,35647.3,11531.4,6598.73,6475.1,29.9717
2.01936e+06,1.41043e+06,859041,464926,321514,228900,842763,361415,771843,11501.8,3911.99,22130,51252.5,38450.5,7623.35,5539.96,29.9736
1.41542e+06,1.08980e+06,779272,486233,397494,299426,796512,384595,758564,8069.31,199.11,69587,36949.4,22450.2,6091.75,4010.64,29.9829
1.18564e+06,800903,888230,635302,528063,365040,867954,472001,807585,10609.1,2974.53,28531.4,59872.1,24107.7,8329.75,4443.77,29.9912
1.82862e+06,1.24572e+06,880756,516110,277394,205931,808215,416215,744004,7708.7,4451.32,13521,34185.8,24675.8,7129.68,5533.22,29.9943
2.27586e+06,1.43497e+06,951594,453466,354398,251281,846220,344458,789877,8062.62,2983.25,14634.8,31885.6,23587.8,9135.48,6158.1,29.9993
2.04542e+06,1.48933e+06,824028,485188,406751,306953,795075,382873,760338,10494.6,1813.62,69708.6,32677.1,9955.9,6096.12,5917.77,30.0004
1.9824e+06,1.5144e+06,785422,443260,288937,202739,855100,337614,787751,23294.6,1489.24,31238.1,33449,19735.5,9853.01,5451.52,30.0078
1.83303e+06,1.39965e+06,785777,416244,307958,223320,827400,324117,770544,5608.23,-154.224,32666.6,40986,30705.4,5789.08,3725.65,30.0112
1.87539e+06,1.27245e+06,884303,740572,464066,341963,814238,561442,791432,17480.2,5069.09,134936,45798.1,11201.1,10462.5,5414.15,30.0149
2.86146e+06,1.89064e+06,908093,809879,613243,430121,855447,592172,820585,13797.5,2687.4,55751.9,29672.6,32695.2,9870.64,7402.86,30.02
1.51604e+06,1.11559e+06,815376,489682,281499,176420,957371,340398,863134,9121.01,2082.44,130062,24428.2,15974.2,5987.9,3581.5,30.0254
2.07848e+06,1.66122e+06,750706,403258,258966,196269,791666,332876,726862,2284.01,1007.14,308842,21189.3,18239.5,4234.18,3583.75,30.027
1.93029e+06,1.35921e+06,852091,509553,396517,297969,798439,417578,732155,6850.06,-125.457,99612.9,148726,46160.3,6309.43,6780.88,30.0307
1.52966e+06,1.14401e+06,802265,616311,452637,321756,844063,470702,785607,9858.48,1983.48,57345.8,53093.7,28230.7,8223.68,8380.32,30.0366
2.46972e+06,1.42538e+06,1.0396e+06,671182,410171,253193,971997,454460,886127,9131.74,2374.38,48334.1,88078.5,52432,10893.5,5503.51,30.0448
1.72688e+06,1.17267e+06,883562,526820,269227,183082,882317,401256,787757,12079.3,1762.22,32288.1,65638,59069.2,7856.54,5628.58,30.0576
2.91862e+06,1.67274e+06,1.04689e+06,765563,514114,353099,873604,530823,865331,9141.49,1574.12,130757,70232.1,50231.2,8929.69,3673.31,30.0594
1.53896e+06,1.11532e+06,827905,383154,244116,173282,845267,305734,751936,10803,1413.59,63583.5,26263.2,3205.84,6747.56,2894.11,30.0619
1.23636e+06,884337,838839,593427,498471,362836,824291,482766,737533,11045.9,1210.4,52861,62462.8,55850.9,6613.22,5176.95,30.0659
1.80945e+06,1.4493e+06,749103,339337,235022,189277,745010,287759,707544,3795.24,75.8625,25754.8,23664.8,10189.9,4892.6,3210.44,30.0667
1.974e+06,1.31502e+06,900669,1.14728e+06,897066,659943,815584,790365,870950,29672.7,4775.95,33286.9,41106.5,21859.8,14420.5,3838.23,30.0672
2.09782e+06,1.5359e+06,819514,421310,363340,268169,812935,336098,752120,8651.19,1425.65,32633.7,58884.2,27408.2,6429.77,5347.65,30.0711
2.03951e+06,1.51386e+06,808334,369407,288479,220696,784279,289715,765042,10908.5,2466.35,26092.1,70718,32523.4,10137.3,8320.58,30.073
1.61919e+06,1.15797e+06,838978,625633,373955,261179,859076,481044,780344,13131,3583.75,239419,39958.3,32826.2,6041.71,4846.34,30.0734
1.95643e+06,1.46086e+06,803539,391142,337684,260695,777194,319128,735395,5831.73,1298.7,61257.6,55867.6,16842.6,6000.33,5102.44,30.0755
1.56989e+06,1.23001e+06,765794,407850,226554,169724,800903,343516,712369,6562.41,885.838,551664,12843.6,12192.5,4531.23,3892.38,30.083
1.25371e+06,830285,905983,607331,422794,308835,821398,463072,786916,7218.94,428.852,213402,34522.9,27790.2,7315.92,4584.65,30.0838
1.98164e+06,1.38320e+06,859584,520152,379746,273961,831678,414734,752509,12429.5,3150.88,25090.7,49998.7,43505,6712.35,4211.21,30.0843
1.95094e+06,1.48574e+06,787864,468196,281705,225265,750330,395661,709995,9853.52,1979.93,81945.3,79740.4,30839.1,5637.31,7355.06,30.0846
2.6226e+06,1.78273e+06,882668,831740,708910,475604,894328,593723,840533,29856,2781.88,58190.9,71281.6,42904.2,14307.7,11944.9,30.0847
2.81818e+06,1.95948e+06,862936,595140,504428,361896,836309,465054,767834,9222.98,1022.47,52573.4,105349,48846.2,12692.7,12719.4,30.0856
1.1209e+06,715134,940440,611748,480769,342350,842592,440804,832681,8797.53,1075.24,101588,34157.2,33457.4,7962.02,5481.65,30.1018
1.4607e+06,1.04667e+06,837340,457638,258267,184647,839224,359557,763669,10524,1701.07,72351.4,27153,9791.77,8118.57,4969.94,30.1066
1.19222e+06,887196,806286,429730,281947,199983,845913,332783,774794,6719.49,466.422,70382.3,32438,9285.83,6384.02,5529.76,30.1103
2.09813e+06,1.36215e+06,924185,972178,673866,453569,891419,711434,819903,14045.9,2553.57,75455.5,65436.3,19644.1,10941.9,7781.35,30.12
2.15585e+06,1.53354e+06,843483,472424,304086,220337,828056,384024,738116,13429.7,2683.03,29422.1,30074.2,16373.9,4417.97,3648.32,30.1212
1.29195e+06,997689,776968,436346,265346,199311,798790,357240,732862,6818.73,435.396,44426.8,31156.9,6964.41,5796.01,3790.28,30.1242
1.45843e+06,1.19348e+06,733202,284798,230002,187322,736707,249142,685868,5205.6,-433.823,275126,19370.9,9871.52,3270.01,1558.48,30.1246
1.67114e+06,1.16654e+06,859536,511794,415605,295750,843155,393143,781081,10300.5,2038.25,71746.8,40608.6,13950.6,6487.83,4776.83,30.1267
2.10708e+06,1.3558e+06,932471,830616,634021,426827,891256,597958,833452,17256,1728.08,133450,114774,36529.3,11986,7497.31,30.1323
912325,655402,835205,468479,316030,231250,819969,368281,763241,9557.94,1270.37,114655,27361.5,10222.7,6549.49,3122.22,30.1341
1.85359e+06,1.41749e+06,784598,508059,314046,230269,818293,412141,739638,10108.8,2461.3,54085.6,27887.7,13094.6,6085.24,3771.43,30.1407
990652,635032,936002,493026,389324,264383,883546,348151,849676,10690.7,3298.67,44471,43474.1,23625.9,6323.52,4868.84,30.1416
2.00104e+06,1.53761e+06,780841,443128,314452,236032,799345,351859,755635,6908.86,2007.84,27763.5,42697.7,38548.2,6397.16,8792.3,30.1508
1.92747e+06,1.50143e+06,770254,441950,298969,220841,812266,345796,766840,14534.4,3063.16,42414.2,41455.3,12261.9,6643.31,3238.42,30.1527
948205,642192,885908,606466,372719,267860,834883,493822,736864,4949.63,2708.86,107501,42011.4,16276,4573.72,3192.01,30.156
2.13556e+06,1.61373e+06,794022,537134,406369,299967,812828,424817,758634,5539.72,1483.02,54107.5,79176.5,35553.2,5413.59,6554.58,30.1609
1.80933e+06,1.422e+06,763428,448820,304901,219758,832465,348000,773828,12434.6,520.079,139831,38965.1,11796.3,8138.06,4516.98,30.1759
1.37811e+06,974984,848084,474512,289229,198987,872105,342012,832449,11540.3,1970.17,50015.2,49346.2,15696.5,6947.34,6538.4,30.1768
1.46112e+06,1.23766e+06,708330,315722,205031,172574,712847,282980,669423,3225.19,1653.66,1.07378e+06,16686.7,4231.21,3338.27,1468.75,30.1796
1.58221e+06,1.16531e+06,814659,617983,515137,388511,795556,500946,740179,11697.9,2610.85,112491,51015.5,20944.6,8081.37,4027.78,30.1809
1.81536e+06,1.27422e+06,854809,551231,431296,318319,812950,439278,752915,16187.7,4034.03,36475.5,38600,15427.8,6354.5,4558.07,30.1855
1.4947e+06,1.03885e+06,863279,678240,569212,375469,909602,484351,840184,10817.1,703.291,60803.9,45278.4,54457.8,7506.92,5905.34,30.1864
1.62292e+06,979716,993911,644046,533714,336347,952077,449245,860171,14439.3,3922.67,16231,38887,24464.7,19906.2,9967.07,30.1865
1.5904e+06,1.07545e+06,887292,544060,399759,264654,906298,413238,789946,11602.9,96.7719,207261,54925.9,23091.8,8801.34,5165.65,30.1929
1.2919e+06,804530,963467,760383,573802,365171,942794,557149,818865,6763.27,963.775,29959,39147.5,15845.7,5575.92,5198.87,30.2033
1.8566e+06,1.30604e+06,852926,872241,513491,358004,860590,690108,758352,7254.62,2701.55,62857.4,29114.7,17140,4611.97,4307.06,30.2047
1.9141e+06,1.4961e+06,767636,309427,269290,220073,734185,266886,695638,8545.21,770.873,59635,30337.3,11226.9,5127.06,3694.53,30.2059
1.18973e+06,773390,923000,706377,366984,253011,870280,559423,757613,7473.45,1766.44,5326.22,43919.4,24354.7,7472.67,3098.55,30.2154
2.37208e+06,1.66546e+06,854569,678583,527041,368158,858937,523919,777123,11452.1,2846.77,29858.2,99628.6,20713.6,9404.12,5837.07,30.2168
1.49768e+06,1.04617e+06,858955,676344,532000,378087,844249,497388,815875,9126.5,3971.36,47006.9,35491.6,16987.5,6278.99,5444.96,30.2213
1.9719e+06,1.46385e+06,808239,479140,394516,287348,823774,383352,749922,13443.4,2839.82,130291,52772.6,24699.7,6756.15,5444.69,30.2267
1.79745e+06,1.23984e+06,869845,561035,456766,339711,806744,442890,760055,9694.19,4597.24,30566.6,44855.4,46088.5,8741.67,7365.1,30.2489
1.94701e+06,1.34909e+06,865920,512729,445738,337204,793119,423131,727050,5665,937.646,25059.7,26644.6,23527.8,5182.41,3661.5,30.2514
1.95761e+06,1.39691e+06,840835,707417,637607,455082,840650,525979,806971,7160.72,2149.63,152991,75670,42346.8,10475.9,7615.14,30.2536
1.60257e+06,1.18563e+06,810996,521994,403784,290024,835346,413151,758068,12798.7,3235.77,56656.3,43197,29359.6,7841.19,4282.07,30.2576
1.44161e+06,1.04799e+06,825354,512322,459413,332154,829880,398944,770518,8338.29,1818.08,50467.6,50087.3,11054.9,4656.47,4533.91,30.2597
1.04262e+06,719715,869198,651238,398095,273599,873018,499319,782551,10271.9,2812.05,32614,28390.9,23565.6,6667.84,4125.73,30.2605
2.08555e+06,1.47458e+06,848606,543388,337186,228807,884203,409984,795233,15445.1,4601.48,26824.8,92553.2,35703.2,9309.62,6479.54,30.263
1.71711e+06,1.24066e+06,830420,410631,321729,244874,788312,328333,750392,7241.25,646.905,24790.3,54852.7,18913.5,4275.64,5756,30.2631
2.13608e+06,1.63038e+06,786107,364401,237669,170699,835396,292010,748744,6316.32,1718.89,29609.6,35210.5,38070.2,6996.12,4250.15,30.2713
1.79351e+06,1.3492e+06,797591,481315,307758,216093,854514,371907,776509,15662.2,2797.9,53444,30857.8,22411.5,9321.51,5153.95,30.2713
2.3018e+06,1.51826e+06,909648,720585,450713,312703,864807,553996,780422,13527.5,4081.26,62389,42033.9,43982.7,9072.87,6604.81,30.2872
1.44172e+06,1.09041e+06,793308,598151,474903,341658,833998,481933,744690,7400.45,852.316,214226,51951.1,41408.4,5168.4,3208.72,30.293
843346,499970,1.01208e+06,593912,432302,266339,973876,409107,871037,6485.75,1772.29,89007.1,46285.3,18948,6964.74,6587.78,30.2944
1.85657e+06,1.21734e+06,915057,833976,704364,515139,820397,660087,758060,18179.8,2427.81,72559.3,55544.6,24827.1,9668.1,6438.95,30.2994
2.7884e+06,1.95774e+06,854576,1.00498e+06,751024,541606,831997,821179,734294,5971.57,1716.11,92951.1,49151.8,14610.2,5879.71,4926.95,30.3071
2.2305e+06,1.45332e+06,920857,915562,614031,411044,896300,649654,845584,15199.7,4669.3,61672.6,72420.8,29698.2,12954,9594.73,30.3084
1.82087e+06,1.3925e+06,784578,346084,283488,221451,768082,292193,710663,7735.99,2670.15,28247.5,28801.9,16939,6785.61,4536.83,30.311
1.32864e+06,983553,810516,416750,228330,164730,831652,336609,742850,8959.95,-441.544,122341,25784.3,11335.5,5234.82,2774.43,30.3113
1.31765e+06,909587,869175,559366,335371,226538,888251,405028,828634,9755.96,4883.06,88715.4,24764.3,15435.6,7663.29,5665.95,30.3186
1.84367e+06,1.2852e+06,860724,572725,425735,315125,810603,463766,740966,6787.96,322.79,38901.4,55522.3,46940,9178.43,5426.64,30.3254
1.8466e+06,1.40196e+06,790291,449073,352780,259861,814544,353078,763128,12886.7,2738.64,50464.7,33575,17854,7166.99,4990.66,30.3259
1.56862e+06,1.09847e+06,856800,602414,460476,333804,827688,465813,775952,10402.2,1689.55,130761,34812.2,19608.6,5681.65,6077.55,30.3274
2.08581e+06,1.39958e+06,894190,782186,708981,488765,870333,578519,811229,14696.6,893.161,140507,109695,48417.3,10424.9,9855,30.3308
1.83152e+06,1.07908e+06,1.01838e+06,661643,340085,198555,1.02768e+06,457174,868347,2546.51,254.845,41742.2,18629.8,15408.7,4686.23,2847.93,30.3394
1.53861e+06,932384,990112,850743,542902,361747,900467,618198,825700,15449.8,3032.79,51402.7,46552.9,34634.9,8500.8,4703.36,30.3479
1.62127e+06,1.14164e+06,852077,683085,546746,376715,870811,525619,779749,13286.1,2401.04,141615,39842.4,32582,7397.54,6783.12,30.3494
1.83821e+06,1.25384e+06,879641,633179,416093,300920,829641,496380,765356,7988.92,2534.33,477607,48560.2,44170.3,8174.43,3073.24,30.3518
2.11865e+06,1.64325e+06,773585,453929,318757,228545,836834,357403,762045,10676.4,3423.27,48266,29302.7,8191.7,5462.33,5864.61,30.3591
1.1659e+06,829263,843565,484183,241196,174221,830656,385253,754075,4890.71,3171.96,1.19498e+06,103697,21504.1,6026.66,4767.71,30.364
1.67153e+06,1.24541e+06,805289,425361,383577,292809,785994,345933,737764,10189.3,1287.04,63647.7,36190.9,14969.7,5995.86,4616.17,30.3722
1.50744e+06,1.12581e+06,803386,562214,390290,300861,778346,463938,727099,4323.32,-283.965,122186,39064.3,14982.4,7802.74,2743.48,30.3734
805244,608237,794339,415006,370551,281758,789084,349311,712842,3976.52,2061.29,6563.37,7407.38,193.991,865.572,1595.44,30.3795
1.83243e+06,1.32424e+06,830259,549901,389276,289130,807822,444226,742732,6935.77,1058.95,35768.3,50911.9,32481.9,5991.45,5844.07,30.3859
1.86166e+06,1.36336e+06,819298,437962,241925,176250,823574,360331,729266,5806.25,600.267,36496,29323,28294.7,6707.38,3063.46,30.3861
1.26875e+06,801488,949798,904435,627830,413053,911985,653981,829781,13292.7,2542.78,248200,33612,39501.1,10532.5,7419.51,30.3905
1.80624e+06,1.37451e+06,788461,511591,409417,324110,757922,410652,747482,6379.44,624.283,72397.3,43731.5,24691.3,5263.79,3812.86,30.3959
1.04037e+06,617020,1.01168e+06,829666,624951,334073,1.12242e+06,487636,1.02084e+06,10589.8,2804.55,40490.8,72557.9,48035.5,10018.9,6256.46,30.3993
1.77192e+06,1.30541e+06,814417,558734,415365,293654,848682,427716,783792,7347.15,2411.06,33739.3,45747.8,26160.2,6549.88,5141.81,30.4124
1.5773e+06,1.12712e+06,839650,350303,227640,163810,833795,277184,758276,3548.99,672.015,67618.3,41997.6,33286.9,6250.06,4281.94,30.4213
1.10412e+06,770501,859793,690297,411781,283947,870121,529468,782254,12156.9,4184.06,124557,66779.1,31470.6,9151.85,3764.08,30.4217
997956,708177,845514,469096,376106,268688,839872,366355,768264,8966.52,3067.86,38454.2,49743.3,24098.9,6591.68,4769.95,30.4217
1.15283e+06,781828,884715,501850,312524,213120,879853,377853,796898,11465.5,1990.99,28286.4,30576,18436.9,7282.99,3368.5,30.4309
1.34886e+06,1.10824e+06,730274,370253,266500,209371,763717,313837,707857,3643.24,268.857,959681,17925.5,5112.53,3506.53,3855.73,30.4357
1.71637e+06,1.15872e+06,888756,838357,593362,377454,943207,586141,858180,8279.83,3313.53,113845,31374.2,18478.7,7424.5,5522.14,30.4376
1.84459e+06,1.26978e+06,871611,872930,693832,491547,846916,657032,797157,16971.8,1913.84,179444,97236.7,30781.7,9706.78,7100.6,30.4391
1.22528e+06,803131,915381,631525,552801,381361,869729,460073,823598,10418.6,2187.03,54863,59136.6,35092.9,10405.8,5178.35,30.4419
2.33661e+06,1.40841e+06,995426,421344,242244,141395,1.02795e+06,278136,908932,5524.26,1093.78,104934,57821.3,66012.6,8138.71,3186.9,30.444
1.02791e+06,734776,839364,452421,260054,191600,814364,366810,740037,4508.57,638.507,29929.7,17958.9,14768.2,3933.58,4975.88,30.4463
1.38965e+06,1.02041e+06,817111,589829,459728,346518,796024,476273,743056,8521.59,1577.65,50190.5,35346.2,23788.6,4747.48,4677.26,30.4467
1.78363e+06,1.31577e+06,813349,443529,243027,180735,806794,363637,731822,4075.08,228.888,75080.6,46267,29185.6,5982.31,4966.72,30.4486
1.89938e+06,1.39004e+06,819854,380472,373962,280870,798864,295877,771547,20063.7,4353.68,24778.8,43206.5,11841.9,10855.6,3928.74,30.4507
1.64086e+06,1.18648e+06,829779,676119,387171,275563,843012,538087,753914,7645.97,2053.93,119021,29398.9,49320.5,5165.26,3957.49,30.451
1.51992e+06,1.13658e+06,802363,284198,218590,164198,798754,242634,702782,7836.02,-78.0653,16203,25121.5,10086,3489.18,4219.38,30.4512
1.48444e+06,1.12668e+06,790523,475837,356605,275168,777572,397210,718768,8119.22,637.239,44583.6,55725.9,30696.9,5216.11,5680.43,30.4517
1.83713e+06,1.30374e+06,845476,453879,275498,195650,844871,345873,787362,19480.5,1789.04,85672.9,35170.1,10145.4,9056.81,2422.2,30.4591
1.18238e+06,868878,816488,547704,310566,219675,848252,428453,766998,9670.79,740.807,136414,29377.1,28424.1,7608.87,4270.14,30.4623
2.14218e+06,1.42931e+06,899250,490934,354604,245525,866560,363893,809469,13930.7,3965.08,65297.5,33304.3,11774.3,5898.24,5088.96,30.4631
1.81109e+06,1.42759e+06,761180,510766,406870,297709,820002,406215,754428,9215.56,552.004,70327,42147.1,11729.5,7242.51,3993.83,30.4762
1.82896e+06,1.33068e+06,824673,568226,475904,343288,831787,456566,746738,12872.1,4785.85,59160.7,63681.8,27434.9,6964.69,5337.32,30.4803
1.71555e+06,1.3455e+06,765017,512309,347348,258520,806160,413315,743708,8884.57,1945.34,60875.7,35224.4,12979.1,5371.7,4565.96,30.4857
2.20461e+06,1.5166e+06,872192,888160,738567,509207,870255,659015,808624,17891.9,2719.15,122411,51778,40340.9,9236.44,8830.2,30.4898
1.90624e+06,1.32202e+06,865147,626635,489674,330645,888579,450911,833825,8668.46,3428.19,14336,28369.1,24399.7,10771.6,6329.73,30.4903
1.599e+06,1.24019e+06,773587,333760,201222,147832,816694,266718,750815,9038.18,117.526,98314.4,29455.8,22739,4743.34,3880.69,30.4948
1.47127e+06,869413,1.01535e+06,1.02848e+06,670006,410766,978669,706382,873587,16999.8,4467.38,46652.7,49532.4,50471.1,12069.6,7009.69,30.5033
1.75002e+06,1.09377e+06,959991,811551,601478,412687,874481,577479,843200,18037.4,4119.92,128756,47799.2,31098.3,15346.2,4498.88,30.5068
1.81638e+06,1.20269e+06,906157,670947,499990,360881,831282,519132,775464,7446.16,2201.75,31575.1,67554.3,38398.6,7577.52,6205.95,30.5096
1.92274e+06,1.20397e+06,958200,920441,710527,492374,865839,682667,808981,7468.14,1508.22,247640,75088.7,29401.9,8486.03,7355.62,30.5126
1.14968e+06,814158,847264,403769,243864,176280,830034,334571,724096,7445.7,1996.97,31813.1,18232.7,12986.5,7135.27,5208.15,30.5166
1.95889e+06,1.37397e+06,855428,450468,316388,230241,824496,344585,784366,11903.4,2966.38,9762.12,36979.2,39638.1,6592.69,4601.43,30.52
1.76113e+06,1.08148e+06,977066,1.09563e+06,732336,496784,884492,801048,820650,8698.31,2462.39,105572,38101.9,50664,11860.1,10929.3,30.5205
1.27952e+06,924076,830786,571713,417918,313067,800950,456361,751659,6809.04,1705.2,28681.1,38794.8,18976.1,5428.22,7914.31,30.5217
1.49668e+06,1.11936e+06,802248,514873,413255,305442,811784,418554,738074,8620.1,841.123,99302.4,32508.3,13730.6,6543.64,4719.02,30.5266
1.65454e+06,1.16073e+06,855256,563784,380900,273649,835158,449356,752789,8054.51,2411.53,259377,41721.2,18042,5092.01,4280.18,30.53
1.71516e+06,1.17159e+06,878375,745130,444675,303543,878969,553679,807467,9367.36,5196.11,112775,46181.2,16520.6,11451,5618.86,30.5324
1.80442e+06,1.33818e+06,809046,403966,346404,248145,837584,314841,769848,9730.74,177.845,118631,27755,13328.5,7912.01,3299.1,30.537
1.8714e+06,1.38062e+06,813287,491494,424560,300022,849058,384419,767122,7935.2,1606.43,34116.6,30562.7,22023.1,6465.35,6886.35,30.5511
2.40027e+06,1.82035e+06,791146,579342,415303,292605,851598,443319,784098,7190.48,2828.54,124244,69702.8,59407.2,11315.6,8723.29,30.556
1.80362e+06,1.35465e+06,798859,662688,489364,359373,817029,515696,771022,8534.75,3475.96,183058,38851.5,21938.1,7941.3,7300.96,30.5615
1.14652e+06,795974,864241,381692,251361,191208,788758,297083,770879,6109.89,1942.43,92802.7,24000,22818.7,3949.63,2809.4,30.5648
1.82016e+06,1.40983e+06,774629,467815,338489,232299,874276,352652,795937,13430.2,1822.58,57888.8,38443.2,10994.1,7817.83,5014.22,30.5666
1.25342e+06,848638,886190,609090,470035,328676,858051,464426,786894,11686.9,375.179,46928.4,42866.1,18033.2,5665.52,3221.51,30.5679
1.63101e+06,1.15266e+06,848995,598645,405625,292146,833058,460627,779778,6065.56,1378.39,257422,37581.5,26403.6,7324.86,3534.75,30.5739
1.30436e+06,1.00748e+06,776803,439775,326867,268206,731230,370778,711653,5455.67,199.852,26905.7,32188.2,13604.9,5182.64,3615.84,30.5757
1.62925e+06,1.20953e+06,808209,494986,346534,258688,803751,395163,751567,8858.75,2204.6,58744.8,29418,14065.2,6330.06,4362.16,30.5826
1.8524e+06,1.4061e+06,790439,444068,389068,286565,814618,347450,766846,8605.18,2378.32,68565.6,56386,11800.9,10750.4,5419.48,30.5831
1.48143e+06,1.01735e+06,873697,659902,518817,366783,848703,511587,773947,5321.36,2277.45,125312,24769.6,8451.42,10429.6,6197.9,30.5881
1.45824e+06,969078,902861,523488,446275,310438,862540,388615,808236,8397.28,3277.29,24931.3,22339,16782.8,7651.87,4310.11,30.5944
1.84886e+06,1.33607e+06,830283,336516,287365,205898,837401,258122,782225,18765.4,2240,45717.8,25635.6,12096.5,7490.24,3569.4,30.5989
1.26526e+06,871779,870811,613717,421409,306972,823675,501814,733799,8141.65,138.131,40887,27863,38421.7,5651.01,4358.34,30.5992
2.11554e+06,1.64565e+06,771324,408341,240540,180721,798602,337623,725675,9196.38,2039.03,70866.1,40758.7,24343.8,7441.27,3603.36,30.6029
1.65938e+06,1.2478e+06,797911,447697,350521,253121,830879,348974,769737,13885.1,1336.38,130006,34803.1,14151.6,7045.53,3608.2,30.6171
2.02658e+06,1.34611e+06,903307,731608,582851,403633,866407,546404,803370,5398.58,799.99,36661.2,72108.4,46790.5,6884.63,7757.22,30.618
2.70427e+06,1.91602e+06,846839,551870,449866,288212,936531,403373,820883,31293.7,873.319,87688,37510.2,14453.7,11501.7,4507.49,30.6184
1.40609e+06,1.04524e+06,807142,413411,256946,187961,820209,319330,776772,2936.63,133.784,48939.2,18665.3,14978.2,3414.88,3039.4,30.6205
1.48481e+06,1.05537e+06,844150,739709,682154,481466,850096,554926,799792,7194.87,2348.73,68635.4,36405.7,14201.5,8665.44,6151.03,30.6389
1.57564e+06,1.24675e+06,758280,400295,295284,226942,780686,328466,731209,4568.8,156.744,51488.4,30098.4,10670.5,4120.16,3601.33,30.6521
2.44574e+06,1.62338e+06,903941,677280,465488,308155,906338,494512,821756,14705.4,2460.13,66581.5,42514,21567.7,8774.71,6036.35,30.6549
1.75428e+06,1.29545e+06,812515,340708,178602,132575,808307,281844,725313,6351.86,1505.96,63235.4,23272.1,12968.2,5142.54,3739.17,30.6574
1.7229e+06,1.22978e+06,840588,371978,292699,221438,793085,312641,713876,12078.1,1143.58,24814.3,39972.9,6897.75,5417.7,6007.39,30.6628
1.21933e+06,940712,777708,546364,403467,310769,778972,421512,777721,6188.14,1785.69,52338.8,37345.5,13207.1,6239.42,3436.77,30.6679
2.74474e+06,1.91816e+06,858554,624212,394442,247266,957128,449829,832599,25175,2214.14,25732.2,87176,32845,11042.3,8515.54,30.6729
2.05208e+06,1.32443e+06,929648,584303,364588,265432,824140,469562,746615,10413.6,3030.74,32092.9,62482.3,29602.9,6722.71,11594.2,30.6778
1.74213e+06,1.4843e+06,704223,275935,214954,183118,704312,252873,654719,1999.2,1028.96,1.12938e+06,33898,2473.71,1743.88,1679.08,30.6827
1.50289e+06,1.02303e+06,881434,702668,425413,287270,888530,531274,793565,8681.03,1245.12,56814.1,32535.3,11292.2,12471.7,9925.21,30.6832
1.38277e+06,912326,909392,841306,513518,336037,916896,615322,820356,9147.24,4111.55,112814,56509.6,19461.8,6783.24,6332.86,30.6832
1.58563e+06,1.15649e+06,822640,450356,250319,192823,778908,373063,724312,9196.79,1550.17,42026.6,76211.2,28345.9,5700.6,3578.46,30.6862
2.17804e+06,1.5674e+06,833751,431576,375840,272259,828270,343237,754421,5572.6,962.222,55788,42140.5,34690.3,6648.16,5174.89,30.6866
2.10404e+06,1.38138e+06,913889,773145,446988,275508,973447,520905,890540,16836,5114.39,23831.5,53289.2,34422.8,10468.6,8505.79,30.6909
2.14785e+06,1.51666e+06,849703,538860,423116,340175,746290,458478,705194,4506.39,2229.55,100051,51868.1,14637,5005.57,5025.92,30.6941
1.28617e+06,878824,878107,485599,291357,208077,840142,387228,752424,9771.96,1139.9,102048,31471.5,17369.4,5273.66,3294.13,30.6948
1.80261e+06,1.32781e+06,814549,465321,242750,172258,845533,360817,773779,6189.41,1552.53,67737.1,46948.3,18794.7,5411.88,5400.83,30.6952
1.13389e+06,627212,1.0847e+06,384013,223186,126084,1.06208e+06,236386,974709,36417.7,2634.14,51855.4,59925.9,30868.5,24517.2,7113.53,30.6977
1.88719e+06,1.48612e+06,761924,354378,303159,239510,759449,290775,731241,10363.5,-102.825,36017.9,45823.2,25918.2,6910.92,4334.95,30.7034
1.33668e+06,916566,875016,687157,521853,387120,808823,533507,772800,9009.37,2995.8,69120.6,45563.2,24049.4,6513.49,5442.49,30.7165
1.20471e+06,808984,893501,380096,251654,186401,810040,307353,742005,6844.85,-203.255,12365.1,31788.8,10712.2,5956.09,2806.12,30.7171
1.8045e+06,1.29573e+06,835590,554502,448751,308463,872878,409369,812717,13345.8,2519.2,115056,52868.2,31623.2,8070.05,6298.27,30.7212
1.70047e+06,1.17682e+06,866985,567537,377092,263623,858254,434656,783429,12527,3166.58,38247.2,26822.1,26981.9,8939.37,5588.92,30.7225
1.89869e+06,1.38097e+06,824939,488958,387910,287598,809275,387946,756226,21697,504.177,38153.7,29830.5,16875.5,8591.43,4040.04,30.7276
2.47706e+06,1.51762e+06,979320,886333,705763,483067,876602,655557,811218,15554.7,1580.51,45828,83102.9,51360.8,11020.3,10790.8,30.7364
2.18807e+06,1.3582e+06,966609,746735,449366,284570,947464,542582,825757,15217.2,2022.82,27964.3,54241.9,63485.6,10367,5256.17,30.7375
1.90014e+06,1.25097e+06,911360,752203,378240,258065,879406,549890,820749,7867.58,-640.166,61499,143308,52839.6,9491.86,6360.13,30.7396
2.20686e+06,1.63605e+06,809337,444719,376611,294244,767957,363378,734308,6422.64,2127.55,70169.8,58167,26320.8,6446.41,12067.2,30.7412
1.60848e+06,1.17357e+06,822357,659856,375619,272254,827797,521151,759690,10887.7,3814.38,56363.6,51953.5,20580.4,7313.39,4041.2,30.7486
1.53014e+06,1.09191e+06,840810,455684,341264,245450,834217,367631,743710,6329.04,540.71,441019,39619,26353.4,5780.33,4135.79,30.7515
2.17936e+06,1.68123e+06,777774,475516,359198,262959,819591,378056,754676,5083.4,2071.85,71014.3,32576.2,28378.3,6020.51,7962.06,30.754
1.8896e+06,1.317e+06,860868,493891,279323,198308,845119,391247,757411,3928.49,1483.52,142905,29805.4,28518,5223.12,3628.4,30.7542
1.3218e+06,1.00236e+06,791214,554553,361827,263362,824326,436690,761941,7542.14,170.645,98425,28004.8,16552.2,6265.86,5494.28,30.769
1.37551e+06,769122,1.07305e+06,870375,682982,431732,949175,620824,841181,14611.5,3653.38,28688.1,42395.1,31247.9,9904.8,9392.3,30.7753
2.28734e+06,1.50342e+06,912857,1.02423e+06,660491,452256,876262,760152,808444,24733.6,2005.71,222528,62639.2,37638,11495,7678.31,30.7789
1.5671e+06,1.06305e+06,884496,705659,430722,300391,860323,520405,813589,11261.9,4167.13,31224.5,44645.6,28218.1,9045.22,6537.06,30.7808
1.90714e+06,1.15805e+06,988111,654826,467642,277383,1.01154e+06,454705,864067,11551.5,2341.65,28137.2,43819.2,30470.9,13506.9,2647.75,30.7844
1.37388e+06,987041,835149,643604,429083,312252,824494,511400,755109,11054.3,123.971,227387,44217.3,23504.8,10716.9,5523.99,30.7948
1.9224e+06,1.16833e+06,987253,920811,586622,361402,973910,632949,872877,7836.81,3045.58,56470.9,31089.1,17457.5,8177.42,2869.73,30.7985
1.43915e+06,1.07239e+06,805202,545539,456967,343215,798858,441325,741683,7723.62,704.552,40140.9,29302.5,14609.3,5290.96,4081.05,30.7997
1.55489e+06,1.12776e+06,827244,544886,287639,207092,833367,433355,754420,9191.86,2865.78,49484,53331.1,24350.4,6736.25,3765.96,30.8009
968218,675101,860509,572034,316318,230158,824612,465613,737136,6497.89,-77.6222,30337.3,29546.6,15847,4522.52,4168.88,30.8049
1.54176e+06,1.11557e+06,829228,458296,255795,190938,803804,377360,728687,8535.14,1452.34,54787.1,20817.7,9935.93,5025.16,4797.59,30.8089
1.47673e+06,1.08146e+06,819298,599170,443783,336767,790664,504067,713203,7731.3,1524.92,33295.9,27769.5,16238.4,5075.33,4622.57,30.8164
1.23527e+06,954806,776245,453238,297952,219348,815012,356953,761846,7322.52,256.47,99473.8,31598.8,24529.3,5385.49,5733.93,30.8172
1.70033e+06,1.23812e+06,823989,545575,357920,255795,839547,410394,797636,10769.3,570.9,50037.3,39552.4,29446.9,6195.16,3604.83,30.8177
955400,689300,831626,564117,372575,277993,804139,446083,758761,4118.74,1629.36,114159,31488.2,9035.63,6049.79,3439.82,30.8235
2.11558e+06,1.31624e+06,964373,1.21535e+06,1.039e+06,631762,986767,815501,894187,22402.9,4260.89,48408.1,69854.1,43792.4,12844.8,9272.99,30.8238
2.33966e+06,1.64562e+06,853050,642094,420336,287743,876482,486413,792036,9350.99,3960.77,74803.1,62338.1,52364.9,8558.32,5810.14,30.825
1.89366e+06,1.45454e+06,781138,622452,372225,272751,818823,494951,754563,9060.6,173.283,111399,149560,32302.5,6292.31,6506.8,30.8256
2.06477e+06,1.6112e+06,768906,324740,261417,207078,757446,272471,715100,8931.19,788.816,64640.3,28938.6,14683,4100.92,2735.11,30.8265
2.94362e+06,1.82875e+06,965781,541205,433143,290423,894852,401200,809380,10202.5,920.581,54830.5,57254.8,43388.7,24837,6013.56,30.8368
2.00104e+06,1.2206e+06,983641,1.20726e+06,831700,524600,951239,786025,921546,13272,3520.75,794752,76265.5,27920.4,16196.7,12151.4,30.8404
2.10858e+06,1.53293e+06,825314,421130,294589,220430,801856,328416,769384,8581.51,832.852,24414,127638,22857.7,8227.63,10309,30.8406
1.12236e+06,820255,820986,570861,412953,316010,784063,463355,739210,7050.51,1461.84,60240.9,29852.1,12809.8,5565.59,4281,30.8417
1.45773e+06,1.05715e+06,827353,681915,494973,380444,780625,543209,753207,6988.02,649.89,117192,45226.9,38404.5,6209.61,5128.34,30.8488
1.46116e+06,1.04084e+06,842303,392660,299332,221250,811748,308711,763160,8407.84,525.703,45106.9,24863.8,8510.31,4699.23,3252.4,30.8534
1.74616e+06,1.34555e+06,778638,449181,356852,279757,765348,367065,734226,10984.6,-623.128,22897.6,47213.4,25325.4,6575.29,3602.6,30.8549
1.87638e+06,1.37288e+06,820050,430769,312414,237155,790404,342065,755591,7993.08,587.408,382266,15600.9,18877.5,6658.58,4080.44,30.8565
2.12545e+06,1.45962e+06,873704,465399,274090,187858,875417,367295,760259,5437.83,1371,56059.2,33068.6,37533.4,6690.68,3541.44,30.8617
1.29647e+06,920465,845095,485194,382609,273834,838338,377794,770569,10518.8,4101.26,62751.1,32232.4,15456.6,7519.79,4107.95,30.8619
1.98743e+06,1.59364e+06,748262,406343,288930,227778,761083,345215,706243,10976.8,631.679,32413.7,28209.1,14751.3,5856.39,4772.55,30.8729
1.58118e+06,1.02963e+06,921409,583809,443310,294439,903365,419878,834255,11145.4,2012.88,104385,38245,22100.1,8840.48,4899.99,30.8811
1.12229e+06,824311,816890,433221,266354,200781,795954,350646,741296,6997.48,1570.55,11902.1,31189,19323,5449.99,3493.05,30.8811
1.75739e+06,1.03805e+06,1.01578e+06,540532,407067,229053,1.0663e+06,336996,962382,12817.3,2265.54,48267.6,44943,21408.5,8801.31,6020.27,30.8828
1.76488e+06,1.34906e+06,784938,359133,297577,234476,761470,299543,719361,12126.6,1552.55,29988.3,27594.5,10084.2,5458.62,8146.15,30.8868
2.36449e+06,1.78654e+06,794100,439423,296695,231040,770503,362908,726503,6267.71,1980.39,73152.6,28578.1,21964.7,5899.82,3829.29,30.8911
1.64387e+06,1.14338e+06,862642,490031,230610,165107,838038,392824,748474,7544.13,415.174,73101.8,27237,33364.6,5558.61,2796.02,30.894
1.1343e+06,661413,1.02898e+06,605761,388713,255801,911755,444321,818005,7216.4,577.459,189910,57638.6,21857.7,10434.2,4927.03,30.8941
1.76532e+06,1.38971e+06,762170,425501,262721,191084,824940,340909,748882,9233.43,-216.436,114199,41254.2,26482.9,7147.41,4568.76,30.8983
1.27582e+06,883044,866877,494264,261640,186924,839829,386656,766982,11313.7,833.415,44918.5,22027.7,12617.6,7316.45,4302.05,30.9002
1.62063e+06,1.10838e+06,877298,520032,437755,324793,808678,398322,783335,15683.7,1456.66,60172,43433.9,23104.1,8070.4,8510.08,30.9027
1.3153e+06,1.0029e+06,786899,489229,318692,249341,766883,386780,758925,9467.91,3267.16,62228.2,45489,17470.8,8223.63,4200.54,30.9077
1.74945e+06,1.28862e+06,814571,436034,390206,280764,833881,343349,761966,8001.79,531.791,29401.4,27179.8,13890.7,6131.41,3291.03,30.9078
1.40023e+06,937245,896393,714076,437858,305850,858965,563852,759854,9662.87,3114.92,18128.2,37460.2,29241,5330.37,3418.92,30.9081
1.42147e+06,1.11017e+06,768246,408699,319411,264412,724804,348969,702697,7961.2,1065.64,134718,38337.4,21374,4630.98,3562.21,30.9105
1.78765e+06,1.30086e+06,824522,412672,211688,154775,820629,329448,751571,8387.03,1536.21,42469.9,65856,37510.7,5007.02,5669.32,30.9143
1.27256e+06,984143,775837,475243,320653,239521,803237,375346,759687,4513.93,2210.79,255949,28121.2,11744.5,5061.97,5378.98,30.9169
2.89829e+06,1.89593e+06,917214,880995,675106,462409,875985,632097,836260,9191.33,2034.09,50873,141340,55744.7,13615.8,6234.77,30.9177
1.64975e+06,1.22691e+06,806780,597689,492509,377909,781949,498859,718867,7803.85,646.761,51359.1,46611.9,19115.8,7069.52,7511.54,30.9178
1.32483e+06,919441,864542,617282,404793,290476,836130,473910,781518,8070.85,1622.34,30977.4,53509.8,59649.2,5031.94,5220.31,30.9198
2.23104e+06,1.55376e+06,861539,824499,558728,376610,890143,593508,833518,13422.8,3898.71,113359,82393.7,77875.4,11827.4,8151.56,30.92
1.53161e+06,1.16317e+06,790052,517000,358574,277973,773975,414809,747814,9342.2,2038.93,27323,38909.3,14432.8,5501.95,5442.44,30.9217
1.4368e+06,1.08862e+06,791901,435874,261681,196608,798586,347399,752807,7088.4,1370.05,138596,25736,13392.7,6412.38,3252.77,30.9265
861249,583547,885532,523461,449214,302225,891814,367177,855382,9568.14,1920.26,56812.4,30282.4,19803.7,7736.98,5884.24,30.9285
1.58426e+06,1.13294e+06,839015,549206,492232,359518,821486,419359,785780,9076.04,3412.13,46424.2,34964.6,12889.9,8324.12,4564.04,30.931
1.62457e+06,1.03259e+06,943976,715136,509907,341160,896776,516840,830202,12204.4,4521.71,141523,66451.1,38253.8,7791.69,10738.6,30.9318
1.99177e+06,1.38108e+06,865306,630872,371176,258871,860295,486494,778064,8895.09,2014.98,244114,44794.9,39120.9,6768.85,5986.1,30.9327
2.14021e+06,1.5314e+06,838532,584246,535332,399398,804209,452779,774213,6470.18,1188.4,56462.6,53169.2,32176.7,7690.85,7268.93,30.9342
2.1913e+06,1.62636e+06,808420,394738,296270,197549,899838,298011,794746,12925.8,2413.18,30654.3,34269.2,8012.12,5757.79,4506.49,30.9396
1.97542e+06,1.4024e+06,845163,535181,415884,301246,828327,433158,741319,7458.64,832.058,100039,40270.5,14631.3,6234.51,3260.82,30.946
1.21286e+06,837881,868523,559506,322606,233524,828882,452498,741890,3661.47,3154.93,131165,31490.8,8760.55,5869.29,2552.29,30.9462
1.89229e+06,1.40712e+06,806877,628144,386230,286026,810200,517533,728236,9496.38,1555.92,1.24731e+06,56841.5,22094.5,8409.27,3351.64,30.9475
1.28006e+06,842836,911251,640001,400288,267290,898548,489881,783865,8809.59,3038.75,25699.8,54775.8,28593.9,8043.06,4658.68,30.9525
2.65764e+06,1.78352e+06,894067,827153,650449,434537,898127,582910,851404,18231.5,3026.11,85687.8,74073,68526.1,10759.6,9860.11,30.953
2.49976e+06,1.64104e+06,913967,693274,446202,296037,904351,511866,812643,13890,2399.06,63913.6,130915,52556,9907.42,9384.63,30.957
1.51721e+06,1.09983e+06,827693,459746,290006,207864,837104,372447,740636,5619.37,1026.46,22024,29141.6,9974.17,4032.47,3694.73,30.9587
1.26105e+06,913925,827891,725150,526718,372400,848633,551748,788566,8558.59,2396.43,66163.5,30992.7,18021.5,6349.14,6057.1,30.9611
884599,598330,887068,867946,830695,784817,635074,777528,669774,4467.79,642.154,101286,28912.6,18781.4,5322.19,5039.77,30.9638
1.40052e+06,921257,912138,673589,352963,234385,903547,497657,812112,10545.2,1646.01,59690.4,33342.1,46689.4,8734.97,6196.03,30.9651
779687,481253,972072,578070,447154,287296,933854,387183,895809,5652.22,1648.1,20223.7,30453.5,35003,6649.07,5728.93,30.9736
1.39959e+06,1.04583e+06,802950,407748,271776,201931,807533,319297,766211,9279.66,1674.54,39263.8,22524.4,14192.1,7864.79,4187.05,30.9736
1.60521e+06,1.20112e+06,801856,387145,211422,140890,900371,300501,772998,9253.2,754.403,77138.5,39683.4,15328.3,6228.96,2521.09,30.9748
1.16098e+06,848783,820694,647787,349762,259801,807762,534465,727217,6946.57,2961.94,31777.4,28317.1,12178.9,5532.42,4436.93,30.9754
1.64928e+06,1.10604e+06,894693,745827,601311,433154,832929,572272,781964,14842.8,2020.31,93450.6,37258.4,34377.2,6228.61,6109.97,30.9765
1.12198e+06,667423,1.00864e+06,524506,372685,234392,954005,368287,854506,13416.7,2906.51,49944.8,39060.8,14923.3,10727.7,3907.18,30.9795
2.16647e+06,1.49896e+06,867191,511886,400801,294665,816114,410258,748630,6081.68,2277.29,56765.9,40041.7,30070.7,7161.59,7744.46,30.981
1.05818e+06,710408,893720,787392,526416,365782,863492,610844,773413,7822.78,1981.08,129098,35413,17276.5,8512.95,4467.59,30.9866
1.37033e+06,1.01394e+06,810893,704683,447056,321143,835246,544820,776054,8338.98,1773.36,55019.2,28781,24656.2,8554.18,8445.54,30.9912
1.64501e+06,1.18978e+06,829570,523768,389836,277180,843862,407107,771936,13698.6,1826.01,115795,34102.7,27184.1,7499.67,5045.54,30.9912
2.26096e+06,1.61165e+06,841732,567527,319183,236880,808469,454462,749273,6032.71,2121.3,32641.1,44179.3,41942.5,5123.16,5909.63,30.9991
2.22191e+06,1.64253e+06,811641,497396,411141,269851,914150,355575,839310,3968.19,408.604,62736.7,22166.8,10760.6,4571.58,2677.8,31.0001
1.76868e+06,1.23687e+06,857982,506348,346021,249678,831523,399856,759796,8210.94,1745.91,104223,37536.1,14854.3,7999.94,3131.42,31.0036
2.00156e+06,1.43118e+06,839119,533378,395962,298508,795882,427663,748315,7484.3,679.766,131099,25620.2,24126.4,10054,5077.25,31.0061
1.57255e+06,1.16298e+06,811302,479266,295375,224216,790421,387950,741229,5812.42,-379.106,74060.7,76929,61989,4185.11,7431.01,31.0073
1.39249e+06,1.08631e+06,769114,580733,410612,313547,785743,471628,738802,9167.49,632.16,55396.1,40916.2,49197.2,4421.22,3958.03,31.0085
2.0785e+06,1.58666e+06,785992,377338,294754,222935,793291,301540,750823,6833.63,2203.98,23376.8,40937.4,30030.1,5704,3123.23,31.0153
928852,634688,878087,676292,458851,307537,895211,518435,782693,8049.93,1577.79,14264.3,41976,30085.5,5254.67,5174.09,31.0243
1.66497e+06,1.19189e+06,838149,611887,512355,367033,837563,473316,775660,9092.34,3394.24,46409,34976,16284,6937.62,4583.08,31.0246
1.66515e+06,1.20001e+06,832565,548843,366018,264714,829615,419691,784639,5703.57,1306.02,25107.2,33471.5,25262.2,5408.09,7349.47,31.0257
1.92264e+06,1.40373e+06,821801,474441,429779,328073,786006,376527,756026,7197.06,4949.89,32881.7,24877.9,16232.6,6885.53,4999.38,31.0261
2.31079e+06,1.57844e+06,878379,542075,460214,327406,843382,411648,790104,11015.1,2804.34,135707,48524.6,27402.5,8343.08,8056.17,31.0335
1.6835e+06,1.12506e+06,897818,905688,529703,343403,925507,634381,856603,18067.9,4566.31,65153.6,45649.9,15908.6,9432.43,7766.13,31.036
1.34532e+06,980450,823289,702494,461850,341331,811851,547520,769828,5497.26,4148.46,125164,51856.3,15982.9,10008.7,3701.03,31.0379
1.53778e+06,1.21136e+06,761677,430564,277622,205199,811764,351241,735502,6066.96,2320.09,65759.2,30091.9,9653.25,5981.57,4164.2,31.0397
1.44839e+06,1.07627e+06,807451,530050,376592,276768,816406,405157,784955,11122.9,1892.38,52717.7,28425.3,23092.3,6514.64,5286.65,31.0397
1.47162e+06,1.07242e+06,823345,478251,321903,224350,860894,371126,773190,8007.31,915.59,97739.7,23901.4,31816,5191.11,4499.56,31.0446
1.73069e+06,1.29796e+06,800036,540519,316187,240006,790449,438751,739170,11276.2,3740.57,19148.2,35264.6,17683.2,7163.39,3738.2,31.046
1.67938e+06,1.20978e+06,832900,565737,448183,318839,843403,438472,774148,9467.41,858.843,419320,61581.8,11267.1,8241.09,6470.35,31.0516
1.74981e+06,1.2524e+06,838302,637156,493190,346820,853220,489172,781511,9658.19,4717.35,33563,49810.8,38071.2,7589.28,7727.94,31.0632
1.9143e+06,1.34232e+06,855671,455768,271877,188976,863211,361889,755649,20235.2,4826.75,30138.8,34739.9,13926.9,7271.22,6119.74,31.0701
1.98101e+06,1.29456e+06,918153,649690,465929,273304,1.02288e+06,437543,890915,12118.5,1913.65,50979.7,47446.9,17907,4601.93,7516.21,31.0755
1.5972e+06,1.10697e+06,865713,628153,475260,351856,810434,499476,754575,8829.22,78.3652,62481.5,102598,40675.1,6499.6,4264.85,31.0773
1.03952e+06,734895,848707,605514,513477,379839,811097,491810,738717,7182.57,935.768,347361,29251,17991.6,7770.08,5012.49,31.0775
1.25437e+06,921484,816751,477624,241891,174655,830979,369927,774678,9276.98,871.034,55173.3,24346.1,23378.4,6903.55,3934.53,31.0841
1.85915e+06,1.26839e+06,879453,555841,409484,271714,904224,397939,838080,20734.7,3818.22,26789.5,38886,41035.8,10088,5102.85,31.0919
2.42112e+06,1.61341e+06,900374,617722,505982,350418,866363,474992,780294,11084.3,1594.97,71277.4,55652.3,37683.6,9059.73,6592.8,31.0927
1.55294e+06,1.10487e+06,843327,378225,246578,185576,797232,291269,779124,5256.12,1118.19,97957.5,25838.3,9654.32,4722.13,4101.49,31.0973
2.04988e+06,1.55732e+06,789768,482903,416795,325249,768879,393749,735854,12151.4,1300.81,91259.8,51906,25193.4,6242.73,4767.29,31.1011
1.23712e+06,929385,798671,551411,414721,322956,770484,442392,747858,8196.01,371.568,41953.8,42456.9,14329.1,5727.21,5777.21,31.1015
1.80113e+06,1.4059e+06,768674,420912,317650,254470,748968,351760,717953,8116.19,613.872,265010,34059.3,29635.6,4439.98,4840.16,31.1116
1.50634e+06,1.18806e+06,760741,444729,297125,229419,777072,363581,733914,8580.69,1909.01,122577,31514.3,15091.5,7321.11,3495.94,31.1261
1.02467e+06,666262,922762,440428,320803,222162,866403,340601,775855,7859.83,1093.36,33324.4,28157.4,11659,5484.05,3835.72,31.1269
2.25217e+06,1.32753e+06,1.01791e+06,729319,488312,305351,959510,496763,880885,12198.5,3536.52,31999.4,75765,47757.8,8954.87,6672.84,31.129
1.77405e+06,1.36678e+06,778788,502789,342494,241583,850625,385466,782620,12437.2,2105.95,60798.9,41394.6,22440,7941.84,5442.91,31.1327
1.95104e+06,1.28405e+06,911665,566997,370976,252032,883163,445720,763255,12443.4,5073.17,11365.3,45498.9,23186.1,8801.08,7008.55,31.1433
1.57755e+06,1.1855e+06,798426,389859,228709,177073,774967,333735,700901,3598.78,20.6115,64077.1,21391.1,21122.7,4468.81,2749.28,31.1438
1.46552e+06,990109,888098,673327,581623,372543,936734,474162,852022,10928.5,566.923,254996,42062.3,21538.7,7379.84,5533.84,31.1525
1.57046e+06,1.17828e+06,799702,449732,387397,304671,762915,380619,708949,6176.67,1539.32,179725,29745.5,17089,4756.26,4462.85,31.1575
1.25995e+06,895341,844340,620262,435973,312087,838175,505568,736116,6430.13,1727.71,185897,47341.9,21550.1,7779.29,5008.57,31.1588
1.43364e+06,947706,907646,871835,700657,475182,884701,644235,811973,9512.73,2371.48,125759,63016.6,39939.1,9075.45,8246.35,31.1616
1.6667e+06,1.2878e+06,776532,603748,377981,279369,811788,468656,772953,13007.6,605.695,495710,30615,24220.6,8502.88,3878.79,31.1617
1.83611e+06,1.15983e+06,949850,934961,564544,368403,919445,673928,832398,13639.8,1522.01,36354.5,35803.9,35096.2,12075.5,6303.49,31.1658
2.14183e+06,1.55683e+06,825457,627199,502103,349726,861423,471844,797551,6912.51,795.671,420975,37061.5,17654.9,8698.72,8940.27,31.1697
1.47056e+06,1.10433e+06,798978,559087,360834,260452,831249,426634,786276,5736.84,1465.5,64016.2,57696.3,21020.6,7036.08,3510.95,31.1716
1.57177e+06,1.19748e+06,787539,537350,428362,324879,791118,448969,718112,8705.19,1026.9,134987,42096.7,12153.8,4554.22,4610.89,31.1745
1.14317e+06,815328,841261,477169,234052,173374,809989,393349,727856,11280.9,-13.1733,123478,32105.1,29436.3,4913.74,4807.71,31.1794
1.98882e+06,1.59608e+06,747638,305091,223650,182107,736874,265066,690601,5402.71,-394.003,93161,33047.4,12523.5,4801.19,3518.26,31.1853
1.53614e+06,1.13903e+06,809188,500462,424474,316381,804992,393242,763595,11429.4,1137.85,46827.6,38500.2,19809.5,7528.36,4478.72,31.19
1.50721e+06,1.08268e+06,835266,444947,251086,182152,827067,348985,764984,16570.5,2111.72,62756.6,22003.6,16603.2,5745.82,4014.04,31.1946
1.68562e+06,1.30726e+06,773661,409770,387848,306879,758309,334225,735619,8380.5,1214.51,115094,30040.1,12261,5964.43,3480.78,31.1969
1.96538e+06,1.3381e+06,881272,732466,649383,444904,875762,535858,820142,18809.1,2606.32,262875,35482.4,21877.2,11108.5,5641.49,31.197
1.67572e+06,1.31561e+06,764235,434973,258387,209177,741153,381076,684860,3678.09,474.71,326486,36505.1,22829.1,4702.61,3411.29,31.2056
1.55556e+06,1.20464e+06,774785,401109,232424,169908,820763,326278,737609,6325.88,2339.58,58474.5,32755.5,12792.8,5218.43,4761.5,31.2131
1.08116e+06,741843,874438,840421,524243,373252,842716,640518,787257,8932.91,4264.01,72599.5,29457.4,18182.1,7784.14,7357.41,31.2177
1.76413e+06,1.28578e+06,823217,405326,259157,182408,852453,316877,767477,13964.2,1736.3,33443.9,35879.4,15390.5,7166.08,4016.41,31.2191
1.66187e+06,1.19434e+06,834873,466337,322161,219145,882048,360681,775760,11616.3,1730.01,69304.2,30695.6,13417.5,6049.32,5400.9,31.2253
990812,674967,880765,430956,248928,174618,855333,332581,777476,3148.73,3464.54,342397,18842.3,9216.74,5712.66,3416.11,31.2255
1.77866e+06,1.36747e+06,780418,421484,277714,201014,828938,334524,755971,6600.06,1855.67,103496,35697.4,12287.5,8149.92,4944.44,31.2327
1.86206e+06,1.37e+06,815503,648282,404249,306836,790485,512349,759188,7679.42,164.406,56212.8,67517.1,44277,6459.97,9674.44,31.2343
1.40194e+06,1.04179e+06,807426,591526,371041,281496,790862,484421,732660,8788.33,2904.77,118159,32730.8,14215.7,4259.98,3985.3,31.2363
1.94852e+06,1.40468e+06,832300,373491,263410,194831,811194,309658,723684,5936.13,957.214,30886,25948.6,7471.4,4557.55,7921.14,31.2364
1.41968e+06,965728,882040,734375,472238,306757,923673,532219,827902,10642,1587.87,88035.5,43669.7,31601.7,7599.86,10631.8,31.2371
1.76944e+06,1.22077e+06,869668,437917,298605,225384,794925,356137,737779,8198.72,-162.738,56027.5,96468.9,25915.8,6233.26,3201.91,31.2444
1.66391e+06,1.06702e+06,935636,875494,565637,368563,920825,625222,840175,16853,2888.15,161228,49085.5,34490.9,12474.6,7170,31.2476
1.78280e+06,1.32578e+06,806830,497782,321452,231797,832070,386385,772984,19284.8,2656.6,55583.9,32271.5,10837.6,8107.95,6086.57,31.2587
1.39112e+06,1.00767e+06,828321,575418,337180,248330,814673,453429,761421,9068.74,2430.03,144993,31865.4,23588.2,6538.21,3883.73,31.2618
1.77468e+06,1.02464e+06,1.0392e+06,854243,494322,321628,922162,613729,835134,6219.77,469.616,207530,71801.9,157371,7948.55,3043.35,31.2637
1.83796e+06,1.31002e+06,841797,492387,423635,314009,809470,393854,750106,11781.4,1291.6,80771.3,42574.8,24051.3,7743.68,4061.88,31.2646
2.1669e+06,1.44525e+06,899594,875387,684074,443001,926509,614975,854071,12541.3,3477.01,55647.6,84896.6,76272.4,11364.9,10165.2,31.2663
2.19988e+06,1.52662e+06,864609,441449,306698,222912,825522,344137,769663,8875.95,2701.49,23758.6,66276.3,32535.4,8119.68,4894.5,31.2851
1.57989e+06,852791,1.11157e+06,991554,701193,407197,1.0332e+06,638338,932002,12216.3,4130.26,58699.1,142998,50226.7,13811.3,11013.4,31.2879
1.16101e+06,887770,784671,348053,291951,214880,815203,271811,768299,4728.62,60.928,37166.4,44386.9,13041.5,4299.13,2011.94,31.2917
1.98217e+06,1.46035e+06,814394,493337,408578,312698,783972,407815,725824,13256.8,209.373,147280,23927.6,28603.6,9633.62,6496.2,31.2925
1.50417e+06,1.12198e+06,804384,477289,398262,311814,766346,393753,727293,10324.2,665.328,25961.6,26686.5,17319.1,6411.69,4146.05,31.2958
1.34816e+06,949253,852141,562234,410868,300164,821286,436933,772065,9046.44,416.011,56485.7,43414.6,39366.6,6155.75,9178.27,31.3008
1.35426e+06,978161,830700,203870,158655,112179,848583,152854,800254,3140.19,-301.512,7645.99,17698.6,7566.42,3085.82,669.023,31.3023
1.45295e+06,912810,955038,875300,700792,460585,912915,611691,858571,8896.32,611.747,43656.1,86876.1,48539,8701.45,10218.7,31.3069
1.12629e+06,840750,803778,501783,348435,250401,834904,392084,767871,8526.52,876.121,65072.7,28187.9,29665,6517.48,3689.36,31.3079
2.27665e+06,1.74827e+06,781336,376366,272265,202614,806258,294375,767116,12472.6,974.084,28277.7,30121.6,14900.4,7262.69,8249.65,31.3119
1.2409e+06,916970,811955,549618,408806,309812,791717,438791,751544,8086.84,28.8517,269587,32790.5,23956.1,6462.11,6403.06,31.317
1.75423e+06,1.20782e+06,871441,688176,383273,273693,840225,537112,768751,7141.06,2539.51,31559.8,26146,16477.3,6064.28,4472.79,31.3172
1.20423e+06,919106,786134,516568,330078,255281,775799,434990,712524,6225.85,326.079,103492,22297.6,8253.25,5436.92,3272.67,31.3269
1.59842e+06,1.11897e+06,857089,778822,601937,407929,885356,609814,766288,14728.5,3942.74,98203.3,38314.9,26881.1,7460.81,6686.76,31.3305
2.40293e+06,1.58192e+06,911400,810030,558988,377993,887299,580024,837927,8729.35,1129.07,172843,99921.1,37519.7,10063.6,9638.87,31.3371
1.7035e+06,1.23523e+06,827454,571877,335436,233537,861797,437241,784752,7297.16,-196.969,33091.3,41924.2,55550.3,6573.65,6040.58,31.3396
1.07143e+06,792521,811160,521860,285019,207535,824014,423349,739617,5710.81,1784.85,32574.9,48246.4,39787.2,5893.39,3517.44,31.3434
2.2726e+06,1.52358e+06,894975,532255,520197,377499,826805,416314,767096,11683.5,8.42267,45045.6,120680,56584.3,6998.37,6977.65,31.3477
1.61196e+06,1.20957e+06,799605,519211,402208,292364,825425,415005,750657,6819.29,2301.35,45991.5,40654.1,16563,5251.92,4438.39,31.3496
1.81362e+06,1.27610e+06,852731,662854,433346,318410,816580,517112,769103,11908,4851.88,24990.6,45966.9,9919.28,8367.3,6596.87,31.3685
1.77772e+06,1.0268e+06,1.03879e+06,1.06431e+06,837381,510472,984243,713705,894747,16202,1866.11,89384.9,60604.7,42958.8,17707.6,10134.6,31.3746
1.34031e+06,990645,811778,694770,493969,352359,841135,549448,758692,7573.76,1386.38,210720,22896.6,30375.5,6440.62,4364.91,31.376
1.59029e+06,1.06908e+06,892523,833863,678811,445872,913461,606444,825002,21085.4,5022.55,46301,65718.2,35891.2,13574.7,5954.4,31.3776
2.31463e+06,1.56049e+06,889960,498229,363036,265343,820906,406819,734817,10831.6,1718.99,29673.3,65916.1,15797.4,6943.4,4294.25,31.3807
2.15169e+06,1.65009e+06,782392,369304,225200,174402,774760,297594,744580,11823.4,2060.31,45281,59259.5,25436,6366.94,6801.41,31.3836
2.13112e+06,1.51766e+06,842532,393549,329316,256928,769047,327840,720257,4703.79,-41.9867,45055.6,19185.5,21353.3,6957.46,11196.3,31.3849
1.67163e+06,1.22549e+06,818427,551974,364922,254533,860215,430776,768808,7725.19,2221.67,291374,51528.1,6318.71,8038.96,3301.25,31.3908
2.43787e+06,1.70514e+06,857830,483231,430367,298964,863717,364504,795433,18928.5,171.311,19301.9,50798,21965.4,14319.8,8025.38,31.3932
1.46719e+06,982626,895876,667527,382824,274286,837426,515381,777127,9420.71,2918.47,51146.3,18780,12808.7,6390.21,5065.94,31.3937
1.99056e+06,1.4005e+06,852795,600707,322270,223935,863474,458865,785468,7512.33,1200.07,123388,34795.4,17849.8,6660.59,2722.9,31.3949
1.55749e+06,1.12194e+06,832924,446824,257231,187826,821712,359079,746616,12670.7,1477.09,130228,40029.8,14736.9,7318.05,3405.85,31.397
2.68586e+06,1.96047e+06,822005,497500,314858,244809,771682,400470,745375,8581.4,1799.58,147740,42002.9,56521.9,9607.5,7227.22,31.3987
2.02802e+06,1.52989e+06,795359,404604,285339,206576,828767,322123,753633,7363.48,700.642,57431.5,43507.9,14196.1,5474.41,3280.98,31.4095
2.34413e+06,1.61704e+06,869786,695421,427979,292904,876695,517338,806537,15304.7,3631.24,60708,117910,53173.2,8754.84,13090.6,31.4169
1.87895e+06,1.29556e+06,870179,526191,296152,216620,820290,430615,733171,6591.12,571.76,58185.6,34764.3,38820.8,9305.05,3075.04,31.417
1.07135e+06,775222,829192,426003,301303,215546,838717,336174,760326,5880.82,81.9086,26318.9,26554.5,15732.5,6295.42,3717.54,31.4173
1.27873e+06,815761,940517,646061,400845,287349,836986,509229,761223,13648.6,484.921,54223.8,36377.3,27329,9729.99,3359.82,31.4177
2.0182e+06,1.54354e+06,784508,563637,474502,357908,795460,423605,798344,11542.5,4188.29,25915.3,30347.6,22520.8,6573.79,7348.3,31.42
2.09845e+06,1.5967e+06,788547,521442,428402,317534,809492,413345,756911,12995.9,2506.31,157940,39983.9,19294.9,8024.11,3818.38,31.4273
802952,519560,927267,441507,293088,210200,836596,347441,762444,8776.87,2239.39,18661.8,28185.9,25733,6464.64,4996.79,31.4273
2.2318e+06,1.54476e+06,866853,635072,374464,264702,848797,479526,794625,9446.23,4053.97,62377.8,63872.2,53457.2,6690.86,9019.54,31.4316
1.5518e+06,1.20096e+06,775283,498074,429944,344072,749746,417939,715043,5199.43,111.467,136446,38753.2,14929.6,5623.47,6159.1,31.4324
1.95072e+06,1.29839e+06,901449,865638,616594,400244,924327,641783,809281,9469.47,4711.61,53771.9,53745.5,17881.8,8356.57,7023.84,31.4328
1.79598e+06,1.41239e+06,762954,397735,280243,212481,791345,320446,744716,18354.9,-352.12,137953,27604.4,14668.3,7366.96,3309.89,31.4373
2.06404e+06,1.55664e+06,795574,397692,292917,220208,798111,306571,778336,9673,3025.26,109469,34981.7,10626.1,6126.67,7779.11,31.4384
1.33573e+06,871224,919897,565740,499131,373052,802780,454308,747166,7811.78,511.62,41703.1,37319.4,19681.9,6072.48,4638.63,31.4402
1.99312e+06,1.28553e+06,930257,790204,485901,329419,885014,575778,823447,15618,5346.49,72387.6,57987.8,31770.2,10134.3,7860.3,31.4434
1.36792e+06,997301,822972,851970,965639,701775,825597,660538,773887,9688.9,2730.61,1.23857e+06,46239.5,7724.29,5248.08,3234.82,31.449
1.79928e+06,1.32805e+06,812898,466236,372146,280154,797018,369685,756702,8169.16,-512.57,119218,22124.6,15327.9,5222.61,3491.33,31.4559
1.44237e+06,1.05603e+06,819503,500980,365828,272031,806882,407640,737386,8216.21,220.123,38842.9,35788.2,20170.2,8575.71,2612.34,31.4604
2.01711e+06,1.58586e+06,763159,377203,264809,206943,767773,310520,728847,6225.14,277.345,66642.5,34905.7,36025.1,5312.34,5113.59,31.4606
1.15632e+06,776713,893242,739433,415003,278841,892988,546549,811747,6496.84,1883.27,136757,28138.4,18618.3,7586.49,4607.64,31.4639
1.86126e+06,1.63301e+06,683867,322488,265951,227011,702921,267719,722746,1890.64,514.871,1.28549e+06,14609.5,3591.88,1331.95,1303.52,31.4648
1.54693e+06,1.12502e+06,825018,669885,575777,404635,853772,519869,773140,5217.35,514.482,400560,26823.8,12120.5,9090.87,5530.72,31.465
1.73863e+06,1.32855e+06,785201,406705,296537,227867,780817,341946,713631,7452.3,2113.15,59668.8,44343.1,17925.7,4980.41,4345.25,31.4656
1.48668e+06,1.13055e+06,789004,372014,275050,214249,770271,315659,707119,3768,-551.326,101767,26875.4,11540.6,4538.93,3924.82,31.4683
1.63543e+06,1.14338e+06,858206,621346,436996,318058,824369,502149,742425,7325.97,3092.58,94151.3,37069.9,13614.8,8004.53,4964.2,31.4708
1.64334e+06,1.21819e+06,809399,400622,262886,194860,809460,324220,741389,10683.8,2858.24,67471.8,51045.5,24810.1,5803.7,3603.92,31.4778
1.83778e+06,1.38541e+06,795910,573480,424006,312736,813478,455352,755653,6867.45,1715.8,139460,47887.3,11518.9,7564.27,6235.94,31.4784
1.19874e+06,819088,878103,653180,474560,335013,849926,508223,771134,9852.55,74.6841,118939,34060.2,35794.5,7063.83,4953.06,31.4908
2.24524e+06,1.70194e+06,791535,386421,323645,252343,769535,310467,746787,12745.3,2064.29,31065.5,42021,16109.9,4792.95,6295.37,31.4933
2.02088e+06,1.42457e+06,851157,593678,446635,306821,873411,455992,781168,14608.2,4134.31,63034.3,50334.8,14058,7465.1,9444.04,31.494
1.36377e+06,957226,854828,573258,477301,362866,789219,465806,738408,9011.05,-120.91,46970.9,47610.6,7661.65,4885.55,5295.53,31.5019
1.84932e+06,1.35463e+06,819111,636450,420994,301594,837538,473726,806099,6230.03,3339.79,54746.2,24607.9,13658.5,9349.93,7379.99,31.5057
2.78253e+06,1.81784e+06,918407,581109,454419,313482,869751,445914,781912,7280.63,2569.5,22888.9,38575.3,46451,9849.24,11477.6,31.5092
1.05446e+06,773368,818080,541176,446002,342779,780682,440493,737141,7748.12,1197.99,32902.7,27846.8,18917.1,6671.98,4246.03,31.5094
1.84283e+06,1.30306e+06,848541,453536,283560,207654,819326,375062,725538,11726,1180.6,59047.7,32121,23927.3,5974.93,6055.68,31.5156
2.28641e+06,1.69112e+06,811203,328718,283556,221845,766903,274380,718824,5899.17,387.163,28156.8,37409.2,15342.8,5435.53,6608.27,31.5177
1.87780e+06,1.40715e+06,800686,427821,219443,161198,816795,344794,744480,6084.57,140.577,65413.4,38534.3,28074.7,8583.77,5966.82,31.521
1.93012e+06,1.38382e+06,836869,495079,398940,289385,827146,396757,748689,6401.46,1478.19,62250,47192.3,18297.6,5377.85,5704.11,31.5211
1.98416e+06,1.41921e+06,838848,547526,411505,286649,861342,426966,769418,7741.75,1235.42,38707.1,35473.6,15267.1,7053.32,3782.13,31.5241
2.12896e+06,1.62971e+06,783803,545438,358886,272370,790585,427142,766168,6553.09,3176,48028.8,33301.8,28128.8,7782.62,8996.75,31.5268
1.9992e+06,1.4095e+06,851023,429934,356854,249852,856956,323396,797662,13557.7,2796.41,52514.5,31378,22630.5,7459.16,6753.17,31.5323
1.12634e+06,791793,853507,539432,344488,249570,828197,432772,747875,10422.1,3570.51,38103.8,83295.6,34798.2,5395.16,3005.77,31.5332
1.63161e+06,1.13996e+06,858768,551251,296356,214713,828145,428292,772256,19106.2,2366.81,111519,35419.8,11504,8454.4,4334.93,31.539
2.32116e+06,1.62586e+06,856591,629910,438836,320109,822537,484425,780195,5862.81,3348.87,90674.2,27102.2,30657.5,10483.9,5679.99,31.5409
1.15225e+06,821877,841188,498825,350303,264485,794683,399142,749846,5100.42,455.481,210983,27371.1,28162.1,4030.55,3726.04,31.5461
1.36457e+06,999171,819421,557500,355886,284957,749346,464524,720092,4635.29,-43.4801,69536.5,35113.3,28804.3,4775,4963.78,31.5482
1.58602e+06,1.15316e+06,825215,683056,550037,425311,775955,559668,732280,10926.2,1026.65,96328.9,33439.5,20703.2,7830.16,3958.05,31.5618
1.97669e+06,1.3407e+06,884625,713767,621592,406685,917062,514628,832175,12109.1,5134.53,121748,50034.4,26258.9,10969.6,5360.48,31.5738
1.76835e+06,1.22801e+06,864009,485506,261099,183726,852679,393317,740633,3413.45,868.093,138247,50533.1,38576.6,6349.14,4069.28,31.5743
1.41926e+06,990514,859713,550232,349995,256067,820085,449886,733828,6079.24,1104.63,45605,30742.8,16783.1,8625.86,4806.17,31.5793
2.13519e+06,1.65984e+06,771828,774876,536447,384621,836844,607230,765650,8692.4,2643.79,52839.4,71180,16998.6,6938.36,5675.24,31.5824
1.34627e+06,937483,861628,499054,284160,204345,834354,401377,746012,7977.52,478.868,59298.3,39783.7,17694.3,4667.27,3251.99,31.5825
1.29513e+06,914990,849274,721674,449465,330989,814768,569103,760854,5442.83,2032.03,230435,37663.9,46127.5,4486.77,4919.59,31.5835
1.39186e+06,967373,863283,571996,515105,387169,798264,456988,750999,8688.72,2147.13,204845,40835.3,37927.1,6983.47,4343.4,31.5839
2.22391e+06,1.63258e+06,817322,585038,419744,307423,819218,482752,727129,7692.24,1794.34,41385.4,62987.6,45959.1,7206.39,4101.5,31.5856
984854,631132,936274,769674,534027,353970,905207,581195,794577,9784.97,1502.36,28665.8,31958.5,25578,8892.47,5340.12,31.5862
1.08949e+06,595654,1.09744e+06,906766,785633,446292,1.05621e+06,548534,991843,11892.4,1944.32,43744.2,58734.5,37820.9,10578.9,8544.68,31.5879
892494,560068,956128,759035,608958,417296,875576,551008,826524,11311,1388.6,179330,91870,25932.2,10525.5,3376.16,31.5897
1.81267e+06,1.49676e+06,726638,289681,196349,155269,758744,239942,724378,4378.35,110.752,65330.1,20417.3,5867.04,4262.27,3031.4,31.5899
1.67493e+06,1.02759e+06,977974,893508,680686,487600,837596,670240,799870,7870.64,2533.72,101853,46712.3,36155.6,10510.7,8962.25,31.5909
1.70891e+06,1.30175e+06,787665,602344,479834,371166,775664,501863,720129,6605.5,109.409,353484,38059.6,18599.7,6880,3372.87,31.5937
1.67968e+06,1.14918e+06,876980,599956,350121,227651,922784,445702,807655,8459.05,3740.32,111887,42764.7,23119.2,7067.17,5359.9,31.5963
1.31878e+06,875661,903622,688467,514028,366377,841802,555204,744016,11786,3720.89,205902,38462.9,31706.8,8837.34,6447.88,31.597
2.19612e+06,1.57411e+06,837091,432666,367886,267987,823666,343007,756834,8002.01,1670.09,141073,46602.4,21416.4,7193.04,9224.88,31.6115
1.91221e+06,1.42512e+06,805072,505621,387615,286280,812383,404930,749198,11219.5,1820.83,113914,36257.5,15843.3,9815.18,4050.95,31.6119
1.34701e+06,940979,858898,588345,420308,297573,847471,466023,757488,7902.25,1596.88,51994.1,63318.7,35536.4,11476.5,3606.57,31.6128
2.0252e+06,1.42479e+06,852843,594896,384046,276606,833054,467171,764040,8835.87,2849.98,58607.4,60459.5,54065.7,7405.43,11229.6,31.6148
1.27727e+06,839861,912487,692918,606617,483736,752415,552742,752161,4883.29,604.765,64883.8,29952.6,17798.1,5372.77,5231.75,31.6173
1.24668e+06,695125,1.07607e+06,852419,481800,290390,995489,559732,913743,11592.4,948.292,51302.4,42228.4,42266.1,9732.99,4990.2,31.6178
1.51054e+06,1.11100e+06,815768,554731,477530,354528,808168,440804,755071,16844.5,2454.3,48040.4,67663.7,25452.3,12048.9,5158.86,31.6195
2.09303e+06,1.52728e+06,822259,445639,510349,361569,846890,331759,805956,3426.17,3583.51,1.14048e+06,26641.9,3435.14,1863.62,1762.47,31.6196
1.54998e+06,1.1987e+06,775831,739415,577110,418053,828282,563969,786654,12704.9,1624.34,143783,65496.2,24918.8,9497.14,6315.36,31.6239
1.56806e+06,1.16007e+06,811016,510519,408486,308848,793566,424485,721607,1789.83,65.6472,817780,30990.7,15438.4,5678.21,3132.26,31.6249
936509,672596,835428,579780,417338,317077,789723,471988,737027,4255.85,565.016,98255.2,26307.4,18773.8,6157.91,5566.68,31.632
2.21012e+06,1.57661e+06,841093,495699,378305,266318,852300,369889,804078,12946.8,2965.2,115235,81244,19587,12183.9,7121.49,31.6402
1.68549e+06,1.19664e+06,845110,483214,264370,196133,808747,375557,771996,14046,3675.05,49600.1,27828.3,16674.9,8688.51,5236.66,31.6415
1.63776e+06,1.15237e+06,852723,581637,367393,242296,909780,428198,815002,8462.51,4020.37,65375.8,45041.7,10694,7185.75,4121.18,31.6432
1.53254e+06,1.1342e+06,810725,399459,269969,208230,777896,332745,720297,4534.93,1191.61,108469,31705.9,26218.2,7228.65,4185.18,31.644
1.64716e+06,1.22062e+06,809672,422571,282903,211610,802146,345652,733520,15107.8,784.851,70315.4,26999.7,17528.1,5217.64,3737.5,31.6461
2.33995e+06,1.72617e+06,813346,608248,621052,488782,762367,476637,765675,10339.3,-217.771,45027,93786.1,39734.6,5022.75,8110.4,31.6468
1.98942e+06,1.51207e+06,789418,452547,356377,274345,779407,373608,726773,7672.4,3571.55,74309.3,27498.7,9391.32,4776.71,3604.76,31.658
1.36877e+06,1.07276e+06,765564,505746,426700,337002,759698,414624,731862,13417.9,2229.57,45718.7,41798.3,23694.3,4864.8,3870.58,31.6621
2.02422e+06,1.38469e+06,877113,664020,352807,234904,901152,501612,794264,2171.8,1160.18,121297,23845.7,28845.9,6178.34,4502.06,31.6623
2.00566e+06,1.58756e+06,758017,358807,310999,244463,763304,308500,697842,7475.99,881.41,54228.1,32183.9,10585.3,4435.63,3696.28,31.6648
1.66411e+06,1.26184e+06,791279,436934,266995,193953,825957,342317,765841,8281.54,920.923,74927.7,41765.8,18929.7,6273.11,2794.38,31.6656
1.80198e+06,1.18781e+06,910237,669887,591842,391341,907406,463815,866579,19115.6,2719.36,49889.8,64339.3,24343.2,12180.7,6125.86,31.6684
2.15039e+06,1.51313e+06,852693,866882,575496,408471,845342,657512,791057,15241.2,1275.12,31608.1,82223.3,58071.9,13672.9,10728,31.6766
1.8967e+06,1.49114e+06,763187,349784,269280,211091,765394,293634,714734,7595.4,1263.03,77883.8,20296,7773.55,5279.56,3352.05,31.6777
2.31408e+06,1.54866e+06,896548,860335,750307,512828,877846,631893,816912,14678.3,4176.45,49004.4,80666,35854,13231.9,7099.91,31.6868
2.05856e+06,1.48112e+06,833922,514824,354100,256932,826912,428366,721100,10888.5,1674.49,60407.6,30360.5,10208.4,5759.98,3504.35,31.6935
1.32911e+06,1.06876e+06,746162,351819,247492,199912,742802,294342,717164,3955.58,624.184,56467.6,20387,11714.2,4946.95,2967.66,31.6989
2.15909e+06,1.48420e+06,872828,698599,596134,419190,853265,523386,800861,20531.9,2021.01,69062.4,88224,74899.5,10681,10275.5,31.6995
2.2305e+06,1.48577e+06,900744,712246,497278,337160,884942,534698,799231,16347.3,3209.73,56848.3,109890,51785.7,10127,10821.8,31.6996
2.25711e+06,1.38166e+06,980174,904456,560636,326892,1.02903e+06,596153,910292,26368.8,4294.71,61775.3,60082.4,53932.7,13363.2,8228.75,31.7026
1.48961e+06,1.02472e+06,872203,565773,464000,310302,897190,431482,786739,13232.9,1193.36,239268,32996.9,16402.1,9128.75,5134.92,31.7038
2.20608e+06,1.52043e+06,870575,528170,360076,252974,854023,413095,767140,9862.65,1128.22,62433.5,20798.4,9754.44,5702.66,2401.91,31.7062
1.55934e+06,1.0724e+06,872435,682072,566284,399888,849664,523487,781764,12388.9,2854.97,24750.5,86604.6,75978.1,12334.2,5628.67,31.7069
1.91815e+06,1.29787e+06,886752,536230,330334,236855,836800,436943,736339,9546.65,2266.35,33752.1,70913.8,43415.6,6693.73,4364.16,31.7144
1.81573e+06,1.13727e+06,957940,726475,496538,317972,936946,522179,834742,12500,2369.99,54423.6,27228.3,14260.7,7780.76,5091.69,31.7146
1.92852e+06,1.45332e+06,796189,501208,242196,183391,792394,428138,702401,2595.8,979.623,790729,22119.4,12379.1,3125.17,1879.82,31.7157
1.29349e+06,900647,861708,647830,497339,346038,862343,492067,789929,10786,2556.76,52255.2,48355.7,44038.2,6614.24,5523.1,31.7171
1.84163e+06,1.35236e+06,817076,453066,256215,186968,822221,360885,753259,8244.2,4869.49,64834.9,22970.4,12284.6,6316.85,3951.85,31.7211
1.21799e+06,851238,858507,497692,391001,292323,802539,413347,722432,6977.09,-64.1071,27338.7,33368.5,9629.68,5473.74,6160.09,31.7223
1.28687e+06,891121,866461,361906,336868,232746,868419,259958,835302,5927.35,478.023,22881.3,8973.78,2590.31,2030.52,1607.41,31.724
2.29023e+06,1.29858e+06,1.05818e+06,974667,817601,522716,938484,668218,875164,10067.5,1977.09,45128.9,83542.2,55304.9,10426.5,13962.4,31.7267
1.55066e+06,944912,984638,795419,477197,316059,905902,576971,827167,13876.6,4449.55,58541.7,42265.1,32689.1,8885.7,9319.61,31.7275
1.76772e+06,1.23932e+06,855820,613887,528152,365635,866687,465167,791828,8601.25,3559.46,356728,48585.5,28649.8,13214.4,4669.81,31.7328
1.53188e+06,982201,935787,564468,350833,244456,861095,429354,788815,15213.6,3684.82,26535.9,42311.6,34914.5,17679.8,6233.54,31.736
1.05602e+06,868244,729765,491691,424919,350154,728112,430295,685610,6747.86,3696.83,29313.3,12593,4830.41,765.832,3339.34,31.7375
1.59935e+06,1.14465e+06,838342,579850,347818,250211,834059,464075,749685,4198.34,456.636,59889.7,32038,27089.2,3959.4,2545.49,31.7377
1.48545e+06,986906,903098,577975,353956,237194,895359,435370,796529,17131.3,1100.58,162306,47745.7,15724.1,8538.65,4079.93,31.7386
1.32774e+06,974604,817404,479513,304117,216623,842341,369559,778516,9071.76,1306.72,111925,29520.3,17336.9,5803.27,2874.85,31.7461
2.09268e+06,1.43614e+06,874297,568447,452690,293638,924996,383550,889241,8711.92,4151.6,32533.2,80812.9,49713.9,9350.33,8090.6,31.7576
1.70112e+06,1.12644e+06,906099,559836,290942,187792,929568,419158,801372,7409.96,-75.7574,58216,42297.5,15906.1,5016.64,4228.33,31.7655
1.47249e+06,1.26251e+06,699792,252916,159065,133008,717542,223862,677872,5846.51,-713.914,932140,38555.4,2215.75,2620.39,2170.94,31.7707
1.82852e+06,1.33849e+06,819668,516565,396048,301013,789431,415008,746827,9772.31,415.76,104121,40492.1,22435.6,6836.35,4388.73,31.771
1.65675e+06,1.28271e+06,774958,366661,221735,172466,771406,323832,679354,3312.02,1225.75,1.05103e+06,31587.4,1908.75,3204.2,1754.46,31.7743
1.08224e+06,678679,956774,774535,494874,331935,894526,570349,814801,15265,2984.07,32171.7,36653.2,38080,8895,5569.02,31.776
1.16517e+06,788443,886688,394753,314980,203176,930170,290826,814412,8932.77,1095.28,73412.6,28095.5,15383.9,8664.69,6292.23,31.7781
1.95796e+06,1.37858e+06,852168,623899,495485,369676,804194,492975,759348,5738.71,290.891,51631.2,64095,46349.7,5361.48,7344.81,31.7816
2.03122e+06,1.52886e+06,797154,549430,396690,312209,762354,466432,706766,13763.3,2786.74,16531.2,37002.8,14737.4,6331.16,4240.33,31.783
1.51014e+06,1.12247e+06,807224,508612,310412,226523,822200,411642,741341,10931.3,346.053,80210.4,39638.5,13965.6,7488.86,4713.1,31.7846
1.97408e+06,1.31317e+06,901980,516533,366358,258214,851290,407823,759936,11279.8,2988.65,31202.8,36632.4,32593.1,9069.85,5722.44,31.7908
1.63024e+06,1.29967e+06,752610,346908,217536,168060,776635,280947,740869,5776.91,507.953,63477.5,30101.9,20390.4,5874.2,5156.4,31.7917
1.63023e+06,1.07663e+06,908521,722105,558605,396938,844372,563164,769337,9562.11,3650.14,48185.5,30183.3,10187,8983.12,5620.93,31.7988
1.47463e+06,1.0246e+06,863530,641024,416989,284728,878710,481051,799529,12390,4595.17,176006,35182.6,20787,9712.69,5641.29,31.8042
2.16772e+06,1.49893e+06,867707,504797,407567,297090,823118,401341,754665,4110.53,130.424,272792,35837.1,48004,7710.7,5262.88,31.8067
1.29822e+06,912881,853266,612144,342873,237814,865062,463648,792166,12649.5,2258.41,123987,31110,27156.2,8808.63,4288.8,31.8103
2.15921e+06,1.58916e+06,815227,403110,320635,241465,796725,325694,742618,6873.17,1234.3,23184.5,42773,15626.1,6558.71,5729.63,31.8108
2.49827e+06,1.51547e+06,989103,670428,413358,275837,899135,461800,871063,6803.75,1628.67,31587,26559.8,15435.8,6043.83,2378.51,31.8111
1.18856e+06,911198,782633,438920,355606,277896,767782,358772,734038,9766.71,-21.8798,63065.3,52175.2,25149.9,7040.25,3610.3,31.8113
1.3898e+06,972622,857353,495261,379745,276934,822748,386069,769698,10952.8,2080.73,61625.6,38371.5,11892.8,12210.3,3285.93,31.8132
1.82661e+06,1.23696e+06,886010,741848,477293,312829,915438,534111,833364,13210.1,4813.62,40252.6,85567.4,31481,9083.7,8264.85,31.8153
1.11076e+06,743615,896239,469918,366439,252241,871639,362504,777788,10521,1824.63,47278.2,34818.3,10713,6263.33,4331.25,31.8195
1.55006e+06,1.04493e+06,890043,681109,538257,379154,851775,493623,827889,11654.7,2838.31,94730.8,61560.7,55838.1,12369.4,4730.52,31.8223
1.44367e+06,1.01643e+06,852205,779354,497372,332262,898156,572270,817119,11804.6,2498.38,812231,64769.8,31513.5,10772,5651.4,31.8317
1.6935e+06,1.18176e+06,859815,643161,374984,251432,894836,478269,806861,15145.9,5128.73,64619.5,72045.7,41630.9,9965.96,6239.06,31.8378
1.42885e+06,1.10054e+06,778985,533463,341360,256419,798755,436835,732720,6547.98,1170.3,213644,28633,12000.3,6524.93,3541.21,31.8402
1.86904e+06,1.39204e+06,805597,471151,292502,204354,858809,365015,774463,14232.2,2069.04,73011.7,44650.8,14744.6,4763.69,4676.73,31.8416
1.36649e+06,1.00006e+06,819846,453026,235258,171761,821810,363578,747613,7437.19,2065.11,26271.1,29723.8,23048.8,6135.5,3980.65,31.8418
2.0839e+06,1.40413e+06,890473,710968,550132,377592,874169,512151,832920,16113.4,3891.6,54518.9,54946.6,27945.8,9405.36,6681.53,31.8479
1.05297e+06,723763,872915,543868,331282,234576,847355,429005,760646,8832.18,2731.21,55861.6,33869.7,26573.1,6306.28,6373.2,31.8544
1.57953e+06,1.2189e+06,777520,551536,378933,279747,812734,435984,759022,13543.8,1466.06,109348,27975.9,19888.7,8231.83,6579.81,31.8609
2.28537e+06,1.68883e+06,811935,577064,402915,281547,858646,448212,772488,6135.8,1036.9,28790.8,47531.7,33050,7294.84,11260.6,31.8648
1.77051e+06,1.30161e+06,816149,555310,422148,312208,811282,448817,742364,7868.69,1656.51,95313.6,31774.5,14622,6760.64,5207.58,31.8659
798543,506358,946220,568516,450704,297511,908949,397564,858000,6559.81,496.552,44958.7,35211.3,43193.5,5050.61,6205.04,31.8676
2.06224e+06,1.36414e+06,907053,864185,738491,481405,920420,625189,829367,12345.8,4548.42,41284.7,79855.7,25166.7,9711.56,9118.63,31.8698
1.57901e+06,1.16888e+06,810530,486246,273362,205632,797624,396635,735556,6803.12,616.638,8722.23,37911.9,13130.7,4253.9,4356.98,31.8725
1.34228e+06,982373,819816,601614,424211,298477,852752,459749,785142,12235,1705.55,71896.3,47368.7,23231.5,7865.29,5384.35,31.8742
981026,628599,936393,552039,403417,267438,905070,395066,838401,7234.77,1136.23,360977,22262.6,16703.8,8406.66,5996.64,31.875
1.0194e+06,756624,808377,461537,367307,292927,752353,381325,726210,6009.64,103.026,90500.1,40551.2,10836.8,6863.59,3516.24,31.8802
1.31605e+06,947398,833470,519831,427946,298217,861010,398494,782694,4847.5,-299.653,196109,35051.8,11939.6,5367.5,5721.9,31.8835
1.73414e+06,1.29425e+06,803929,380074,204130,155437,787960,321301,709753,7696.15,1696.05,67109.8,25751.8,5644.76,4192.87,3163.74,31.8844
1.69779e+06,1.22777e+06,829690,537836,458669,333633,824863,425212,758920,13038.7,1329.08,65725.7,54537.8,26521.1,6960.1,4619.65,31.8913
1.49416e+06,1.11252e+06,805828,533455,321043,256210,751828,456547,701073,9905.27,404.844,149899,33501.2,21432.7,6091.04,3545.06,31.8927
2.13676e+06,1.48238e+06,864868,511939,395328,270949,875430,388384,790875,22830.9,3864.96,31133.3,41411.4,11490,9298.7,6548.09,31.8948
1.57228e+06,1.15643e+06,815754,414683,219992,160984,819928,344134,723002,8269.59,537.157,129790,29998.4,10784.2,7316.61,3667.88,31.8988
1.96802e+06,1.43519e+06,822758,601356,334606,234578,855849,474411,760551,9574.65,762.577,64782.2,70179.2,42247.1,7781.39,6155.21,31.9053
2.20151e+06,1.59609e+06,827589,383545,291682,208646,838785,310097,742114,6725.88,1073.37,34052.3,29225.9,18645.2,6549.9,4457.28,31.9075
1.07211e+06,726596,885313,665640,378064,244333,928397,491903,811917,5944.93,1732.94,56554.9,33443.7,24892.5,6396.22,4819.98,31.9099
1.6392e+06,1.21352e+06,810468,545968,435331,315027,829131,423215,774029,13746.7,1543.33,121665,34465.8,22158.1,9533.11,5498.66,31.9172
1.5564e+06,1.09968e+06,849187,579712,465943,331501,843334,455418,763754,9720.43,2163.53,61498.3,57804.5,30177.9,9676.96,5790.03,31.918
1.68239e+06,1.1918e+06,846984,581340,425987,324314,788101,477038,731187,9660.89,-10.6205,117027,41952.1,16190.6,9432.48,5051.78,31.9263
1.22731e+06,871209,845249,607667,469390,341035,825821,474868,767793,8287.92,2835.2,34099.3,35793.7,39283.5,7818.51,5633.73,31.928
1.29806e+06,908533,857246,595944,316870,229930,826869,471871,757763,5068.41,1456.87,240901,32687.1,10541.9,6402.56,4018.47,31.9406
1.73842e+06,1.25828e+06,828951,494825,405540,299174,813319,388802,763615,16346.5,2316.57,55067.5,50720.6,20569.9,8325.56,4380.14,31.9441
1.48658e+06,1.0397e+06,857896,577158,314261,225294,836936,452587,765145,11595.1,3857.5,116042,19745.4,25266.4,6424.9,2751.76,31.9491
2.16423e+06,1.44602e+06,898004,696835,524872,371109,848601,537710,777558,24396.5,3860.14,59962.3,58492.8,33100.5,11539.2,10719.5,31.9615
1.66714e+06,1.20872e+06,827558,692831,591545,396835,894395,499242,832659,12099.7,1945.92,217758,44778.7,30541.2,8270.86,5662.01,31.9773
1.81073e+06,1.3991e+06,776529,359061,214520,162742,790897,291043,740222,5600.21,572.26,114010,15763.6,15507.2,5693.25,2712.98,31.9811
2.36776e+06,1.58097e+06,898600,604958,444749,289737,921006,438424,827909,16089.9,3362.88,58767.5,43547.9,16487.4,8887.95,5632.85,32.0002
1.32078e+06,958846,826480,506447,436096,316727,826130,399282,761037,6058.57,843.111,25832.1,49037,25293.7,5482.08,8572.23,32.0021
1.89495e+06,1.5022e+06,756868,371772,254624,194223,786593,305723,729626,16402.4,2637.66,58337.2,35202.2,12826.3,5800.66,3643.77,32.0042
1.80508e+06,1.2819e+06,844880,403236,307515,223940,823922,330286,732521,6139.14,1950.45,52999.2,46402.1,16237.5,4686.13,5482.28,32.0075
1.78099e+06,1.25557e+06,851085,392024,257847,190451,812325,322858,728539,5552.33,-534.214,76327.1,32693.6,17515.7,4706.77,3665.09,32.0095
1.83547e+06,1.33327e+06,826001,483157,302041,208971,867224,368484,786721,13588.6,3431.76,58856.2,32106.9,17405.4,6862.16,5877.59,32.0154
832476,563658,886151,569991,324462,210462,925000,417016,820099,5939.11,449.087,90794.1,28526.6,27883,8242.01,3308.54,32.0155
2.12578e+06,1.46221e+06,872289,408396,235102,167157,843886,325721,752293,5736.99,2261.19,26861.5,20742.9,29727.1,5921.17,4177.56,32.0212
1.50418e+06,1.06066e+06,850893,785554,647002,460683,842665,588441,800985,16765.4,2317.69,116023,70961.8,29189.6,11599.2,6049.91,32.0247
2.15817e+06,1.48806e+06,870198,460105,370606,261486,850385,351860,784583,18146.4,1245.96,68170.1,68687.8,23108.4,10558.2,5565.78,32.0304
1.84524e+06,1.50138e+06,737416,473864,306891,227935,807838,373965,760281,8229.1,226.18,150098,35025.1,16093.9,5573.4,3679.89,32.0311
1.75509e+06,1.34564e+06,782570,424656,344519,267935,771498,357773,712165,8707.28,-285.431,53934.4,35447.7,7424.41,4480.06,5456.38,32.0336
1.83676e+06,1.11504e+06,988357,1.00357e+06,762513,472008,969279,678998,886809,14740.8,4231.88,57981.3,68590.5,20832,11855.8,6862.1,32.0346
2.16499e+06,1.65551e+06,784650,397468,329304,244671,807544,310407,768285,6536.43,2511.09,105076,27106.4,23464,5234.15,6295.05,32.0349
1.7224e+06,1.16801e+06,884787,733303,571635,381184,899779,537679,818298,12596,166.209,202318,55942.6,42761.9,9080.74,5275.26,32.035
1.5618e+06,1.15973e+06,808013,471984,421438,305346,828119,360050,786531,16255.9,4133.5,52528.7,33382.6,16156.7,7404.69,6926.53,32.0377
2.02701e+06,1.55776e+06,780740,497555,416257,313212,797396,388020,769376,8673.87,1200.49,127768,32629.2,16616.3,8068.19,4171.67,32.0424
1.44244e+06,1.05506e+06,820300,559379,351316,260216,810056,439410,763813,6664.85,668.472,66253,31790,28126.3,4912.98,4217.35,32.0427
1.97396e+06,1.44026e+06,822334,424610,262900,184448,855199,318722,799335,9052.96,4175.97,112654,66253.4,20027.5,9750.8,5133.26,32.0491
2.06871e+06,1.51684e+06,818298,412503,341392,253830,806979,331482,746652,20839.5,3202.23,49934,33844.9,7792.69,6037.89,5119.51,32.0614
1.46033e+06,1.12723e+06,777300,474826,405802,316407,769518,387952,734358,6036.46,47.8388,238849,31191.7,10989.7,5233.16,3857.79,32.0713
802926,477171,1.00961e+06,506538,357838,229485,935584,364173,834557,18747.9,651.69,44042.4,32192.5,20162.6,7744.73,4213.3,32.0723
1.49737e+06,1.08436e+06,828527,447055,230172,170002,812362,362064,740844,12357.2,3020.79,54440.1,26577.2,30518.4,6291.43,4588.6,32.0755
1.91574e+06,1.39617e+06,823286,488622,367315,283389,777690,399943,733038,5399.14,449.913,46017.5,45735.4,30052.1,6642.37,9596.64,32.0756
933047,649511,861923,591246,353695,241582,878448,451807,785175,5233.74,1609.78,201848,23015.4,8022.28,5857.46,4695.1,32.0794
2.12394e+06,1.61586e+06,788660,483995,304276,215250,848156,376145,772035,11670.5,2998.97,56677.9,53379.9,32817.9,8301.95,3435.82,32.0821
1.99839e+06,1.2245e+06,979206,682012,543160,342986,950173,465326,879399,28756.2,4996.53,53402.9,52690.9,24260.7,13946,6085.9,32.0872
1.55738e+06,1.09482e+06,853503,537700,426459,305035,838840,410225,786447,10583.8,5256.16,58782,46421.1,20422.7,8155.46,5391.45,32.0914
1.11712e+06,801067,836722,624933,405304,295260,823622,507076,739454,5249.14,1575.02,34124.1,40165.3,22110.2,5852.58,4709.19,32.0938
2.06833e+06,1.36716e+06,907718,751407,640620,441515,870575,550401,819120,20941.7,4794.35,30704.5,53389.1,37028,13584.9,4954.26,32.0944
1.71714e+06,1.16141e+06,887100,678122,492329,330511,893760,500883,812312,24895.7,3953.24,22267,67538.6,36066.5,10455.7,6633.98,32.0998
1.01135e+06,656384,924475,627798,505518,308211,984101,435395,865143,13105.4,1703.86,66314.3,39394.1,32363.1,8010.99,5056.5,32.1034
1.25536e+06,907648,829858,554609,333045,251511,794506,460960,721897,7008.79,-60.2827,130493,21261.9,19961.8,4260.41,3800.28,32.1143
1.3774e+06,1.05684e+06,781992,630325,427786,329820,778218,521254,725548,11690.3,3134.63,53185.1,31468.7,25192.5,5612.16,3493.87,32.1159
1.5849e+06,1.11297e+06,854420,534763,435394,270869,964439,344227,932110,7457.92,4053.53,25276.4,30662.9,17463,5341.54,7104.07,32.1229
1.45894e+06,1.04336e+06,838983,478672,340933,254057,805173,381571,752687,11666.4,3692.03,50088.1,32571.6,21445.3,7761.64,7928.99,32.1237
1.46475e+06,794963,1.10552e+06,903203,675579,417678,970478,613061,883961,26432,3498.66,79044.1,80713.1,51692.8,18654,10913.7,32.1257
1.32424e+06,985547,806196,437272,342298,258170,795519,365456,717907,5787.28,370.541,88953,42487.3,15674.1,6731.43,3112.07,32.1365
1.28342e+06,961034,801277,481413,304834,247035,740382,403902,715143,11347.7,1262.02,45898.2,25674.2,13851.9,7275.96,2985.01,32.1474
1.6503e+06,1.16849e+06,847400,506448,443801,318245,836716,396657,766074,11991,3816.29,67030.8,50473.3,21930.5,9086.16,8226.42,32.1488
818912,473366,1.03799e+06,637618,416691,271701,920183,445406,858927,11648.6,1559.38,51015.7,81112.7,68541.9,9765.8,5336.32,32.1569
1.59351e+06,1.20785e+06,791572,385475,306303,240830,763119,323260,715477,5983.3,-194.035,103364,26149.7,7863.15,5856.72,6491.17,32.1573
1.97505e+06,1.49671e+06,791756,425059,312164,235756,794459,349797,729096,14249.9,62.0507,28257.2,64665.7,29552.5,6055.72,3685.54,32.1599
1.19378e+06,905362,791140,434966,271593,199418,817158,340183,767175,3944.68,509.851,500314,40229.1,15068.6,7478.85,3551.59,32.1633
2.02883e+06,1.53239e+06,794376,443666,301948,222631,813764,343882,774102,14590.1,2450.69,55304.1,45695.9,20668.8,8026.22,3681.94,32.1732
1.56701e+06,919312,1.02273e+06,1.16528e+06,629765,428952,880888,845221,827201,14131.5,4588.98,29096,88405.8,89944.3,12914.5,9028.6,32.1774
1.70701e+06,1.04806e+06,977237,658936,495446,305862,971902,443487,891484,11598.9,424.827,1.19024e+06,51373.2,54643.9,7615.13,4040.62,32.1871
1.65548e+06,1.1348e+06,875302,724365,457997,295299,930577,529244,821207,16152.1,3836.19,38485.7,40687.4,22348.7,10723.7,5272.17,32.1917
1.66867e+06,1.12323e+06,891364,540917,294739,202222,874503,415037,781978,9671.45,3903.9,34277,56819.5,45257.4,7537.19,4246.81,32.1961
1.29507e+06,843254,921481,493847,321143,251756,765366,392228,755449,4029.83,2029.11,86611.5,21613.2,24263,5747.46,3907.77,32.2021
2.40366e+06,1.69708e+06,849809,820401,594530,399261,893446,577388,852530,15729.3,3255.71,102637,59160.4,26715.9,10286.8,14674.5,32.2046
2.01524e+06,1.61529e+06,748560,424641,288814,216340,801001,334076,762654,12978,2174.68,47947.3,35155.6,8536.48,7746.6,4490.45,32.2051
1.32165e+06,847187,936024,723601,432571,277555,935103,524659,827510,4510.58,3386.84,80783.4,31959.7,19302.1,9518.03,6192.62,32.2067
1.48661e+06,1.09588e+06,813927,569330,456483,337234,812165,461242,740604,3483.7,421.178,130604,41273.6,13537.7,7459.77,4690.09,32.2091
1.54469e+06,1.13428e+06,817092,414864,328725,238165,828146,319189,779846,16856.5,3993.47,23424.7,35081.6,15104.6,10914.1,5750.17,32.2109
1.57106e+06,1.14356e+06,824298,603214,504757,382054,792701,495243,730810,8395.73,903.667,49909.9,133543,23843.3,8421.55,5138.94,32.2199
1.18938e+06,830984,858776,576801,456284,342445,799459,454270,761839,9747.12,4113.87,25629.8,58787.2,15791.5,7599.2,3850.34,32.2234
922306,613711,901701,611723,372594,260657,857664,473666,774879,8081.58,2043.44,48904.7,27662.6,21159.1,8209.86,4303.19,32.2234
1.94398e+06,1.37533e+06,848081,575195,386657,269292,861497,442590,779767,10135.6,2792.11,29787.5,101067,38458.3,8575.05,5705.97,32.2293
1.81523e+06,1.32001e+06,825096,696780,568351,415656,820415,534835,781676,7129.72,910.297,102691,33271.6,28938.6,7143.32,3340.34,32.2296
1.66481e+06,1.28475e+06,777493,556587,467487,360561,777933,446120,748571,6818.07,1617.77,47193.5,40234.5,12178.3,6891.07,4672.14,32.2316
2.36138e+06,1.70212e+06,832393,565719,369358,276841,800514,464065,731431,6872.45,-536.501,76297.3,93412.1,30899.5,7404.55,5404.65,32.2346
2.19378e+06,1.5465e+06,851129,524249,345662,249801,830250,426561,737407,7256.82,69.9116,69980.1,66367.6,39199.7,7178.34,6154.99,32.2362
1.81893e+06,1.13625e+06,960490,881355,678196,480405,847030,668392,791172,11568,5137.65,48427,56667.9,29773.3,10713.5,7269.71,32.2391
1.33765e+06,809157,991884,1.09159e+06,732344,420959,1.04382e+06,720449,909092,17422.6,3110.97,60976.1,60651.9,48935.7,11659.9,8959.7,32.2397
2.09699e+06,1.48823e+06,845429,498490,317177,222346,855902,379394,788347,8965.18,4563.56,42892.8,36071.1,33656.2,8533.98,5893.47,32.2462
1.71947e+06,1.24534e+06,828434,591600,323183,230769,840277,461920,768445,16692.7,2086.58,109913,39711.4,21902.4,9225.13,3481.88,32.2477
1.27804e+06,956387,801791,463718,323396,243685,796263,369685,752617,5767.59,-200.18,31388.7,28351.7,12693.4,4906.79,3053.59,32.2566
803555,648271,743721,341209,290743,246023,709063,322236,635328,3386.9,90.7941,25161.7,7064.63,-95.8368,604.415,539.05,32.2589
1.99513e+06,1.32483e+06,903571,630528,393586,272673,866062,484422,780965,14620.4,3701.27,99700.6,47545.5,28782.9,9306.97,4264.05,32.2614
1.32456e+06,916655,866995,537629,309597,219883,844805,425295,758479,6737.7,-114.896,52653.3,21599.5,21979.3,6032.7,3068.87,32.2645
1.57657e+06,1.13136e+06,836110,537536,432979,306133,848609,425986,757118,5325.08,522.7,49444,26080.9,11049.7,4713.78,3386.63,32.2695
2.1e+06,1.45042e+06,868714,544821,375355,265572,848029,430495,759341,9666.82,2182.62,146546,35878.5,15766.5,7177.15,11161.6,32.2699
1.26123e+06,971377,779037,510665,424808,320166,796102,411054,745399,4428.93,3.33636,121005,27601.7,11977,4741.2,6543.44,32.2716
1.30379e+06,821907,951779,648443,439747,266131,991422,426179,912916,13052.5,2806.83,47697.1,67953.3,36850.5,11722.9,10518.1,32.2826
1.52048e+06,1.07024e+06,852421,521851,413980,298433,832306,400556,781691,7963.89,2337.63,55735.5,40498.2,35573.5,6830.1,5715.8,32.2841
1.38863e+06,1.01889e+06,817733,435462,225751,164343,824195,351938,742396,13521.7,893.318,50167.3,27443.4,16377.4,6909.46,2704.84,32.2843
1.55882e+06,1.07687e+06,868531,763308,555661,351639,948122,546013,838780,16019.9,2438.9,130497,55449.9,36018.1,9882.59,5857.26,32.2844
1.75854e+06,1.28186e+06,823116,471745,388255,282400,824905,365218,775008,15660.2,3339.57,49952,31765.4,17872.2,6774.42,4981.5,32.2856
1.56296e+06,1.21408e+06,772418,445818,349856,282243,743734,380534,702936,3775.1,-259.134,207830,30404.9,26440.8,7430.05,4741.67,32.2873
2.59073e+06,1.76216e+06,882122,968764,729081,512852,852972,754591,770296,7648.81,657.373,61223.7,33587.9,19990.7,6710,4857.9,32.2938
1.95421e+06,1.50528e+06,778943,378226,301248,235841,766402,304906,744281,15300.9,3090.4,59096.5,27725.3,9854.88,5654.68,3335.99,32.2956
1.33392e+06,863432,926944,665929,582443,402513,868209,501238,797141,9917.07,1485.07,57329.3,45016.1,39199.3,7262.79,6756.92,32.3044
1.56495e+06,1.19698e+06,784446,491162,409546,311132,789785,393908,748137,5295.43,1451.07,198654,20958.7,27385.9,6308.68,6439.31,32.3068
1.36237e+06,962051,849664,645356,515846,358987,862170,486806,795417,19740.6,1530.92,124345,42231.2,23470.1,9583.73,5363.11,32.3069
2.00449e+06,1.52098e+06,790733,404730,277240,216203,769388,331105,733417,17708.9,3287.12,45254.3,40842.3,17823.3,7173.15,6921.06,32.3109
1.89151e+06,1.42852e+06,794466,559769,422840,298205,850770,429084,782741,12907.2,-758.786,200994,50675,36266.9,7308.06,4270.93,32.3148
1.58798e+06,1.12507e+06,846872,517898,365415,270350,810982,431468,720189,8872.98,940.025,47730,43797,23427.9,17481.7,3156.73,32.3188
1.51066e+06,1.16356e+06,778988,503328,364290,274456,796390,398912,757050,9441.58,525.19,196948,45817.7,22718.7,8380.83,4914.3,32.322
2.04984e+06,1.47579e+06,833387,580598,414138,284107,874610,439782,792116,13337.3,668.212,38323.7,33362,21681.1,8118.78,6290.04,32.3226
1.53807e+06,1.06635e+06,865421,405404,207516,153197,812741,333901,728486,10367.1,1541.61,24679.8,71095.9,28522,6355.88,5582.15,32.3253
1.30276e+06,923249,846633,540731,459436,337523,816720,421791,769193,10667.2,2158.48,54579.8,31745.7,14985.9,6854.39,4202.04,32.3258
1.06543e+06,724380,882490,692105,608054,430192,848068,534911,776321,7057.26,2606.04,111275,37044,27107,8310.65,6870.49,32.3283
2.10786e+06,1.4283e+06,885472,775620,618290,406525,912548,531016,876380,13856.2,4700.71,32423.7,65921.1,34227,13937.4,7294.38,32.3321
1.312e+06,888032,886455,632682,497546,345995,862810,488117,777701,9806.37,1633.8,94075.2,37855.2,16150.2,7826.11,4253.37,32.3328
1.6886e+06,1.1878e+06,852974,503511,346397,235803,881407,389994,774645,18353.6,1640.32,62245,39012.9,26871.2,7905.19,3094.29,32.3343
2.57505e+06,1.56215e+06,989042,924832,529757,340307,934021,669966,828250,14515.4,1386.57,123456,285088,61002.2,12983.2,8541.04,32.337
2.10202e+06,1.57298e+06,801799,337396,318349,242959,786179,265159,763457,11689.5,2761.75,16521.9,42304.2,17635.5,5623.71,8819.58,32.3461
1.90348e+06,1.26292e+06,904326,677889,519032,346295,899289,510054,797432,12871.6,5302.32,30746.7,39533.4,25039.9,9268.95,7921.3,32.3478
1.71921e+06,1.34209e+06,768596,471231,331373,229186,867521,360631,784010,13044,969.255,141810,28579.5,24083.4,6510.57,3908.62,32.3515
2.31471e+06,1.75119e+06,793074,498296,366972,281018,783520,412589,724637,4483.23,1576.44,133681,38014.8,27874.9,5624.23,6241.4,32.3544
1.58215e+06,1.02935e+06,922223,721326,491416,341125,864346,542701,797484,17376.3,3951.68,57805.4,38116.1,49053.3,10012.6,6836.33,32.3546
1.66743e+06,1.12933e+06,885888,459887,291770,205623,851373,368894,747999,10752.3,3996.31,32517.6,26207.5,12112.2,8177.12,4523.89,32.3573
1.54206e+06,899913,1.02814e+06,1.00072e+06,684360,450240,911994,690237,869897,19963.9,3239.58,56401.2,69725.9,44410.5,12318.5,10250.7,32.3698
1.85772e+06,1.29549e+06,860395,491284,400465,293120,819728,384818,765999,13650.6,3371.5,21576.8,74964.9,41402.5,7579.95,5227.19,32.3714
1.8026e+06,1.2956e+06,834795,433727,238035,169785,841187,347518,748843,14422.2,894.81,72864.2,22156.2,12651.8,5406.91,3097.92,32.3731
1.69436e+06,1.27572e+06,796894,422325,278888,199761,837665,319509,793076,21370.6,1864.59,50180.1,31101.4,13706.1,6721.66,10602.8,32.3776
1.24692e+06,859541,870412,436834,272770,178514,916801,324420,807905,4858.69,321.614,48458,19944.2,8433.61,4168.84,4956.27,32.3778
924670,657049,844384,374478,208551,145193,861824,291669,770348,4136.58,341.306,34440.1,21194.8,21049.3,5409.28,3947.57,32.3795
1.53857e+06,1.09984e+06,839340,615795,512084,352352,871999,463049,797923,12163.8,3620.37,131458,24606.1,12590.8,8003.11,6733.05,32.3799
2.00567e+06,1.44336e+06,833753,557018,395681,297061,799191,443260,753984,10341.8,3460.07,31331.3,67344.6,15851.5,7471.25,7603.06,32.3822
1.53133e+06,1.09854e+06,836379,373561,192480,141848,814166,300072,746942,4363.3,1126.47,36779.9,21208.4,18484.6,5593.22,3155.74,32.3826
1.68191e+06,1.115e+06,905066,663610,485805,324559,898090,487295,817095,11147.7,5325.8,62117.9,44735.4,26392.6,9794.43,5285.92,32.3861
2.26308e+06,1.43274e+06,947733,573964,366614,225324,976233,404439,851497,12535.2,2411.04,26924.4,30644.6,14635.5,5513.1,3561.35,32.3936
1.20216e+06,829254,869810,641585,391289,282805,830160,499882,770084,6388.33,1540.94,50109.9,22823.8,11611.3,5219.85,4055.27,32.3947
1.78137e+06,1.30475e+06,819174,546442,476598,353525,808879,422880,775315,10314,3084.51,64148.5,92515.6,18640.6,7336.42,5497.2,32.3953
1.79095e+06,1.37366e+06,782265,406693,244321,180438,812426,331147,736881,8258.85,3481.16,52917.1,33821.5,18699.4,5602.24,3497.04,32.4003
1.36489e+06,1.06626e+06,768049,475305,410760,311847,790311,385831,739139,6433.47,230.753,367771,29352.5,17864.5,6787.5,5307.52,32.4005
1.46098e+06,1.01526e+06,863411,445437,385962,284508,813957,350724,762030,7344.56,2560.82,3116.54,35626.4,9607.32,5912.52,4330.1,32.4009
1.36687e+06,1.00006e+06,820071,510994,430082,324604,794967,406333,754545,8979.38,977.731,27616.7,34208.5,17721.3,3804.96,4187.33,32.403
1.58263e+06,1.08537e+06,874893,484106,324249,204332,952123,331996,874902,13348.2,2684.64,45960.6,42900.6,21494.3,7800.54,6682.19,32.4036
2.30512e+06,1.54042e+06,897854,622816,515992,372047,832140,477449,782680,5919.24,2219.57,70128.2,32608,38061.2,11237.6,5495.55,32.423
1.13021e+06,818069,828938,480871,286300,209480,820032,388778,742127,8959.67,107.303,138419,47984.8,21466.5,5881.88,4016.41,32.4233
1.12301e+06,698214,965044,569511,365747,228907,958678,399962,854348,4533.59,4114.9,103220,56412.6,25277.9,6881.2,3296.32,32.4324
2.25475e+06,1.40018e+06,966198,776966,501522,328734,915369,535449,870633,26836,4739.94,42205.6,174506,81014.2,12815.1,11111,32.4366
1.95603e+06,1.34807e+06,870592,376494,222219,149860,889708,296268,762474,14482.5,4630.16,16193.6,27955.1,11108.7,6779.42,4024.17,32.4411
1.51598e+06,1.06714e+06,852362,524418,366231,263821,832908,403318,780155,16914.7,2678.49,17646.6,51061.9,20371.9,8451.94,3631.48,32.4422
1.73464e+06,1.19834e+06,868520,747937,442448,329254,806273,601798,745702,5808.78,1874.06,123479,34282.9,15418.6,7114.06,6767.01,32.4492
2.27914e+06,1.76027e+06,776861,461043,350254,263853,796475,369057,749547,6599.2,-251.415,71985,51178.4,38935.9,9596.66,7332.22,32.452
1.23992e+06,839050,886659,519746,381384,267091,856751,402347,775072,17540.8,3868.55,49768.7,28211.8,12204.4,8763.92,5237.68,32.4544
1.22309e+06,949944,772522,345420,240960,185439,779642,281583,736026,3580.73,2510.3,17130.6,25139,9987.22,4010.58,4376.3,32.465
1.23743e+06,906144,819362,498455,279978,204975,819547,400860,746078,6568.02,1644.41,39685.2,20443.8,13354,5830.55,3784.05,32.4703
1.56426e+06,1.15996e+06,809127,477812,316589,233565,813279,378376,757678,11079.2,2277.88,105422,26592.8,13531.9,6930.11,4364.11,32.4707
2.02611e+06,1.45957e+06,832896,580000,519566,374616,832157,455762,763557,17675.8,1654.21,118518,64792.4,24695.7,9276.35,4332.31,32.4728
1.68874e+06,1.22421e+06,827674,459954,367541,272108,810431,364662,756790,12277.6,4976.31,25914.3,39493.9,13771,6917.64,4870.62,32.4731
2.13737e+06,1.43722e+06,892294,798319,496154,324420,917614,576542,830800,11951.8,3781.01,67749.4,47601.2,33293.8,11659.3,5027.91,32.4741
1.56799e+06,1.04041e+06,904250,572447,318881,221218,864888,444055,773481,7564.47,2127.31,32264.8,27375.1,33722.9,8846.41,9955.53,32.4744
1.67742e+06,1.1887e+06,846680,547750,425714,301379,847533,421067,780517,7944.76,4720.66,40023.4,33525.4,27466.4,8020.16,7385.5,32.4753
1.86853e+06,1.39953e+06,801068,631258,405566,289903,839383,499039,758969,10134.8,1597.64,59632.8,31305,14600.8,8446.99,6742.83,32.4853
2.79352e+06,1.91736e+06,874175,859493,726866,508056,858408,640128,805614,7853.98,2134.03,34173.8,40624.8,33830,9123.37,7801.65,32.487
1.40782e+06,903840,934560,678693,543806,363311,898083,504553,807082,7888.38,1273.74,46910.6,66683.6,74821,8780.7,5059.51,32.4876
2.16274e+06,1.3443e+06,965296,766402,531772,367296,868682,551304,834098,12624,2019.05,112190,159769,48805.6,13386.6,10940.5,32.4977
1.48809e+06,1.03147e+06,865617,526977,252012,178286,848116,421058,750933,5629.36,3404.55,57410.7,27906.6,25990.5,7778.49,3991.52,32.5036
1.71141e+06,1.24866e+06,822353,526998,260504,187690,832768,423427,746761,9587.97,1762.57,92480.5,24367.2,8730.54,6567.17,3941.77,32.506
1.27355e+06,917334,832992,594518,431618,301212,859763,441985,807066,7216.3,469.045,501630,49828.7,21392.6,10077.6,5017.82,32.5072
1.97315e+06,1.50802e+06,785064,465515,351147,250883,839787,355308,786104,14080.5,4433.41,68541.4,41697.7,17350.8,7524,5969.85,32.5075
2.11021e+06,1.28867e+06,982509,986607,824128,537235,920410,701147,844280,13279.8,2211.06,222283,96419,27406.7,7899.85,11784.1,32.5084
1.76779e+06,1.27716e+06,830492,488901,257109,183786,839376,383157,765588,11633.5,5204.82,32847.5,38123.6,27607.1,6687.01,4731.05,32.5088
1.85282e+06,1.34776e+06,824847,799855,558705,383556,873986,584126,821591,17535.9,4484.13,124255,38738.5,18592.9,10944.1,6427.3,32.5152
1.55586e+06,1.10745e+06,842936,589418,492445,355432,831289,459494,769653,6663.63,3044.49,61284.6,35973.2,9927.63,6630.73,5307.7,32.5176
1.59776e+06,1.08387e+06,884478,661472,558841,383666,873949,497419,797885,14911.3,1824.49,50979.4,42635.9,19395.2,7602.6,5344.65,32.518
1.16709e+06,792520,883578,483507,305666,224670,816307,387574,748513,11066.9,997.133,26652.5,30519.6,13189.2,4934.66,4490.04,32.5184
2.22071e+06,1.49898e+06,888885,509948,284140,192373,886215,378148,809125,11395.1,3126.79,42530.6,32359.1,21648.8,5535.87,4847.42,32.5193
1.38366e+06,931818,890940,526119,261837,184343,852229,417359,756354,9665.62,1941.89,31805.7,23516.2,22141.9,5844.86,4672.11,32.5229
2.12783e+06,1.63154e+06,782510,417742,273374,199936,820386,326616,767399,6792,3244.03,35855.8,71156.6,27589.8,10118.2,5536.35,32.5264
1.17842e+06,858605,823486,600043,412348,310710,796270,499200,721205,9387.62,38.183,35006.4,64959.9,49366.9,7471.55,3392.82,32.527
1.41782e+06,1.00286e+06,848269,712410,575081,391719,880857,535300,798517,12890.3,1577,91975.3,37162.1,23807.4,8924.48,8006.27,32.5301
2.02365e+06,1.53818e+06,789369,534613,450268,312759,863799,400344,801231,9702.8,3439.82,124223,39446.6,9788.97,8613.46,5281.36,32.5308
1.41309e+06,1.00236e+06,845853,536768,295435,210935,840360,422496,762281,7791.49,3537.4,60880.2,29912.4,11258.7,6119.96,4307.54,32.531
2.02566e+06,1.27896e+06,950305,1.04143e+06,634019,404815,939717,747504,835924,11004.9,3578.07,439907,65116.3,52638.5,10608.3,8522.65,32.5343
1.08195e+06,737480,880251,728899,407940,279281,876408,581155,752535,6356.25,1875.09,61745.3,23113.4,16803.6,8842.62,3422.35,32.5462
2.04288e+06,1.58127e+06,775155,374292,311264,245273,761430,310707,722788,8654.82,211.382,68539,66071.2,36245.6,5710.52,4880.34,32.5466
1.64334e+06,1.18358e+06,833064,588110,361214,253268,855728,434759,811636,14332.9,5090.4,133822,32937.4,17431.5,8702.71,4257.82,32.5475
1.81642e+06,1.32598e+06,821921,442415,296110,210319,844745,341213,777958,7948.65,4411.32,31672.1,55938.8,34780.4,7153.9,5950.31,32.5479
1.35781e+06,857950,949575,776603,544975,369556,884805,548682,849239,14216.3,3394.19,76893.4,50677.6,15666,10085.1,7966.6,32.5544
932205,686536,814703,493869,432718,355857,729593,427733,692772,4443.34,3601.98,12159.3,12168.9,961.387,383.437,1401.66,32.56
1.51463e+06,1.09951e+06,826529,417414,327475,256013,767481,341974,732360,14932.5,3657.47,27090.5,36564.5,18564,5414.67,3889.36,32.5663
1.52419e+06,880419,1.03872e+06,1.12451e+06,878413,563218,935779,779119,865983,16641,3497,209089,60137.5,27328.6,10501.2,10918.7,32.5666
1.20195e+06,641554,1.1241e+06,648636,525580,312613,1.00875e+06,438142,888255,11225.9,1400.61,41606.5,65348.2,32542.5,6392.06,4143.73,32.5674
2.72609e+06,1.84372e+06,887145,608498,346353,238780,870306,453298,805428,15164.6,470.545,322757,40122.1,17092.8,7025.51,4093.36,32.574
1.77463e+06,1.24103e+06,857982,429923,232721,162827,857553,331382,778419,9485.66,3205.31,28232.4,27972.3,17967.4,7484.39,6306.82,32.5777
1.89617e+06,1.18564e+06,959567,729087,479006,321683,893438,572526,764074,5452.32,1600.49,98805.4,64482.8,63700.4,9703.44,6091.38,32.5847
792217,535239,888071,695312,531647,365522,872692,514061,811551,8015.03,2720.57,201874,30651.3,13471.8,8023.11,5638.48,32.5868
2.12815e+06,1.44454e+06,883941,518795,398028,280096,852624,403734,770996,10618.3,3633.62,29805.7,48524.7,33264.2,9492.8,5793.38,32.6005
1.00748e+06,729977,828095,395847,267174,197852,810222,314395,755445,4325.34,861.97,93034.5,19047.3,11100.5,4304.07,4340.03,32.6011
1.3287e+06,973601,818834,582664,392941,291942,807573,456052,766575,3571.97,-3.09753,71002.1,36025.9,25051.1,4182.98,5596.38,32.604
2.26297e+06,1.57815e+06,860363,669473,552561,389280,851667,494129,812912,2422.99,1122.87,240289,47097.7,63561.4,10534.6,5688.29,32.6042
1.48373e+06,1.17699e+06,756369,454552,328670,253632,777511,376133,725092,10613.3,25.8101,50802.1,20918.9,11896.8,5434.52,3469.13,32.6085
2.74579e+06,1.81717e+06,906615,527880,349264,223845,936178,355875,889997,10665,2927.38,55357.4,76053.7,45622.1,10805.4,8788.37,32.6127
2.11019e+06,1.57498e+06,803892,391529,358170,274738,782206,311205,754864,8343.16,941.879,50079.2,60420.3,34539.8,6157.05,6879.66,32.6139
1.37726e+06,1.08687e+06,760307,564820,350300,276690,759623,467883,724310,4711.88,1199.25,63858.5,26899.7,15159.4,5091.31,6087.46,32.6215
1.80628e+06,1.40795e+06,769746,435686,357310,239479,895219,337001,775700,4120.59,1809.17,1.05497e+06,34334,4286.99,3735.48,2599.83,32.6318
1.78648e+06,1.30427e+06,821833,592430,487064,360981,809568,468451,758795,8259.51,1969.66,632726,55793.2,20707.2,9271.03,5505.29,32.6334
2.671e+06,1.62486e+06,986302,688404,448295,302181,890119,497528,830189,13007.6,2248.35,59368.8,140576,28209.1,8213.28,9801.07,32.6339
2.03347e+06,1.46926e+06,830406,573983,391621,286968,818811,461307,746552,8449.23,2722.62,30734.5,81079.8,36990.9,7667.3,5806.27,32.6356
1.19388e+06,840841,851920,804429,517079,335241,925447,577919,835164,15170.6,4209.35,56183.9,35570.3,36196.5,9120.69,6400.72,32.6359
1.58343e+06,1.0996e+06,864000,449472,224784,162903,827917,366709,735415,11023.3,2210.34,45033.5,22707.4,11961.8,5096.44,4598.93,32.6384
1.15234e+06,743195,930317,1.195e+06,779757,513902,910396,848698,844823,11817.8,3067.08,108153,37983.3,36333.9,8503.22,7321.64,32.6397
1.49094e+06,1.17845e+06,759104,494976,398161,289815,824307,381685,778091,9422.92,1716.45,112407,49521.7,19174.4,7998.64,3938.67,32.6401
1.48313e+06,1.09696e+06,811222,567818,374363,283937,791082,447451,761403,9314.57,1086.01,139439,22867.9,10601.9,6218.86,3876.49,32.6406
1.84733e+06,1.47659e+06,750644,323516,208473,168143,743913,268597,722680,6134.77,-912.009,26385.1,50885.5,24056.3,5968.38,6219.09,32.6438
1.98351e+06,1.18543e+06,1.00395e+06,1.41485e+06,797324,505695,946013,993918,854102,18983.6,4243.12,195038,102982,48901.2,12318,8658.66,32.6475
2.35401e+06,1.76127e+06,801925,422144,370529,277825,800206,340344,744206,10828,1701.4,35400.1,35023.8,20789,6716.79,6873.89,32.6551
1.5446e+06,1.05098e+06,881807,575310,415745,291429,855944,463666,744471,5091.75,-47.0388,213818,37650.2,35651.1,10021.3,8540.17,32.6814
2.02898e+06,1.37884e+06,882907,658302,460146,308612,894610,475362,830907,19735.8,3025.61,31337.5,83174.4,35341.2,12459.2,13468.6,32.6823
2.24003e+06,1.76335e+06,762194,350835,264890,207322,766605,295064,713408,8746.16,1438.67,61984.2,28168.9,6507.41,5041.99,7377.4,32.6871
1.09491e+06,790952,830573,520081,297849,224310,796707,423314,737156,6438.39,315.195,185800,16561.8,9206.26,5889.58,3116.72,32.6874
3.14588e+06,1.85888e+06,1.01541e+06,1.13317e+06,905233,573803,946561,778776,873041,17912.5,1528.65,235304,48676.1,26818.9,12027.1,10549.7,32.6885
2.11056e+06,1.52854e+06,828462,503494,406394,298614,816561,397267,760437,8810.67,552.568,25519.2,81436.5,35280.4,6994.52,10269.1,32.6887
1.90467e+06,1.52026e+06,751718,358250,225465,179909,751931,306254,701868,8951.54,1025.92,34669.4,27352.7,10910.8,4243.29,3875.91,32.6939
2.15004e+06,1.55835e+06,827815,556139,357871,256368,837556,420597,793356,10893.6,3771.33,27190.2,43145.6,26903.6,6951.6,5907.66,32.6958
1.30881e+06,998867,786174,721713,470370,346693,814040,560469,772617,8799.28,2827.43,52074.6,49654.6,15717.7,7871.64,8119.03,32.699
1.9109e+06,1.35304e+06,847379,455186,328955,229126,861417,356620,765833,12870.9,1206.13,23465.6,84287.3,16495.3,9304.16,5697.12,32.7001
2.53749e+06,1.49377e+06,1.01923e+06,669501,380058,214269,1.06424e+06,417229,962782,17537.3,3178.97,100816,42505.8,22710.5,9560.4,6108.66,32.7028
1.81902e+06,1.27192e+06,858078,467411,280931,204862,822791,380251,737530,9678.76,1648.5,28590,56388.2,45648.6,7346.52,4399.36,32.7056
1.10748e+06,783534,848062,506835,295480,212284,835145,403266,754096,4882.1,500.644,51255.1,19258.2,17840.3,3924.11,5278.95,32.7059
1.90011e+06,1.38492e+06,823196,573536,482928,349571,828893,442219,778170,19207.4,2468.29,201220,40362.6,27737.8,15055.7,4500.8,32.7093
2.16808e+06,1.43948e+06,903689,770834,517219,339749,913413,565251,818221,10661.8,4647.48,117576,90839.6,100329,10719.6,5136.65,32.7139
872798,450088,1.1635e+06,667796,499051,264049,1.134e+06,385528,1.0393e+06,7999.33,1707.73,90894.9,47322.5,36501,9286.22,7189.17,32.7169
1.60712e+06,1.19046e+06,810002,585240,432360,302833,856631,442786,793033,10182.5,2862.78,229759,50056.1,21067.9,10074.3,7171.23,32.7185
1.63924e+06,1.22761e+06,801188,517551,376921,264121,856246,394990,786173,7936.79,307.386,43232.5,61632,15326.4,6447.96,4680.3,32.7192
2.17724e+06,1.42916e+06,914066,716454,428172,269276,954052,511634,840195,26648.2,1036.48,60208.5,52845.5,30112.4,17402.3,6514.81,32.7217
1.84054e+06,1.38899e+06,795052,437575,347715,265373,786172,347983,754477,8983.71,1930.26,109782,45137.4,16968.4,6554.82,5098.05,32.7308
1.35995e+06,1.02376e+06,797031,585334,393495,298335,791382,466854,752270,8575.94,1876.51,142625,26612,15237.3,6351.51,3448.9,32.7315
1.66866e+06,1.26969e+06,788535,609468,461076,352514,784780,485585,753072,4830.23,333.449,863680,32606.2,12160.9,9245.04,5098.11,32.7379
2.23714e+06,1.71612e+06,782163,381099,216003,173244,748088,316865,721630,8114.39,441.147,37590.7,38624.2,18739.2,4975.59,5063.71,32.7384
1.24444e+06,885914,842819,603472,453929,315495,863270,475666,761213,9368.4,1452.27,142271,30842.3,34031.9,7544.26,4682.24,32.7456
874217,598637,876208,456501,378547,269552,842615,349245,784265,7074.38,1707.84,44123.1,26033.2,7545.73,5400.83,4782.76,32.7489
1.64833e+06,1.09e+06,907335,553289,317584,236489,805747,431181,769917,8431.71,2459.4,31443.4,23378.9,30937.3,7880.01,5182.6,32.7526
1.73929e+06,1.31021e+06,796490,535171,315472,231542,817490,430612,745689,6034.96,1125.93,36654.5,62550.3,22323.7,3934.08,5968.25,32.753
1.58923e+06,1.16327e+06,819708,463421,309121,229737,807327,361299,769591,11898,2920.36,65243.1,56022.7,33828.5,6776.07,6043.38,32.7596
1.73992e+06,1.32453e+06,788169,443140,232266,167848,830271,351679,756042,10127.7,701.065,32055.3,33798.8,23831.5,5855.13,6985.72,32.7708
1.97562e+06,1.51674e+06,781528,408730,295605,224334,790619,332690,737137,10832.3,2806,13107.7,43520,18325.8,6461.22,3478.51,32.775
1.01254e+06,738427,822730,443205,208871,151199,828860,361037,736554,14080.9,424.718,113803,35539.1,23295.1,4987.34,4218.93,32.7774
2.02857e+06,1.56084e+06,779798,469087,378236,272739,832084,365426,770203,15758.6,1451.38,254451,31017.5,19335.9,6880.67,9823,32.778
1.56173e+06,1.05673e+06,886731,594801,455083,324405,841695,480292,743049,7812.96,2136.43,53851.1,30795.2,19907.2,8046.95,5012.84,32.7782
1.5163e+06,1.06998e+06,850277,558569,389225,290252,804593,469043,714522,6921.03,872.823,49093.6,38130.5,13872,5028.13,3503.22,32.7787
1.64995e+06,1.23988e+06,798443,474581,434533,325270,801549,379183,750953,8858.16,208.812,58532,32057.8,17030.9,4413.03,3870.78,32.785
2.10931e+06,1.61536e+06,783472,282307,236490,186377,761327,243177,696548,6734.01,532.13,57855.1,23270.8,15358.5,4037.89,3386.47,32.7912
1.47158e+06,1.0656e+06,828595,709813,564802,427864,792031,563206,756185,11556.7,2515.76,106288,38054.6,35562.9,7206.37,5549.98,32.8091
2.21858e+06,1.61338e+06,825072,652193,390730,272609,859979,494382,791525,8719.68,3559.53,56514.9,35449.9,15573.3,7672.71,5199.29,32.8483
1.67995e+06,1.17873e+06,855131,584807,355357,262817,811265,480579,730128,5941.43,1779.67,35777.8,35263.3,30932.3,9099.69,9292.29,32.8506
1.05318e+06,733169,861884,943466,641709,406494,947186,653944,865639,10604.7,3039.92,100581,67024.9,81056.9,9628.35,6221.02,32.8542
1.67237e+06,1.09882e+06,913183,685219,549312,349528,942949,493955,832325,17970.9,4794.83,60087.3,45360.6,30897.8,10727.1,7244.52,32.8584
1.82734e+06,1.25335e+06,874781,527242,342734,238591,861895,403783,783454,12405,5004.93,39369.9,43229.3,11084.9,7724.82,4724.09,32.8597
2.23907e+06,1.67286e+06,803079,433224,376240,306447,736649,371028,700579,5639.58,420.444,56214.8,42516.9,17493.5,5239.83,4358.01,32.8629
1.76681e+06,1.25124e+06,847227,587404,386676,280329,827619,443258,795117,14873.4,3239.08,40433.8,62226,17221.2,9305.96,4304.18,32.8647
1.87145e+06,1.20378e+06,932787,724907,513140,329629,934033,522613,832249,24528.2,1583.09,62901.2,35930,21239.2,13083.6,7668.43,32.8697
1.66865e+06,1.054e+06,949898,922960,516259,357945,865372,685948,807315,15805.1,3967.05,110204,50702.6,19600.7,11075.3,8262.45,32.8701
1.68569e+06,1.22562e+06,825224,547993,374093,258572,868058,407194,807467,8981.32,4725.89,127778,42394.8,19846.9,8861.79,7128.85,32.8729
1.59449e+06,1.10994e+06,861931,594717,373176,263339,850257,464437,768307,10126,2088.22,33180.6,34231.9,16517.8,8065.15,4316.25,32.8737
1.08651e+06,733059,889292,687298,549587,352028,936721,501206,822773,11486.2,3389.04,56598.8,27152.2,33300,8030.49,8159.04,32.8742
1.84243e+06,1.3829e+06,799374,567073,333480,230491,868094,428075,794823,19210.6,1538.64,268562,36358.1,17129.7,7212.38,3726.77,32.8742
1.84724e+06,1.37512e+06,805998,528934,432793,314375,826007,428410,740787,17613.6,-287.261,152660,36213.7,31074.3,6196.22,5268.64,32.8742
1.60529e+06,1.17777e+06,817795,440362,278111,199235,837536,339155,779045,13256.2,265.176,63093.7,22186.2,13417.7,6476.09,5060.64,32.8788
1.19991e+06,895127,804296,560538,332125,240194,829641,455794,737884,7958.59,1046.17,49919.5,36343.8,22467.9,6177.6,3996.74,32.8836
1.22955e+06,867422,850487,1.21961e+06,1.27676e+06,999842,766178,949985,770291,15641.3,2445.46,95278.8,88815.2,52498.7,7915.5,7560.61,32.8879
1.41897e+06,934914,910655,758002,608659,403316,905482,548812,828702,9922.35,2181.69,241010,40115.5,31839.2,13625.8,5665.34,32.8879
2.37102e+06,1.70494e+06,834407,573854,462642,344625,805470,453685,758924,10118.2,2290.55,28958.5,99136.4,49590.5,11014.8,6923.12,32.8911
1.37055e+06,939042,875709,612375,478688,331924,865296,474747,773939,9821.98,450.147,79444.8,26910,12745.3,6413.37,6384.04,32.897
1.36036e+06,982256,830960,542976,375516,266505,845423,414372,786216,12204,2263.16,111170,51835.6,24765.8,10174.8,4388.3,32.9011
2.48823e+06,1.69148e+06,882622,546805,446053,323605,827033,423043,775531,4423.99,48.5283,106370,66905.6,69938.2,7226.43,5192.27,32.902
1.25788e+06,869579,867926,589790,372184,263607,847133,454704,778252,8688.98,463.953,144107,39659.8,35204.9,5532.51,4984.62,32.9037
1.34321e+06,987017,816529,489348,273824,195455,840575,394527,744205,2933.12,3507.7,1.30993e+06,11996.3,5641.26,5098.45,3982.95,32.9098
2.57646e+06,1.75543e+06,880624,526081,336993,244898,825633,404831,779705,11416.1,2381.7,61588.6,36586.4,41248.9,8023.97,5458.48,32.9112
1.65269e+06,1.24463e+06,796715,430219,309312,234725,790659,350505,736455,8636.56,-535.252,67146,73419.6,24745.7,6057.35,3856.29,32.9162
1.47992e+06,1.09038e+06,814351,566680,467684,334868,837973,441880,769458,9222.89,1125.97,234443,40891.2,17671.1,7585.4,6382.87,32.9215
2.09713e+06,1.48326e+06,848322,409076,346888,261810,794976,327634,749146,11638.4,-504.438,53403.2,93872.1,36693.1,4696.65,6557.38,32.9232
1.32245e+06,939610,844470,863221,500417,355092,845557,656820,788546,12630.6,2463.21,139926,45393.8,36055.4,10653.3,6725.12,32.9278
1.64287e+06,1.2269e+06,803428,520543,319229,228594,837892,406328,768654,9914.42,2528.03,52676.3,28557.6,18460,6240.02,3417.84,32.9305
1.91032e+06,1.26953e+06,902849,1.13061e+06,819818,502079,979707,756841,896313,10583.9,3208.81,542446,66707.1,66447.5,10478.3,9289.5,32.9325
2.4121e+06,1.64777e+06,878315,519484,348142,251281,831282,417953,745754,5785.4,1445.72,40753,42984,24886.6,8772.47,6861.05,32.9389
1.51156e+06,1.09394e+06,829051,500191,298681,223237,802772,424280,707351,11421.5,68.751,89548.9,41456.6,10482.2,6055.25,3904.62,32.9401
2.05651e+06,1.55459e+06,793718,702990,458310,346335,793989,557750,756242,6416.4,1554.71,122844,60534.1,53443.3,5734.01,5892.38,32.9425
1.63402e+06,1.23052e+06,796747,620037,635772,531165,718163,496377,749475,5308.71,853.155,113128,30962.9,22742.3,5660.26,7963.68,32.9426
2.31101e+06,1.65928e+06,835667,675279,540050,375421,863111,488539,829345,9749.52,882.868,105022,52213.1,15624.2,7710.29,6519.55,32.9427
1.70479e+06,1.25779e+06,813228,485606,337367,261716,773435,414911,702232,5799.1,1924.33,29754.4,25651.8,8037.12,5278.52,2735.94,32.9508
1.80219e+06,1.38429e+06,781132,484593,341121,245002,835393,370145,785519,11572.9,1650.99,132999,37344.1,17075.6,6577.1,4847.13,32.9592
1.67535e+06,1.15579e+06,869718,632315,404648,272689,890351,468611,809604,11033.8,3693.14,45412.8,47748.9,24610.4,13772.5,5303.34,32.9612
1.58712e+06,1.17896e+06,807721,518321,354200,257656,824821,414023,751148,10524.4,20.1403,104632,48440.2,21744.9,6307.13,3780.73,32.9649
770415,559672,825929,513149,375230,270099,833538,382668,804587,8698.12,330.696,23666.9,44721.6,30226.5,5824.46,4921.71,32.9769
1.66118e+06,1.3232e+06,753258,457516,358973,273389,787829,373739,734495,7493.73,125.73,599841,25041.7,16677.1,7195.81,4437.98,32.9811
1.55854e+06,1.05259e+06,888406,680155,578207,397661,872412,494969,824482,11994.9,1897.23,43287.1,45286.4,25239,9865.73,5622.55,32.9844
1.75089e+06,1.39003e+06,755762,440160,351068,260387,808952,349723,755158,13585.5,760.586,114996,32615,14747.4,5645.96,4708.54,32.9921
1.49326e+06,901129,994263,587812,472516,297691,952362,382599,921820,11922.1,4139.03,54175.2,39861.3,17625.7,9177.91,5941.87,33.0045
2.40151e+06,1.49312e+06,965034,789156,662812,447112,889458,554111,854510,16118.5,2409.4,33749.1,68065.9,36159,33877.5,10270.1,33.0062
1.40607e+06,976916,863580,700497,556196,396419,841830,548777,765881,8693.87,2422.28,124132,53585.6,20566.2,9145.51,6223.2,33.0089
1.2799e+06,871611,881061,634926,344076,240667,857806,496401,767435,7857.28,2433.27,43878.4,44256.9,35206.9,6479.72,6017.19,33.0112
1.46545e+06,1.07368e+06,818932,474628,287082,221067,779171,388553,732916,3700.19,1653.9,25300.4,31775.2,10934.6,7862.64,1888.16,33.0115
1.66597e+06,1.13503e+06,880667,626063,335231,230734,871734,476487,788349,14791.6,2997.96,91405.7,36428.9,14996.7,7970.44,4296.27,33.0116
1.29753e+06,913380,852349,594061,496923,373323,798648,479303,743656,6210.19,634.414,45443.9,24986.9,15094.2,4481.61,3539.23,33.0151
1.70038e+06,1.22319e+06,834069,621954,548919,399169,825092,467932,797492,6984.94,3943.3,29894.1,25153.2,26742.2,8272.58,6753.21,33.0161
1.46042e+06,1.03927e+06,843140,501094,248115,180665,824005,401829,748220,6292.1,1936.91,60048.1,51566.8,24163.2,5721.85,4648.71,33.018
2.11595e+06,1.5485e+06,819867,827669,536297,402415,799618,662794,749254,12328.2,3433,64813.3,32537,11278.2,8430.36,6783.29,33.019
1.53188e+06,961608,955825,768753,535348,353628,908324,545137,846121,8774.95,595.958,166246,69188.9,32689.1,9266.26,5449.16,33.024
1.88812e+06,1.4221e+06,796620,500194,386845,285618,812648,397050,755866,12476.5,4664.17,46099.3,38384.9,9862.01,7154.9,4160.95,33.0285
1.95786e+06,1.43679e+06,817599,488132,300153,210827,854217,375097,780809,12872.2,1912.69,117767,71663.8,8416.31,6749.59,5845.56,33.0355
941819,624601,904724,577411,299553,207921,864424,451553,767234,9549.67,2043.83,247411,48535.6,24956.5,6479.3,4024.54,33.0418
1.04318e+06,760775,822724,570893,298637,218655,819475,450924,759630,9793.15,2918.25,72616,34818.7,16930,7327.02,2748.44,33.0443
1.40841e+06,1.05297e+06,802537,455415,379327,288332,789355,378314,722282,5148.69,-78.2886,30329.5,34840.9,14902.8,3935.55,2979.5,33.0492
2.09059e+06,1.60466e+06,781692,400790,255510,180903,847448,312834,768695,19919.8,140.882,63595.9,33231.5,13256.7,16434.7,2254.88,33.0517
2.31005e+06,1.60564e+06,863222,547276,404740,285425,850815,426775,769411,9192.05,2360.8,51942,139819,14602.8,8547.09,6064.64,33.0595
1.50983e+06,1.17538e+06,770728,461682,409973,302740,812525,362471,764224,7015.65,1003.68,28351.4,31336.1,18286.3,5293.13,3669.27,33.0596
1.06779e+06,820435,780899,408971,294978,231779,763601,338864,724132,4908.22,-70.4596,129694,25778.4,18114.3,3847.75,3322.84,33.0597
1.87321e+06,1.06081e+06,1.05949e+06,429498,397466,258757,921636,305718,842929,2707.14,1312.18,15318.1,15888.2,5699.59,3958.2,2297.4,33.0613
1.60282e+06,1.12553e+06,854437,586436,419588,296798,848230,463887,758507,7632.69,2399.61,102450,48581.7,25095.7,8638.66,4564.28,33.0618
1.71054e+06,1.25545e+06,817494,518489,342314,247423,830110,399006,779671,5396.72,1772.61,47413.9,27261.2,8194.56,6724,4213.27,33.0659
1.6904e+06,1.27744e+06,793963,483345,328039,238757,824367,380332,762511,15789.2,971.801,51226.5,46540.9,16929.8,8549.89,3623.37,33.075
1.80784e+06,1.17143e+06,925969,608774,451658,300288,902450,443036,824458,10760.1,754.686,132992,70194.5,25481.4,6821.67,5838.23,33.0754
1.59417e+06,1.22336e+06,781864,453589,277233,202956,819586,367357,740842,6784.16,1533.11,50932.7,31286,13284.4,5333.16,6231.68,33.0782
1.54716e+06,1.12948e+06,821877,416596,215785,159264,812932,337135,741417,6033.87,1263.17,31645.9,24372,20877,5968.86,3179.67,33.0791
1.33046e+06,915128,872310,575114,376411,262719,859650,461399,747874,7957.88,1748.69,61038.4,73780.4,12926.6,5503.4,5032.6,33.0797
1.86235e+06,1.38766e+06,805247,437872,369427,274936,806210,337340,778808,11674.6,1561.2,71260.8,35122.1,21200.3,6286.37,5668.53,33.0797
1.58873e+06,1.20689e+06,789831,427003,369191,290877,761541,350529,730900,5000.26,2205.22,52692.1,32444.8,19797.5,6778.05,4696.13,33.083
1.22498e+06,808060,909568,685970,587568,417268,844879,526761,781345,11757.4,3538.79,81399.6,46657,22299.8,8751.74,6130.41,33.0872
1.92461e+06,1.4556e+06,793326,415579,337985,260109,779638,336233,741592,14237,3588.38,64495.7,26910.2,6079.96,5967.63,5143.29,33.0928
1.5874e+06,1.08205e+06,880218,947474,655223,459938,854754,722633,786685,9640.22,2470.03,42694.8,59354.7,19021.1,7553,8633.82,33.0965
2.06578e+06,1.36828e+06,905859,609740,382558,247552,927218,464514,787585,8945.08,3963.72,29106.2,31257.4,22809.2,6983.61,5145.1,33.1002
1.78258e+06,1.29518e+06,825792,495045,249055,187630,796425,409925,724589,4591.9,-439.681,124221,65039.9,53052.2,4405.26,5355,33.1054
1.86559e+06,1.3647e+06,820221,490909,336250,243189,829602,380191,774730,14239.2,3510.38,64740.5,41258.1,22156.8,6613.47,4180.37,33.1083
1.25578e+06,781898,963642,373659,256792,165221,932538,256041,875622,8019.9,4066.41,34931.2,25477.4,7999.48,7574.15,5168.66,33.1111
1.14945e+06,787984,875231,472226,266395,195326,818310,377022,751509,9605.46,544.327,15209.9,20882.1,19292.3,5281.6,4315.62,33.1122
1.80461e+06,1.41629e+06,764510,401921,311238,233826,798641,325604,740632,7689.65,1495.61,57455.4,39697.9,14200.7,6516.36,3459.16,33.1125
1.31229e+06,960597,819673,479605,302000,219481,825585,391808,734449,4440.23,-317.603,116662,30070.4,16254.1,3955.26,6926.02,33.1154
1.55208e+06,1.08258e+06,860211,583387,358120,254822,843225,471506,742371,11944.9,836.092,91910.5,66126.9,44556.9,6993.38,4505.98,33.1157
1.80034e+06,1.29293e+06,835473,567596,453248,312425,870445,451732,753893,10049.7,1980.97,59267.6,34639.7,36560.6,5841.83,4742.34,33.1162
2.18384e+06,1.36196e+06,962073,857953,520714,338655,922556,628573,818953,9307.41,678.655,74595,31629.6,38032.5,6725.64,4631.78,33.1211
2.12154e+06,1.58918e+06,800996,399071,332321,240425,829333,320837,746305,10727.2,615.417,77486.5,39437.9,12004.7,5115.38,4134.33,33.1231
1.71765e+06,1.24385e+06,828550,603678,543107,395425,824086,475752,761335,11217.5,2618.12,50206.5,37042.9,25715.8,10137.3,3756.35,33.1255
1.79743e+06,1.26685e+06,851292,525454,382223,256370,894542,393908,800370,17100.7,4281.22,15063.4,41568.7,23892.7,12296.2,4409.62,33.129
1.85669e+06,1.37299e+06,811377,406591,299896,224585,801201,332688,733284,9572.33,3482.45,54400.9,38599.8,26273.7,6769.83,3640.86,33.1319
1.72563e+06,1.26012e+06,821648,526050,399378,290975,823530,420296,750970,15785.2,-480.514,65335.8,53320,22848.1,7714.27,4830.4,33.1353
1.6305e+06,1.18989e+06,822177,598647,381233,292245,782699,490525,732252,5735.65,1153.66,54268.7,69437.8,58414.7,5264.54,6401.21,33.1361
1.60426e+06,1.17818e+06,816985,418331,269196,205688,785257,339172,740033,6804.65,397.503,116609,34888.2,4551.9,6281.41,5918.94,33.1365
2.26667e+06,1.54673e+06,879274,775373,528986,364279,871287,578150,804677,23600.4,4047.06,111590,44387.7,25838.3,12651,5754.19,33.1399
1.49867e+06,1.09985e+06,817573,702734,617277,450736,821693,549644,767115,14885.1,322.105,63418.8,76986.4,21027.2,5379.66,9729.5,33.1514
1.28261e+06,947564,812153,468241,384761,292403,789514,376231,746734,4204.27,521.333,52260.4,22470.9,15972.6,4312.11,5848.6,33.1526
1.65167e+06,1.1333e+06,874435,764968,630585,455657,830342,596072,770009,14304.8,4630.13,58719.9,42862.6,18417.2,10826.9,7656.18,33.159
1.75691e+06,1.42881e+06,737777,333012,270906,224420,724284,292315,683535,4613.63,1206.26,1.05726e+06,31243.1,2479.38,2118.18,1683.82,33.161
962058,652597,884519,474763,312707,225229,833038,365880,778556,15087.9,386.132,110305,35022.8,18219.6,8743.44,4020.18,33.1639
1.41975e+06,976439,872406,800104,665377,465725,857215,612751,783454,4458.07,4012.68,59074,27000.9,37245.1,8940.71,7139.51,33.1654
895990,520008,1.03382e+06,570666,431440,285761,905875,412285,830492,7023.48,2502.79,57842.5,32590.8,20878.9,5844.4,5809.22,33.1751
1.44783e+06,910799,953776,591640,434661,280874,928518,417213,850847,9556.59,3356.97,221232,71565.9,84093.5,7369.33,4650.85,33.1839
1.1896e+06,842069,847628,430245,247791,171601,866396,341485,755953,8575.87,1177.8,100429,29164.1,8242.13,6708.28,1944.93,33.1862
1.49472e+06,1.14652e+06,782226,445344,360139,278941,774655,372177,717955,3567.68,671.63,107247,27136.1,10576.3,6074.41,3743.85,33.2052
1.87335e+06,1.46025e+06,769738,469648,303056,223433,813816,372161,757170,14724.9,2573.94,84967.7,28647.7,6079.74,5655.01,5386.4,33.2053
1.70576e+06,1.28205e+06,798297,471633,276979,210045,791198,385227,734579,15021.6,1114.02,141711,39751.6,15722.1,7292.94,4752.82,33.2071
1.20837e+06,806651,898806,681083,522727,369984,847701,506928,806130,14989.2,4402.32,76605.9,50110.5,30112.2,8847.45,4853.29,33.2083
2.5034e+06,1.64566e+06,912730,695750,467938,323728,867280,509173,819859,15815.2,1434.53,295827,142233,60521,21231.9,14522.1,33.21
1.62521e+06,1.21666e+06,801476,504405,380569,296989,768854,410507,737242,4939.7,4664.47,72529.2,34918.3,18568.4,8977.78,2476.46,33.2137
1.50237e+06,983505,916539,592116,487584,365406,800618,480031,740097,7551.52,1584.61,68345.7,46315.5,39302,6847.58,7501.96,33.2152
2.25232e+06,1.73752e+06,777772,311292,203603,148223,824178,242788,769294,6435.76,634.681,57634.3,29290.5,10158.3,7735.95,4130.08,33.2191
1.83014e+06,1.33686e+06,821388,494925,408424,293978,833582,388720,763931,12326,1006.55,149232,43136.6,14803.7,6985,5150.85,33.2207
1.15588e+06,884966,783675,509903,290535,215881,807486,416525,734510,5554.1,230.933,52070,22317.5,22386.5,6297.32,3167,33.2219
1.95607e+06,1.51539e+06,774482,376280,255376,196279,780653,309849,728639,8858.4,254.743,52525.1,26420,5782.87,5250.07,4027.93,33.2347
1.81854e+06,1.36610e+06,798711,556780,440402,329850,801095,425331,785431,18454.2,2109.27,125668,33572.8,21879.1,7771.28,8408.27,33.2392
1.98995e+06,1.46087e+06,817297,502875,435771,312969,835426,388190,777262,6707.87,2082.06,217685,56579.4,11212.7,6876.2,3506.8,33.2399
2.12051e+06,1.45027e+06,877290,874614,717479,497308,865635,634033,827667,13564.2,2280.24,63032.8,92298,51934.8,9997.15,12533.7,33.2625
1.53299e+06,1.09212e+06,842208,931528,943368,633750,893129,489366,1.14212e+06,12913.9,3619.94,125952,44293.9,28065.3,6843.99,5070.41,33.2642
1.40985e+06,1.00926e+06,838148,596278,492626,346774,852357,442045,809345,19537,2180.04,108602,45590.1,31854.8,9898.46,5376.5,33.2658
2.0099e+06,1.50018e+06,803861,518197,411435,299012,825588,394220,788692,9706.91,3961.78,22763,29598.2,9574.31,6837.88,4649.39,33.2672
1.28177e+06,903750,850964,619370,449303,332244,811396,496135,749034,6335.82,778.32,30483.7,33171.9,17040.5,4617.81,3657.56,33.2685
1.82238e+06,1.523e+06,717943,218613,146505,130854,671765,208414,629363,884.408,2742.78,1.91137e+06,8369.52,882.603,1212.2,1659.24,33.2724
2.22418e+06,1.73711e+06,768238,417623,295992,235390,754472,338623,739979,6304.59,-147.225,69101,65078,38029.9,5316.6,8729.99,33.2871
1.1083e+06,823766,807245,414649,222262,171357,778243,338157,735721,4257.66,1159,99594.2,24279.9,9652.64,4588.56,3734.47,33.2891
1.47261e+06,1.02024e+06,866038,458477,254123,175751,867554,349253,787642,16815.6,2453.67,33192.3,41230.9,17986.9,6358.4,5640.28,33.2893
1.43696e+06,911066,946338,432082,245971,172283,856629,343981,753674,5062.14,-223.243,46862.3,47876,53725.1,6577.5,4782.61,33.292
1.05169e+06,759062,831308,465021,253170,182908,830485,361860,771051,6028.55,271.07,61096.8,23854.7,14024.3,5747.35,3230.85,33.2943
1.52326e+06,1.13663e+06,804092,294454,195970,134555,873860,219735,804026,6224.12,-519.571,23509.2,26868.3,17540.6,4708.19,3135.72,33.2958
1.51841e+06,1.19935e+06,759621,421451,243890,185353,789487,336555,751350,7820.81,-404.319,168449,26707.3,17312.9,5919.91,4404.5,33.2959
1.6466e+06,1.23162e+06,802163,585587,433509,326074,797688,463055,758770,10038.6,1001.14,220498,68474.1,25579.8,8339.13,4399.38,33.3179
1.38734e+06,971767,856589,521740,379171,269487,844207,419944,745442,8929.76,2717.78,49188.2,36670.3,21937.8,6860.37,3993.04,33.3229
1.83656e+06,1.30397e+06,845064,587604,358414,258316,832501,461357,764186,5002.65,1853.4,119104,43726.2,13566,7071.25,5104.64,33.324
2.10811e+06,1.47825e+06,855652,901507,664957,440293,906156,624797,865728,10369.7,2833.61,112862,59313.1,31093,13053.4,6647.4,33.3252
946729,682171,832691,446477,296228,225697,787502,358167,747937,6417.2,234.372,244815,43322.7,14923.2,7994.76,2794.37,33.3275
1.33703e+06,996422,805097,474210,396148,302282,786314,373150,762498,7146.81,305.071,76862.3,34999.2,19201.8,4649.32,5312.03,33.3345
1.50937e+06,1.08608e+06,833843,514798,306974,217260,847759,413410,747149,13091.5,3147.08,44731.1,48668.4,42619.5,7234.44,4947.27,33.3377
1.64678e+06,1.23977e+06,796978,387438,234278,177969,789840,320479,725361,4905.42,346.492,39398.9,19621.3,13290.2,4173.31,3930.12,33.342
1.56973e+06,1.18699e+06,793465,519480,324624,246427,790393,411820,756854,9640.67,2855.15,79245.2,25210.2,20400.9,8021.96,4487.6,33.3426
1.70943e+06,1.19536e+06,858034,419090,231495,164641,843634,344234,730475,11838.3,2322.26,30436.6,39915.4,14668.5,6052.82,3245.42,33.3447
1.34759e+06,922900,876103,296748,194122,132830,876857,225865,788298,7031.63,1021.19,103023,25601.5,4819.4,3127.45,3715.15,33.3459
1.35803e+06,954670,853508,437758,249408,175853,850965,353277,743481,5634.37,2171.11,30397.6,27584.8,10613.3,5290.37,2935.16,33.3469
1.98131e+06,1.41852e+06,838049,740032,534976,364244,881237,549743,807685,9706.55,2800.84,71625.2,46389.7,41145.4,8019.65,5619.44,33.3503
1.13174e+06,823311,824772,501651,430619,323309,799146,405797,741728,6674.17,559.736,85442.8,35126.5,27035,7277.23,3198.01,33.3534
1.53578e+06,1.04548e+06,881382,494570,258895,179779,864043,388085,764632,9054.87,1482.86,58888.5,53544.5,40964,10682.9,4125.28,33.358
1.19118e+06,875102,816717,508865,351883,259812,812626,399645,763975,4793.41,1547.56,206922,50367.6,21274.9,7083.04,3756.87,33.3636
2.09908e+06,1.50872e+06,834777,577106,445543,321948,830338,459876,752949,13494,1012.53,131456,108340,50233.5,7785.81,6357.35,33.3656
1.32287e+06,884420,897449,795275,499804,347923,861922,596658,799729,9572.23,3667.34,65659.5,94522.7,21798.3,8887.91,3594.73,33.3668
1.79348e+06,1.33255e+06,807545,472713,232918,174855,799237,388384,730276,4922.04,384.062,64833.9,35804.9,27194.6,6049.84,7023.68,33.3687
2.08348e+06,1.3892e+06,899862,755960,463988,330581,842132,584772,775646,8212.76,1530.82,65787,150033,26560.5,28321.1,7318.23,33.3688
1.89509e+06,1.34444e+06,845742,435618,392878,302537,779167,360026,725978,6660.97,599.312,70553.4,54492.6,27911.3,5968.97,7840.04,33.369
791918,532077,893011,492658,372136,273541,816263,391037,755925,6227.1,228.118,564440,55806.5,29680.5,6122.75,5022.08,33.3694
1.5547e+06,1.2764e+06,730819,198768,124544,95227,784719,167427,712317,3164.76,363.466,103273,14419.8,5821.49,2717.68,1552.66,33.3779
2.07565e+06,1.51276e+06,823260,564073,424411,311344,817895,444023,762221,19045.3,2855.53,41642.7,48241.2,69699.3,8112.2,4314.93,33.3808
2.32093e+06,1.82770e+06,761917,606569,411700,305102,809631,475300,765709,9169.2,1595.7,47201.5,75591.1,21028.4,8171.02,5996.57,33.3875
1.19981e+06,883414,814890,587208,453329,317742,856032,444666,792335,12899.6,1895.59,82390.4,35243.4,11604.2,6347.55,6442.67,33.3892
1.48338e+06,1.0276e+06,866119,714022,603400,442285,818567,559367,765889,11760.1,2744.86,32970.8,40014.8,26315.1,7850.83,6527.02,33.3905
1.14853e+06,852557,808294,502796,310210,233045,798670,402939,748693,4935.36,972.714,11971.8,30686.2,30266.1,4056.61,4352.16,33.3907
1.05159e+06,776451,812613,506968,317204,260990,729232,424993,715732,6507.8,-185.648,275685,28935.4,17999.1,6585.51,3285.4,33.3926
1.01965e+06,665491,919311,398241,233251,155104,902303,297333,803625,8131.88,2430.86,66019.1,33256.5,7461.92,8437.36,3325.59,33.393
1.78641e+06,1.38835e+06,772029,417955,315315,244004,775351,342536,732108,8899.48,3701.8,26493.9,55757.2,32692.2,10461.4,3703.79,33.397
1.74583e+06,1.28206e+06,817041,548389,375729,277732,811708,429594,765917,12912.1,2164.43,47862.1,40167.4,18948,8851.82,3845.34,33.4021
1.59995e+06,1.14671e+06,837155,465417,327189,248016,791536,383084,728953,8880.42,779.339,57339.3,34054.2,17015,7962.39,4130.91,33.409
1.72333e+06,1.20447e+06,858466,521742,330290,235457,841657,415637,753170,5832.92,2331.18,32608.3,39197.6,25074.7,7246.58,6512.26,33.4095
1.23303e+06,835873,885087,571979,343679,243553,846664,461506,743626,11048.4,3413.27,59376.8,29177.7,19728.3,6613.52,3499.95,33.4125
1.74575e+06,1.22133e+06,857633,534482,292258,204476,857580,415289,772207,7770.35,3035.57,46218,18685.2,27338.7,8765.57,5182.46,33.4169
1.34666e+06,933878,865205,707320,479627,346064,831570,578692,733364,7096.89,70.7462,65691.6,35710.1,26573.1,5328.09,4056.49,33.4175
2.1185e+06,1.48697e+06,854826,552312,331574,237345,838209,429953,770752,11899.6,3161.42,51057.1,45352.7,48174,8214.54,7528.43,33.4185
1.67324e+06,1.27537e+06,787176,383183,252919,190679,795846,310309,740906,10961.1,1100.73,49158.8,42498.5,10351.4,8121.5,4229.94,33.419
1.21754e+06,866096,843466,524392,333129,239995,832839,414567,758948,6818.89,2106.6,21347.6,26417.2,16652.1,5338.04,5096.13,33.419
2.08509e+06,1.67065e+06,748843,307824,210008,160686,784166,250200,738186,10187.9,775.323,29996.9,36905.8,6655.26,4632.51,4900.47,33.419
2.22624e+06,1.56482e+06,853610,743152,548389,373216,881617,543283,820735,16875.7,4205.85,34509.9,40133.4,22475,10632.8,11996.2,33.4231
2.34864e+06,1.58004e+06,891864,628282,483977,334066,869247,478178,788345,12889.7,1621.3,56853.6,41394.8,12279.2,9993.94,2943.55,33.4245
1.46997e+06,1.0384e+06,849362,504707,302728,211918,857108,374974,807588,8968.68,3405.52,56004.6,63602.2,30061.2,7895.51,5694.62,33.4266
1.46844e+06,1.13236e+06,778077,622448,477987,370118,774867,497183,751169,5282.85,4833.24,136586,45919.3,18055.8,5888.01,6889.96,33.4268
977451,638812,918064,528428,379589,252114,903374,395007,802662,4689.3,618.702,38827.7,38549,29284.9,5004.57,4815.19,33.4291
1.71157e+06,1.28039e+06,802056,482265,348296,260074,803530,379557,762360,11115.9,2162.03,92432.2,36098.8,11284.8,9239.96,4481.62,33.4324
1.90946e+06,1.2465e+06,919114,964279,758382,474843,958273,688932,839803,11867.7,4548.21,115312,59051.1,17996.4,10842.4,7084.1,33.4347
1.45545e+06,886686,984869,705951,613301,388739,946601,488328,867390,12443.4,3988.35,31154.4,42555.1,22225.2,12169,6552.23,33.4422
1.25499e+06,884369,851445,713611,539709,389968,830389,570412,750627,8311.83,829.212,456074,44001.8,19238.7,8155.29,7310.93,33.4423
1.30491e+06,832466,940513,528052,334796,251088,800028,430481,735994,11257.7,2629.7,93038.6,30584.2,15897.3,7436.88,7432.69,33.4466
1.21699e+06,888425,821898,497207,307611,231521,797191,406318,734213,6300.77,192.005,96954.5,35028.2,21140.3,6503.47,3757.32,33.4505
1.36354e+06,864953,945862,685189,389880,249621,937134,465081,883961,7279.59,1669.99,123862,53859.1,64114.6,6819.46,4006.75,33.4693
1.52017e+06,1.16494e+06,782962,469331,399051,311607,768374,385883,729751,2966.63,284.531,56181.2,19838.3,21643.5,6232.36,3468.88,33.4705
2.05432e+06,1.501e+06,821184,576072,387631,280476,829229,442803,780580,6147.42,2083.82,48130.1,43017.5,38416.6,9086.25,7300.64,33.4777
2.64617e+06,1.90944e+06,831505,441449,228364,151438,904782,300118,882550,4081.73,1037.32,38839.4,24994.3,41277.1,7937.54,3997.34,33.4788
1.84046e+06,1.34363e+06,821863,390566,323529,244631,793511,315242,743365,13429.3,1156.13,54559.2,41706.4,26939.5,7003.37,5261.39,33.4805
1.84379e+06,1.43125e+06,772947,455380,318401,225505,847168,341487,800112,9656.41,876.547,142817,48148.1,25401.9,7594.64,4524.91,33.4859
1.24888e+06,901041,831627,506968,378535,279133,813665,413063,736402,7970.03,1279.78,32277.3,27335,18259.8,4264.6,3658.3,33.4871
1.78941e+06,1.09578e+06,979796,724740,404834,250961,967881,503036,864439,6000.03,2474.17,145363,52277.8,49150.6,5152.84,3772.97,33.4875
1.66425e+06,1.27947e+06,780440,347481,298960,228760,784124,293662,709961,4872.03,542.485,48283.1,27389.8,19599.6,5380.09,3737.46,33.4889
1.20041e+06,921425,781667,536461,344378,248112,832796,415369,774917,4002.74,1750.67,200886,42454.9,11651.1,5608.54,5338.98,33.4934
1.59067e+06,1.14037e+06,836923,486036,378950,267345,850475,350109,832945,10774.2,2360.42,101347,38339,21842.4,8981.26,6443.41,33.5
1.38678e+06,1.0374e+06,802075,610794,489162,368020,797504,516358,709733,7947.29,1467.57,26295.8,32538.9,16148.6,5261.02,5385.57,33.5032
1.58405e+06,1.14531e+06,829847,389302,218778,141884,925171,290013,805416,4120.54,1164.04,63973.3,20625.5,18099.5,4577.5,2317.39,33.5086
2.52115e+06,1.57921e+06,957881,795772,622941,408502,914964,550523,867290,8887.79,1279.95,64826.7,79936.8,43843.3,10820.6,8903.39,33.5126
2.19868e+06,1.28909e+06,1.02336e+06,627570,310970,185995,1.00316e+06,415291,906695,13833.4,2580.28,31725.8,69200.9,41248,9422.26,7032.31,33.5155
1.4343e+06,978323,879648,784929,585147,405372,866089,591446,796281,7969.48,-52.5264,226516,113120,103420,7874.17,8454.23,33.5165
1.85934e+06,1.31825e+06,846275,491465,425689,310788,821825,387754,760480,4679.4,934.118,95725.6,71592.2,45637.3,6302.88,5637.09,33.5224
853674,488292,1.04897e+06,791425,463376,287180,968124,573297,828288,7981.94,2971.56,38607.8,27777.7,12900.5,6434.03,4388.47,33.5225
1.78718e+06,1.28622e+06,833691,650945,548740,378787,869207,475891,820707,14996.9,749.337,210048,46225.6,25352.3,9872.76,4684.43,33.53
1.90134e+06,1.07757e+06,1.05868e+06,886089,661202,418868,947126,623485,852712,8821.96,4756.8,64323.5,57159,69273.9,10303.1,8789.53,33.5383
2.03187e+06,1.40024e+06,870649,578054,307756,221750,832710,472172,734546,6084.88,331.677,68282.7,76278,27558.8,4527.55,4098.03,33.5415
1.25281e+06,924377,813180,602230,371454,275831,808002,482419,749013,7097.19,3561.27,26924.7,48716,18847.8,6675.94,3497.47,33.553
2.54817e+06,1.87854e+06,813878,569979,412728,303514,815899,444525,769332,6297.26,955.408,75460,35722.2,16911.8,6595.45,4447.88,33.5584
1.65813e+06,1.13134e+06,879376,596583,313512,221218,850325,461317,775930,14270.8,4773.96,39971.4,43911.4,19362.5,12518.3,3708.46,33.5595
1.65697e+06,1.17198e+06,848295,658812,619519,454169,818443,503318,785363,4603.21,2490.11,211586,47505.9,22709.4,8440.46,10161.5,33.5624
2.04835e+06,1.50278e+06,817820,473685,335787,247270,814786,388953,730707,5193.57,-331.579,71210.6,72309.2,50806.3,4558.61,6720.63,33.5648
1.70948e+06,1.2923e+06,793688,447836,387649,308743,753343,372171,721984,8778.32,-388.705,51505.5,56046.4,22033.3,4080.07,6165.37,33.5655
1.50486e+06,1.17484e+06,768540,502458,376716,289658,780333,407946,739006,9377.71,787.375,47864.3,35072.7,20046.4,5608.99,3566.33,33.5656
1.77386e+06,1.20214e+06,885351,622643,329818,210396,940564,457126,817249,6085.51,1884.94,139023,28525.8,13007.8,4639.97,3901.39,33.5686
1.90771e+06,1.29096e+06,886652,588605,465724,319411,874843,439406,803728,10722.4,3409.71,31363.2,49794.5,16322.8,6418.87,6974.81,33.5867
2.44708e+06,1.74196e+06,842869,604182,404945,275155,883019,426179,850604,17392.8,2936.54,31107.1,52474,19045.7,11341.3,6537.94,33.5875
942800,593051,953847,419977,244520,153075,958431,289877,869286,5140,1012.99,78435.1,28835.1,15767.7,4640.45,3937.69,33.5895
2.59488e+06,1.8823e+06,827139,545670,368822,263302,840453,420224,779114,6552.41,2000.85,78858,47824,30192.7,7087.5,7216.59,33.5976
1.86402e+06,1.13929e+06,981672,492804,265124,161310,986140,328208,900899,12661.3,2356.29,64690.1,38440.4,36055.5,7053.73,5119.88,33.5987
1.97695e+06,1.4892e+06,796516,457350,368975,273598,809161,375869,730068,5888.05,1958.09,85916.6,47090.6,54760.1,8093.3,2798.54,33.6041
2.39206e+06,1.5234e+06,942130,704654,599116,398427,902222,504024,838834,12263.5,1001.24,110588,60258.3,37999.9,7372.77,12218.5,33.6066
2.20155e+06,1.44626e+06,913340,759945,680114,450626,905559,530221,859956,15791.4,3445.9,30248.1,65660.4,26225.2,10664.5,7452.25,33.6068
1.86514e+06,1.27669e+06,876550,226471,174317,124184,842222,177846,764045,14030.6,99.1403,129120,34774.7,16536.2,8823.33,2136.31,33.6128
1.97741e+06,1.28872e+06,920639,1.01715e+06,689587,436754,947334,714852,853727,10276.9,5086.86,136146,44703.4,22822.5,12371.8,8622.17,33.6132
1.82948e+06,1.38482e+06,792660,484680,409744,303736,809407,396240,733918,7049.69,813.525,77797.4,47010.8,17796.5,5181.69,6843.99,33.6136
1.77122e+06,1.26052e+06,843085,600626,441912,303146,874653,448917,802766,12166.9,2228.41,123481,54953.3,20033.1,9527.33,5643.02,33.6221
2.00444e+06,1.5768e+06,762724,407344,279965,226836,740531,347570,703187,5310.76,664.288,147298,49411.4,18855.9,4786.67,4155.87,33.6271
2.45524e+06,1.56833e+06,939309,759773,408609,256365,956313,540546,843339,16602.8,2707.84,113394,26091,22760.6,8689.11,6469.88,33.6292
1.73058e+06,1.19214e+06,870995,549986,283510,202190,841318,436629,755771,8839.57,1783.05,29627.3,37101,28132.4,5981.86,4902.73,33.6382
1.98636e+06,1.49668e+06,796308,325109,250997,188471,799053,271688,717976,7620.35,754.893,46316.3,30162.5,5110.42,5045.74,2931.16,33.639
1.82296e+06,1.27823e+06,855697,740543,469216,338484,831736,580240,765762,5941.16,4891.21,471950,33114.4,17188.6,7459.49,5546.37,33.6485
941396,666252,847784,596962,457127,324620,844915,470499,761271,16178.6,3051.89,42802.3,34463.3,28613.1,6321.71,5752.41,33.6601
1.61478e+06,1.09764e+06,882686,564531,411132,283598,869820,417651,811008,12195.9,3153.32,67226,38335.6,16619,7725.63,6266.17,33.6615
2.10064e+06,1.49326e+06,844046,559505,323555,229003,847731,422122,795275,16441,1230.74,58530.3,37154.1,19616.6,6997.76,5178.86,33.6632
854462,606576,845198,504944,482961,357163,811328,396963,763211,5460.2,1859.39,21847.2,12943.5,2206.71,646.587,2878.33,33.6655
2.29273e+06,1.76949e+06,777422,362721,205396,161887,761259,305406,712601,6815.57,735.274,20903.1,55647.3,36045.1,5767.91,5905.36,33.6661
1.84613e+06,1.37193e+06,807386,673747,440285,307063,860316,510438,791963,15499.3,1120.31,88349.8,57978.4,45580.6,11176.9,3608.38,33.6669
1.83366e+06,1.31025e+06,839681,513861,332595,254800,783191,428424,719653,3830.93,449.565,57639.6,49297.3,21702.8,8324.05,5923.79,33.6742
1.54398e+06,1.11085e+06,833950,624863,414356,277598,895588,472225,793938,8304.88,2034.09,223828,51387.6,17352.6,6445.27,5008.84,33.6767
1.65401e+06,1.15306e+06,860672,541914,290676,216872,804188,444401,731656,6696.23,1977.01,32138.7,36887,29388.1,5241.16,7497.5,33.6814
1.69846e+06,1.2386e+06,822766,533544,365792,247696,886066,401543,797241,9700.12,1421.7,116129,57679.1,12513.5,7336.59,3786.62,33.6825
1.28073e+06,896251,857394,654192,337120,240691,840380,500379,784436,7779.37,3294.88,27453.1,22889.6,24347.4,6059.07,7154.59,33.689
2.4833e+06,1.62199e+06,918612,937920,532637,341572,935622,666829,843923,10307.4,853.977,224947,167438,41271.9,8685.46,9439.03,33.6904
1.85841e+06,1.27614e+06,873763,512472,320474,228873,840134,398899,770830,7879.82,2623.25,24059.6,52608.1,51222.5,7634.56,4222.83,33.6925
1.26136e+06,731503,1.03461e+06,655052,460595,306181,902594,454056,865601,7974.77,1423.47,58871.4,70734.8,37903.4,8845.96,8617.83,33.6942
1.75842e+06,1.32306e+06,797434,428325,334271,242386,827451,335311,766438,14930.9,1283.05,117782,42761.5,11056.1,7190.29,3220.86,33.6958
2.1436e+06,1.51094e+06,851230,469707,387521,284151,818271,376613,748312,10553.6,2406.94,37807.6,74947.1,35952.6,6749.88,8788.79,33.7018
2.48737e+06,1.61145e+06,926140,796419,624190,420734,890144,582318,820602,8845.33,3182.18,29877.7,62121.2,42802.4,8099.75,8595.88,33.7053
2.52417e+06,1.82002e+06,832136,391125,244313,186139,787517,321511,729914,8285.66,775.569,28202.3,51329,24182.4,7526.22,4228.81,33.706
1.94168e+06,1.4741e+06,790320,369323,334248,255001,786464,295629,749567,10279.9,3660.9,26048.4,36500.4,24770.8,7682.16,5228.49,33.7134
1.33986e+06,937316,857679,464148,306632,225499,815877,375571,741508,5215.82,1942.65,22131.9,27466,10411.8,7994.07,4351.79,33.7142
2.26012e+06,1.72428e+06,786459,518374,306536,231000,796198,421632,737668,7703.2,1935.25,53411.1,56444,49540.5,10149,6853.95,33.7184
1.36568e+06,978550,837370,556085,301077,214565,841917,432474,771494,7046.6,2205.63,65366.9,18927.5,15007.2,6393.81,4205.19,33.7186
1.82243e+06,1.36465e+06,801271,437072,376531,284146,795079,344283,761708,10788,2583.4,26178.4,35942.7,22150.8,5866.15,5824.69,33.7258
1.66558e+06,1.18617e+06,842498,484324,363205,253838,858511,382711,759306,13607,2287.99,48697.3,27346.1,23320.8,6808.88,5263.44,33.7333
1.47539e+06,1.01278e+06,874064,566448,307876,220393,838164,439869,772659,15592.8,3624.22,33519.9,32799.5,22215.4,7668.42,6315.17,33.7456
1.41887e+06,1.04188e+06,817100,539538,351445,254291,829236,433026,747583,6306.96,75.7083,111376,28733.5,13613.8,4371.86,5295.13,33.752
1.16616e+06,758880,922011,638855,441909,298620,887903,460309,832730,13800.3,1503.81,120874,49262.7,30268.3,8742.04,5348.64,33.7544
1.91468e+06,1.24459e+06,923041,626557,433990,280546,928169,451851,831987,17506.7,3872.86,84826.4,40154.6,23028.5,8432.15,7021.97,33.757
1.88976e+06,1.29273e+06,877104,672125,387829,280864,828506,519833,775778,9221.47,1234.49,39928.5,54318.1,59732.4,10163.8,8353.56,33.7606
2.10751e+06,1.47716e+06,856038,632353,431807,309904,836015,491373,772146,8981.11,1804.53,47791.5,32856.9,28544.5,7785.12,3698.98,33.7664
1.60472e+06,1.11769e+06,861446,463499,403179,298170,811308,356834,779352,19464.9,4261.98,44119.5,39936.6,17426.6,9366.8,5436.12,33.7685
1.49466e+06,1.19645e+06,749548,614179,448848,371468,724985,535053,688730,6245.76,-364.189,465462,38948.7,20703.5,7933.51,3923.3,33.7698
1.93969e+06,1.42699e+06,815573,400031,295425,224914,788101,334533,717474,9349.19,1421.26,25414,44608.1,16814.7,5287.67,5750.37,33.7705
1.33261e+06,882930,905579,657297,449669,280154,963047,441618,893030,11567.6,4116.55,27489,29092,25816.2,11905.2,4919.74,33.7792
1.8282e+06,1.31282e+06,835545,498641,312086,216647,864316,381786,783646,9661.45,3052.21,62297,28422.2,14736.5,6927.91,3875.08,33.7831
2.01262e+06,1.39704e+06,864380,509213,426678,315976,810209,405503,753454,8156.93,2066.45,28408.4,61318.5,48716.2,7571.05,6573.97,33.7836
1.36937e+06,1.15236e+06,712992,412330,265030,209108,760459,345478,716104,8240.61,-631.566,1.03759e+06,18953.4,17524.4,6597.21,3737.71,33.7909
1.87101e+06,1.41284e+06,794577,411792,299571,231645,775939,333821,740142,6035.86,-320.919,71110.1,81811,39507.2,5218.19,6559.19,33.7918
1.97385e+06,1.60878e+06,736155,390793,319389,257419,744442,331509,707298,10221.4,-222.62,1.11659e+06,57284.8,11731.6,3993.98,3176.51,33.7942
1.50161e+06,1.01001e+06,892037,796092,583360,364660,959842,547601,872269,12444.3,3912.34,255404,44171.6,23277.1,10845,6732.69,33.7943
1.01992e+06,659728,927578,641982,482226,331267,873421,471616,816743,10679.1,1790.01,249173,60162.5,18090.6,9618.3,7492.17,33.7954
2.09893e+06,1.36623e+06,921780,798608,471330,321646,879222,564221,849251,5593.76,3869.48,103368,43213.6,34894.5,8619.72,4373.37,33.7994
1.92358e+06,1.45432e+06,793599,441926,340617,255841,798817,354659,747635,8202.03,3281.63,54182.6,53892.5,18598,6325.73,4946.37,33.7998
1.49315e+06,1.0427e+06,859206,876089,531398,369468,862966,667922,786999,7847.6,4385.8,60164.3,50112.5,34021.4,5541.87,5315.85,33.8001
1.38664e+06,980827,848245,563528,375451,272346,827148,452497,747224,7729.76,237.549,36882.1,34794.2,20288.2,6600.98,3435.65,33.8035
1.94094e+06,1.43108e+06,813763,400581,258501,186374,832202,319888,751352,11690.8,2937.12,35706.1,37138.3,22410.9,5403.6,6064.23,33.8122
1.84885e+06,1.25374e+06,884800,800344,442875,289413,918151,570697,841438,14819.1,-251.823,60872.2,113855,82442.5,10547,10735.1,33.8155
1.56397e+06,1.15672e+06,811243,516257,365981,262308,837139,407466,760197,13541.8,3102.92,56491.8,37619.3,19651.2,7594.15,4203.89,33.8258
1.47915e+06,981337,904369,580689,391667,270323,869331,443662,785313,11051.6,2935.74,69400.5,34631.7,24684,8230.53,5014.33,33.8263
1.67534e+06,1.22317e+06,821805,573363,344827,251040,824155,457150,752528,10970.6,106.65,318707,51651.9,22786.1,8614.62,2651.98,33.8284
1.83678e+06,1.21779e+06,904976,935122,732047,500110,878263,693663,808856,14160.1,2223.14,58130.8,54957.4,40208.5,10776.6,6703.34,33.8288
2.12274e+06,1.64626e+06,773657,415886,355104,271968,783409,331900,751827,5631.21,1037.41,60939.5,57641.6,15570.2,5433.9,4489.46,33.8333
2.04893e+06,1.2639e+06,972668,845025,480957,316954,910461,605489,837364,36889,4264.59,30157.6,163290,81362.9,9981.77,10576.1,33.84
1.73863e+06,1.17958e+06,884362,1.06092e+06,984593,728357,811080,827365,769374,18545.7,1282.03,462959,130104,50471.4,13496.1,8202.27,33.8413
1.25917e+06,901658,837906,539564,324701,238155,818041,441551,733185,5934.41,1271.24,120851,31732.4,14838.9,4610.99,3495.52,33.8431
2.11724e+06,1.64549e+06,772016,429526,356903,277413,771923,353653,728725,8936.03,779.5,27449.6,30360.5,14912.3,5838.58,6089.91,33.845
1.41692e+06,927345,916762,693538,381913,272533,840808,533260,780338,9211.38,969.774,87594,49281.6,7049.3,5834.31,3725.38,33.8544
1.29609e+06,885891,877819,697215,454952,315780,864434,539494,775410,15572.2,2224.97,57504,36982,18466.5,6712.35,5249.31,33.8602
681183,463264,882239,485237,320560,217145,885748,368285,790535,4553.58,656.119,30302.1,35983.8,24198.1,5700.36,2868.52,33.8695
1.72142e+06,1.24149e+06,831949,538899,417727,308294,812978,427013,757212,11500.4,4732.76,30211.9,40028.4,11005.8,8999.51,6225.21,33.8767
1.25102e+06,799137,939281,505943,268535,178711,901572,383937,790666,14850.9,4341.8,31975.4,29394.8,20331.9,8026.95,3230.2,33.8767
1.62942e+06,1.23513e+06,791538,584062,497237,359413,830083,452280,774823,9978.05,1718.19,541080,35338.1,8696.9,9055.18,5432.85,33.884
1.5499e+06,1.07262e+06,866981,632391,349741,236466,887421,474506,799642,25730.7,5181.22,57815.4,35740.1,14082.6,9915.11,5066.41,33.905
1.12195e+06,669959,1.00479e+06,567305,307750,187652,984002,374708,908395,7949.42,817.414,18390.7,31605.7,13073.8,6139.18,4987.12,33.9076
1.43889e+06,1.15772e+06,745722,605429,453992,325970,835645,478337,759418,6295.94,2037.57,57719.8,43764.7,12048.2,5656.83,5499.77,33.9099
1.33172e+06,935409,854206,362343,212012,147633,861644,276824,785358,11694.5,953.706,55472.5,31784.1,13867,7780.1,4275.7,33.9139
2.44071e+06,1.78246e+06,821575,553585,310453,201921,922499,424939,781644,12045.6,-238.875,198729,49531.2,27993.3,7172.32,2935.44,33.917
2.03965e+06,1.64776e+06,742700,293435,215293,160694,803862,237556,741136,9758.12,164.861,115235,25373.3,12059.8,4698.91,4363.4,33.9191
1.57998e+06,1.13665e+06,834016,630695,370020,266722,832373,477797,792003,6817.43,5126.76,450168,25467.5,34918,7037.52,5303.96,33.9196
1.9996e+06,1.51078e+06,794132,497502,352859,250419,845444,372056,802303,24097.2,1020.25,98213.5,32052.5,18919.6,8965.92,6940.86,33.92
1.9304e+06,1.25602e+06,922152,955437,654126,409305,958883,647337,885570,23306.4,3139.84,241980,39782.5,27415.8,13005.9,8487.04,33.9203
1.99069e+06,1.25924e+06,948523,706943,366632,257322,854879,529571,800961,10700.2,2609.87,284211,129727,32511.7,8539.04,6187.37,33.9268
1.7696e+06,1.30165e+06,815707,510166,378297,267499,848520,389237,786410,6797.81,3514.16,38024.6,32326.1,36848.3,7855.08,8979.22,33.93
1.27572e+06,965204,793027,443445,253981,192109,793239,368478,722070,3988.31,46.9197,54643.2,16346.4,8925.87,4420.68,2867.93,33.94
1.04409e+06,725193,863845,565197,285567,204619,837363,453982,746986,8648.21,1031.61,86498.9,25645,21762.8,5836.62,4586.22,33.9474
1.9539e+06,1.43515e+06,816876,378820,328932,242805,812829,306704,741080,7431.23,293.104,100003,35435.8,16650.3,6042.61,3889.66,33.9512
1.71431e+06,1.35157e+06,761030,329039,208235,164411,759932,275363,716958,7788.78,955.012,76117.8,23779.7,8803.93,3334.91,2534.78,33.9575
1.83288e+06,1.37568e+06,799404,683161,507547,366464,830991,517516,792046,11936.1,988.107,245125,64355.6,29986.1,9485.65,4806.35,33.9658
1.56451e+06,1.13121e+06,829828,480374,379138,273306,832336,379302,759881,9931.9,1777.09,57503.5,31950,18690,6967.34,4187.53,33.9765
1.98614e+06,1.49128e+06,799101,484290,372103,264938,842694,377178,770390,12934.3,1559.78,138658,58743.2,24094.3,8642.67,4415.18,33.9824
1.11339e+06,801803,833165,785593,609377,421609,867216,586614,803520,10986.3,-38.3066,68986.4,64152.7,50006,9708.36,6387.65,33.9864
1.20056e+06,855945,841570,685775,525876,376674,837662,530766,775229,10697.1,2562.19,36016,34579.6,21552,8866.16,4527.65,33.9896
1.5752e+06,1.33011e+06,710558,230272,160248,135075,711816,202742,681472,2298.3,166.746,960836,17549.5,3994.64,1757.4,1639.64,33.9953
1.74341e+06,1.15084e+06,908942,595202,402453,264207,913950,426485,837359,13992.8,3349.98,52802,41845.9,18883.1,7636.92,7977.98,34.0008
1.53396e+06,1.13054e+06,814097,471497,303834,217687,837442,382851,738925,5106.73,1255.39,135132,43680.8,12983.9,5724.15,3491.16,34.0015
2.14548e+06,1.4407e+06,893518,607942,359582,243588,885714,453877,803666,9620.16,4866.97,26265.8,80034.2,52524.1,10264.1,6145.76,34.0093
2.17839e+06,1.68254e+06,776826,379894,273437,217177,755430,305077,747143,14384.9,260.967,31775,39857.1,19722.1,7422.69,6815.89,34.0096
1.2662e+06,890620,853025,637199,334299,234941,853744,505219,756740,7659.81,2007.19,101638,32027.2,9901.54,5615.73,4665.66,34.0143
2.16705e+06,1.58596e+06,819838,592692,401246,291306,826443,458444,775701,13775.3,3253.31,110494,42940.9,48005,9250.56,8311.54,34.0184
811538,465617,1.04576e+06,721990,512152,299070,1.02749e+06,474567,912819,17161.8,2259.45,40882.4,48274.3,25756.6,8984.92,5021.84,34.0197
1.18074e+06,868187,816003,585623,308212,219819,841270,460699,762697,8185.7,3438.31,55961.8,34302.2,12309.1,5755.37,5811.2,34.0199
2.34969e+06,1.48987e+06,946265,1.06701e+06,811296,535700,908675,758273,844292,13078.2,4230.39,54881,128869,60233,14360.5,8434.32,34.0218
1.36099e+06,1.03387e+06,789839,435232,240242,173240,832056,342502,762446,9675.61,2878.39,55036.2,27501.6,19995.5,5710.68,3351.09,34.0254
1.71061e+06,1.26037e+06,814338,500358,442593,330733,802931,397129,755963,8612.98,3640.9,199627,25330.8,13044.4,7195.31,5306.05,34.0316
1.53195e+06,1.16024e+06,792225,659219,481539,332205,869715,500952,789559,9568.75,5596.12,36469.3,44571.6,27683.4,7693.83,5229.35,34.0333
2.01555e+06,1.48264e+06,815663,536560,488087,330106,887146,387440,830932,20546.3,1701.43,60469.2,68541.2,30495.7,9046.78,4614.13,34.0336
2.25681e+06,1.65516e+06,818098,422407,285309,210566,812977,321292,788828,15799.3,3874.55,27229.9,37582.2,19623.2,12117.6,5757.27,34.0452
1.67969e+06,1.31415e+06,766897,437150,278474,220616,757353,364977,718648,6331.96,1149.13,64356.3,35240.3,10371.5,4409.88,5499.8,34.0454
1.58357e+06,1.07576e+06,883229,714438,552774,398783,831691,558334,767754,24455.5,4359.5,87109.6,55105,28293.7,8663.7,5326.63,34.0459
2.00514e+06,1.49854e+06,802837,427083,389115,301064,775479,355199,721426,5896.26,1749.31,32892.3,46837.7,8320.86,7036.53,7940.3,34.0487
1.27733e+06,923688,829715,469170,280682,198051,850333,374291,752094,3635.53,1081.22,55141,21067.1,7952.47,6363.24,3314.57,34.0575
1.45375e+06,1.12785e+06,773369,591352,435846,321243,814048,461082,769518,8503.88,1539.84,100321,70817,23935.2,8103.29,4930.35,34.0594
1.73539e+06,1.3057e+06,797451,499582,393501,281767,837929,375034,799258,18726.9,5412.56,26639.4,32998.3,10959,8074.28,5990.44,34.0665
1.75805e+06,1.231e+06,856888,826211,505805,398584,761403,685276,723397,2690.12,2075.22,923193,52448.1,8075.27,9617.88,2407.22,34.0677
1.09781e+06,770043,855392,761210,600846,417572,863343,572311,798038,8435.21,488.841,68530.3,37638.1,36668.5,5164.22,7087.98,34.0843
2.04072e+06,1.55037e+06,789769,393986,295465,227946,777724,320010,738700,7466.32,1522.32,45248.4,27805.5,14214.2,4777.84,5056.08,34.0867
2.03955e+06,1.52857e+06,800569,339988,286403,210548,816164,270321,754633,17612.9,1369.72,38673.7,28474.1,16457,5581.32,4197.69,34.0926
1.8127e+06,1.21521e+06,895008,621443,314938,221444,853322,484296,769913,11510.5,2541.62,33502.9,63764.1,33981,10071.9,5443.75,34.0939
2.16538e+06,1.51624e+06,856872,467730,327879,239650,820895,373450,751474,8707.04,1256.91,29230,66746.1,28683,5781.97,5154.96,34.0956
1.30221e+06,943405,828199,530138,477737,358044,800578,426865,745161,11512.8,775.156,91520.1,25120.5,13031.9,6324.31,4073.47,34.0969
1.69316e+06,1.18374e+06,858213,726518,440775,303017,872773,555481,784745,7553.86,962.563,28978.2,48365.9,45065.4,5447.13,6632.86,34.098
1.158e+06,772075,899915,576301,433222,300217,865817,445494,776174,5975.31,1744.21,30631,39454.2,17943.2,4741.4,3880.35,34.0988
1.82862e+06,1.2866e+06,852769,628491,446014,330352,810071,513759,733991,10001.3,4111.59,26387.4,28685.9,16371.2,8511.05,5248.79,34.1059
1.70341e+06,1.15543e+06,884556,580025,305473,220242,832192,446768,778961,5818.63,3338.07,255949,32719.6,35123.4,7134.48,5494.72,34.1113
1.67715e+06,1.19669e+06,840892,617762,460969,317737,870472,469655,789212,10140.5,3893.15,183068,46165.8,32100.9,7298.01,6612.3,34.1137
1.80866e+06,1.32969e+06,816124,551846,328416,241144,817144,435103,760987,17296.9,4780.73,33938.4,36413.4,16922.9,7033.74,5412.35,34.1192
1.93379e+06,1.30782e+06,887185,691292,560214,385685,871510,498076,832755,13424.6,4300.99,55012.4,49027.5,42845.6,9989.54,7857.65,34.1287
1.31176e+06,962222,817957,388248,274124,199219,825597,305702,762013,12039.5,-29.27,215076,28450.6,10268.3,5881.08,10120.7,34.1291
2.55473e+06,1.78859e+06,857010,641865,413630,267330,928357,454480,847384,34925,2783.23,22080.8,53728.4,24955.5,14327.5,8426.67,34.1428
1.32542e+06,940234,845803,746634,422214,306477,826582,601970,744191,5774.67,1557.44,33732.7,30370.1,16118.7,6268.26,3790.76,34.1447
1.87291e+06,1.36858e+06,821103,511610,316506,229505,827449,414940,739784,7666.19,2219.9,70935.9,35861.8,32220.4,6141.51,3738.88,34.1454
1.98758e+06,1.48934e+06,800725,477570,295589,213902,829135,383796,746601,17925.5,3313.65,30453.4,57970.9,17986.7,8084.86,5697.31,34.1458
1.16555e+06,745235,938399,678033,393786,262239,900979,501555,811116,9974.5,1055.46,102903,30278.4,15982,9534.51,6490.28,34.1487
1.77791e+06,1.39313e+06,765719,454051,341865,258388,793842,360440,755828,10150.5,-20.1862,41968,27528,13855,5353.5,4817.69,34.1505
1.7848e+06,1.17637e+06,910324,791776,622667,411524,907846,587138,809121,12631.7,746.721,747746,60147.1,35292,15343.9,6581.19,34.1552
2.19873e+06,1.43001e+06,922541,823294,668557,454116,883330,603672,818286,19187.5,3153.31,67360.3,60750.4,24025.7,10276.3,7298.63,34.1607
1.79919e+06,1.44377e+06,747706,487346,385566,313119,738824,415799,703243,9818.54,4555.89,498477,53202.1,19014.8,6009.58,3146.8,34.1822
1.95764e+06,1.42109e+06,826539,792129,604679,378168,959381,511014,930068,14701.3,3596.33,106943,55601.1,26687.4,13708.3,7873.28,34.1832
1.4904e+06,1.0614e+06,842513,617200,449266,333203,808996,507781,729290,5444.13,2499.34,114399,34605.8,11233.7,3935.16,5294.62,34.1916
1.56693e+06,1.08764e+06,864397,650119,560506,410355,819543,500792,778909,13119.8,3891.47,56834.5,39667,24376,11583.2,6258.16,34.201
1.94921e+06,1.4567e+06,802862,416993,273188,210850,777391,341752,732097,11653.9,4192.67,20117.7,30056.8,16586.2,6790.74,4759.08,34.201
1.94484e+06,1.34196e+06,869555,620359,530182,361867,879078,463019,803888,18472.9,2230.63,255455,54243.3,48492.8,10072.3,5957.57,34.2071
1.63259e+06,1.31582e+06,744444,400691,244302,193539,757371,344311,698248,4355.82,143.008,931040,30728.6,6463.67,3513.3,2547.74,34.208
2.57898e+06,1.69858e+06,910989,592731,393527,261729,902140,433366,820643,10919.8,2709.81,128485,69924.3,25381.9,7662.09,8637.18,34.2172
1.39693e+06,1.01099e+06,829042,496858,440991,331044,799273,403921,738052,5933.52,5080.84,82029.3,35649.7,13824.4,5963.98,5230.31,34.2191
1.99216e+06,1.39582e+06,856337,533094,422004,306486,826146,409945,780242,15448.8,2490.25,31602.9,80486.4,39096.7,6311.38,4803.42,34.2255
2.5715e+06,1.66231e+06,928164,374664,324639,210861,923752,262208,857329,5642.55,764.925,217666,33420,16101.7,5679.68,4069.46,34.2271
1.2237e+06,896667,818830,479473,395850,303644,782199,396568,725434,6101.81,290.806,60412.2,33577.4,13804.2,7059.29,4932.51,34.2325
2.12615e+06,1.45315e+06,877880,659770,592930,417908,851282,499830,791993,9410.86,956.678,74994.9,29360.4,20648.5,7430.96,8961.89,34.2333
2.23823e+06,1.71518e+06,782970,452474,321568,235260,820116,352181,770866,11953.7,1532.83,156413,35187.7,13435.4,6894.95,5974,34.2349
965061,609378,950209,586084,313385,211139,890555,435921,806683,6091.7,264.054,197672,29974.1,16082.9,8299.21,2877.17,34.2412
2.06291e+06,1.41918e+06,872158,574668,442222,326145,813544,455160,757538,3804.71,698.034,133760,57592.9,68639.7,6916.18,4675.74,34.2428
2.1324e+06,1.64474e+06,777896,461830,321868,241423,799927,358728,772446,12270.3,1479,56334.3,41804,21672.9,5465.6,6423.26,34.2443
2.65669e+06,1.6734e+06,952557,1.00356e+06,751363,483757,931909,714637,842574,17919.5,2361.67,108145,99460,72361.8,11859.6,10940.3,34.2458
1.43776e+06,1.04689e+06,824018,579366,377431,286444,790587,462388,751792,6096.51,2845.98,53820.8,30559.3,36485.1,6343.54,3840.99,34.2482
1.78074e+06,1.25849e+06,848987,573543,439113,315435,835253,449122,766219,5881.7,158.208,107684,63224.9,21795.7,6813.53,4661.09,34.2484
1.91814e+06,1.36372e+06,843933,614815,510644,360699,849424,472166,781269,7143.47,2797.68,33000.3,32037.9,17051.3,7854.76,7308.91,34.2511
1.82937e+06,1.32273e+06,829815,489013,405060,279300,870161,347257,844930,12786.4,2578.78,101604,76868.9,30358.7,5914.34,5097.69,34.2551
1.98296e+06,1.38305e+06,860256,512438,332111,245621,811277,408613,752454,8531.58,4690.06,54128.4,54814.9,55156.4,7775.27,5909.73,34.2557
1.0866e+06,825197,790066,412067,265477,208153,765235,341348,724305,2872.38,2103.7,121211,21122.2,4018.09,6765.32,2763.69,34.2613
1.21727e+06,934901,781219,573058,417033,307220,814464,456219,753661,8414.45,1470.23,56745.6,42402.8,23476.5,9072.57,2308.13,34.2621
1.52824e+06,1.1201e+06,818627,786780,625805,431978,869217,595595,792599,10143.2,2014.87,56429.8,34471.8,32614,10094.8,4779.46,34.2648
2.0877e+06,1.70725e+06,733706,293026,229870,190546,723826,252077,697468,6058.3,-134.366,256869,21236.5,17991.4,3367.16,4456.2,34.2657
1.33313e+06,1.05281e+06,759755,488149,361720,276396,785221,412424,710166,6089.55,-16.8189,216123,36282.6,14064.2,7720,3179.95,34.2688
1.7784e+06,1.39112e+06,767035,409446,300824,223474,807676,340517,721455,8709.99,2244.99,31280.4,33207.3,8871.99,5638.19,4258.99,34.2692
1.9766e+06,1.43656e+06,825558,554985,540168,428773,755879,452362,736116,5519.17,1614.07,130652,37181.2,25867.1,6241.86,4942.01,34.2703
2.50214e+06,1.80284e+06,832734,733746,614039,465711,791098,592958,742460,7916.66,1478.11,62947.8,64004.2,25258.1,7779.26,13539.1,34.2732
1.48389e+06,1.13534e+06,784201,368779,204609,155437,789809,304227,727310,6479.08,540.1,152883,25517.3,7122.16,6064.52,2174.12,34.2754
1.3502e+06,811874,997842,740977,578873,392291,885373,540122,823122,11519.6,2250.87,53344.1,64881.4,47213.5,7907.81,7069.5,34.2819
1.888e+06,1.23061e+06,920516,831349,610036,368303,993806,563671,884930,16609.7,3932.35,45763.5,67774.1,43814.5,10048.7,9200.06,34.2919
1.83169e+06,1.20094e+06,915128,562716,425416,281869,905562,389801,866159,14968.1,5245.51,22996.7,32973.1,13527.9,8439.49,9057.1,34.2928
1.92144e+06,1.41038e+06,817410,423841,271435,199700,815529,342233,743074,11102.6,2040.34,56413.7,33201.9,7999.11,5448.59,3597.2,34.2945
1.37502e+06,1.06311e+06,776036,418381,312644,236996,791516,337538,743704,7867.4,598.398,56245.6,27783.9,18586.7,5271.03,5359.23,34.2972
1.24794e+06,921878,812215,542674,503429,358474,842620,408668,796745,6871.15,500.542,49169.3,62525,38523.5,5869.52,3997.91,34.3023
2.30181e+06,1.45533e+06,948985,648248,479744,326140,882584,495252,785355,9941.55,3176.21,26899.9,31746.4,28080.4,8800.6,7734.62,34.3031
1.02768e+06,750121,822008,561571,438221,346962,757814,454772,740904,6416.4,510.253,108505,42109.1,14146.2,7195.22,4086.51,34.3097
1.20394e+06,866513,833642,531343,316538,218609,868778,400091,796833,8581.76,2366.85,131552,40480.8,18920.8,7130.82,4553.06,34.3111
2.09308e+06,1.29367e+06,970764,1.01401e+06,777800,468514,996085,670912,906830,28543.3,5077.73,106916,50790.2,26410.3,15312.7,7038.09,34.3117
1.93155e+06,1.27489e+06,909045,499414,385839,262909,880545,376672,795516,8810.31,3354.13,65502.5,37716.1,22764.4,7398.79,5405.24,34.3136
1.65052e+06,1.29519e+06,764608,361979,232006,178828,778421,306856,707783,5411.01,704.995,216255,17694.3,9953.67,4062.66,3305.35,34.3256
1.71798e+06,1.30512e+06,789802,458955,299847,218309,824098,363481,757599,15170.8,3823.83,70674.5,45051,23585,9599.58,3328.72,34.3354
2.05678e+06,1.56229e+06,789910,563285,394040,292371,808645,456897,739709,16473.8,3028.14,21683.9,44626.3,26075.9,6285.03,11128.2,34.3464
1.89686e+06,1.35885e+06,837556,684084,547814,377874,869837,527953,777437,10650.2,1923.12,136078,68070.8,32576.9,7294.79,6024.76,34.3511
1.01771e+06,750629,813483,379453,175747,138097,763581,316722,718839,5755.01,969.067,72982.3,13119.2,4770.9,4473.34,4354.03,34.3565
1.78701e+06,1.20353e+06,890882,537767,364272,248071,881051,393170,820663,13156.4,3105.79,37211.5,53667.4,33090.1,8296.32,9012.09,34.3642
1.16348e+06,850171,821118,346186,174062,128008,815862,283053,733827,4611.17,-250.981,28158.1,26416.4,13023.5,5523.91,2083.88,34.3657
1.1258e+06,827277,816510,515769,376636,276281,817941,404848,764389,12263.1,1032.01,112091,30758.8,24857.5,8675.29,4399.21,34.3674
1.44198e+06,1.10921e+06,780008,408272,323483,249513,777874,328824,744967,6537.35,1546.41,46168.1,27957.7,13061.7,5524.63,3155.42,34.3715
957392,545205,1.05361e+06,915416,682763,454777,900789,680604,807003,15331.6,2814.63,66732.1,65211.9,50466.5,10776.7,4973.06,34.3758
2.08751e+06,1.5382e+06,814271,477208,326743,234828,834848,368926,776104,11265.1,3670.8,60275.4,34029.9,18899.4,6521.14,6260.7,34.3825
2.67947e+06,1.87315e+06,858277,657234,501833,358465,839970,499479,789504,11773.2,1286.66,47683.7,71886.4,38629.5,8352.51,7246.06,34.384
1.95787e+06,1.32858e+06,884195,620573,476504,341362,837534,479185,777036,8141.08,794.898,59374.4,57141.4,31772,7392.34,8198.98,34.3847
1.55552e+06,1.17652e+06,793283,385192,203796,156446,781595,324973,711183,7144.47,-17.3347,62534.3,41328.2,18452.5,4375.13,3113.05,34.3886
1.90629e+06,1.2283e+06,931187,622796,444275,305917,871363,445530,838725,11455.3,2219.98,26557.3,47636.5,22596.3,7779.29,5548.49,34.3889
2.07501e+06,1.61835e+06,769308,402752,321698,234569,822866,322868,748451,13216.6,1093.65,108359,35861.7,12795.1,9855.06,4082.58,34.3893
2.11926e+06,1.61037e+06,789603,335354,285621,224837,762209,274761,732318,4298.45,2300.38,31960.6,22505.3,14957.6,4679.38,3935.85,34.3932
1.29987e+06,885482,880791,766804,542907,386113,843651,594906,773370,5753.38,2789,70564.5,30457,18786.2,7250.82,8199.16,34.3941
2.0089e+06,1.60393e+06,751493,364178,265346,201407,790478,293002,745751,8843.18,-542.276,54325.9,69850,33522.3,3811.11,7118.37,34.3951
1.52201e+06,1.05585e+06,864906,518356,415563,295548,843646,397074,783264,10791.6,2285.38,61725.8,49356.8,15080.5,6564.92,4271.99,34.3993
1.14191e+06,785147,872635,725846,442097,324181,818241,579172,751949,7193.9,3154.94,93923,25363,20218.7,6663.63,4694.59,34.4019
2.80954e+06,2.00417e+06,841110,472027,416465,311563,802018,376961,751315,16229.9,1822.06,56654.2,34363,7695.02,4117.36,4503.28,34.4049
1.47655e+06,1.17387e+06,754713,363592,263050,207928,759061,297903,732303,3958.65,-320.488,134512,30338.8,12392.9,3855.34,4938.3,34.424
1.9101e+06,1.3238e+06,865733,730922,644874,433533,892492,538861,813852,14099.4,1887.28,105720,100602,34724.4,10723.1,6924.17,34.4255
1.51951e+06,1.08905e+06,837154,617225,494251,367782,806321,495310,747683,9320.15,490.843,110471,30930.5,22763.3,5146.56,6495.53,34.4298
1.42555e+06,1.0818e+06,790653,606149,314979,233839,808195,514242,707234,9158.17,-186.76,84454.2,35209.2,24033.7,5986.9,2657.78,34.4359
1.73192e+06,1.29536e+06,802207,448361,378309,290505,781347,360548,746133,11205.3,2456.26,27248.8,38785.2,14121.8,7313.63,4246.92,34.4393
1.72698e+06,1.29529e+06,799970,396958,384782,283785,813536,308959,770894,16095.3,-447.899,60277.8,48903.6,25911.2,8016.93,3539.06,34.4464
2.25959e+06,1.58856e+06,853451,513458,346666,249304,834322,412040,747682,10694.2,1191.04,70773.8,37922,18954.6,7095.84,4338.31,34.4467
2.16347e+06,1.44960e+06,895471,726897,448081,310506,865840,548491,795161,11235,3639.62,95297.3,60507.4,13621.5,9453.43,6994.92,34.4547
1.41145e+06,1.03377e+06,819205,663816,482894,346830,835385,512093,777768,11498.5,1124.43,280960,33344.6,21987,8698.07,6232.44,34.4584
1.13874e+06,820092,833130,689617,462901,341609,813037,566014,731025,5298.25,3742.53,108845,30845.7,14368.7,7507.96,4545.1,34.4619
2.98071e+06,1.88579e+06,948370,1.05035e+06,627380,403693,932460,740312,851276,9456.52,1084.09,468587,56029.1,37559.1,11662.9,7513.95,34.4717
1.71706e+06,1.09132e+06,944022,760574,605807,399895,908949,535684,851891,12620.2,5169.88,55909.5,49423.9,34056.8,15976,5984.53,34.4727
1.93898e+06,1.37315e+06,847238,412162,312194,226020,828759,319451,774133,12039.5,1512.81,31745,41759.9,13485,6602.85,4229.08,34.4737
1.42245e+06,1.03692e+06,823081,541934,459957,345545,798664,437474,743268,7373.28,-325.092,57940.2,45856.6,11045.2,5907.63,7230.63,34.474
1.67222e+06,1.26204e+06,795004,596382,451118,337391,802246,492859,726027,11283,859.26,119613,38189.1,19403.1,6609.35,6190.16,34.4775
1.8107e+06,1.15513e+06,940514,1.01486e+06,752208,474710,950738,695557,875434,19716.3,4051.44,48898.4,76336.3,21378.3,14272.1,6891.28,34.4817
1.94051e+06,1.55345e+06,749499,407861,313258,244593,768438,355466,688439,4131.71,-470.025,1.77837e+06,15548.5,2506.08,780.624,1676.28,34.4877
1.30939e+06,955712,822038,664475,491902,355462,830303,499465,798224,9537.02,3314.39,106903,32183.8,27399,6722.24,5273.67,34.4927
1.87574e+06,1.41457e+06,795608,391100,307272,238818,771982,322266,728156,11743.6,1025.87,31774.7,37430.2,17624.8,6956.11,4972.25,34.4929
1.66542e+06,1.13766e+06,878338,529100,447402,311557,861612,395135,803422,5824.41,3186.95,30603.5,35372.4,45812.3,6853.19,7178.45,34.4931
2.11408e+06,1.39274e+06,910759,930749,726800,474156,919698,646029,864434,18485,4733.27,781135,77314.9,47469,13552.5,10711.7,34.4932
2.072e+06,1.32016e+06,941704,838976,622976,421627,886531,622451,808716,10387.2,4061.5,39645.4,35039,37155.1,9614.55,10780.2,34.5044
2.26129e+06,1.66573e+06,814523,444834,271647,209728,777141,372653,716217,8232.94,637.078,65959.3,35694.8,29893.4,4850.34,5093.84,34.5114
957509,699553,821247,448333,303967,230693,790576,367149,732671,5076.21,332.115,51477.4,27704.8,7019.5,5270.98,4389.04,34.512
1.61209e+06,1.23078e+06,785887,341903,220562,178920,739645,296700,691411,5747.06,1246.62,64537,23226,12011.4,4335.44,2118.47,34.5155
1.58825e+06,955253,997590,1.0847e+06,653739,438354,894810,784385,829721,8575.51,2031.93,266750,37743.2,26678.9,11820.6,10878.2,34.5172
1.42523e+06,989828,863928,513133,251730,182347,828301,421507,730426,13245.9,3714.78,55762.8,31309.9,18045.8,6438.14,6072.91,34.5177
1.62457e+06,1.18975e+06,819283,633121,538763,406603,795021,521356,728624,8796.69,578.75,47578.5,40888.9,27290.9,4837.15,4137.63,34.5213
2.14142e+06,1.60716e+06,799454,436475,388603,291865,798868,356792,733999,7346.43,3825.02,207796,20025.6,22226.9,5992.79,4656.66,34.5227
1.55383e+06,1.0317e+06,903652,629994,331981,232928,855150,480111,787311,15949,4508.26,15913.6,79506,24048.7,7762.26,3437.9,34.5254
2.13868e+06,1.46267e+06,877306,452554,301889,215510,840487,363406,747188,4639.16,700.948,33775.2,50596.3,30963.1,7251.97,2966.57,34.5285
1.49554e+06,1.14257e+06,785355,403821,242356,188091,773101,338148,716529,4694.97,248.673,126367,32484.7,8905.4,5527.32,2672.3,34.5289
2.16273e+06,1.55635e+06,833770,620486,407080,279219,874755,471045,790352,8881.69,4027.45,137253,37429.5,16085.2,11018.6,5114.46,34.5426
1.61081e+06,1.20169e+06,804272,575892,359527,252814,853261,450315,767319,11683.5,2511.6,71189.8,36497.3,17938,6958.16,7476.08,34.5471
1.52082e+06,1.10826e+06,823351,598366,367326,259421,849567,472503,759825,10452.7,2539.85,101776,34640.3,13967,9702.86,6029.64,34.5705
1.31648e+06,923862,854985,710396,434452,326174,799179,576327,739576,3339.25,2221.92,106582,35141.1,37829.2,5103.08,7705.01,34.5707
1.00845e+06,529319,1.14311e+06,913916,717452,470473,914976,617094,888600,13897.5,3013.13,24786.6,47439.1,50117.8,10712,7962.12,34.5725
1.59434e+06,1.09212e+06,875912,638543,441847,310247,854507,502801,761983,14429.9,2934.11,52043.4,38491,43146.6,7824.48,6541.6,34.5728
1.05257e+06,592616,1.06568e+06,842306,753428,501338,901701,591629,854223,8331.2,2402.54,8743.55,61288.8,69746.8,7024.72,6611.44,34.5827
1.95795e+06,1.43564e+06,818289,478207,392821,289942,812895,383665,747851,22591.5,1512.93,36182.8,39318.5,18761.7,6727,6241.8,34.5828
2.2393e+06,1.58138e+06,849624,598340,487493,381399,766902,493826,726985,9199.44,2098.48,99685.6,82729.1,59871.6,9801.61,3573.93,34.5842
1.65016e+06,1.03474e+06,956853,438775,234414,133764,1.05146e+06,263425,999392,7608.02,-244.122,268822,31439.2,22876.4,4951.53,2402.62,34.597
1.89096e+06,1.39444e+06,813638,619542,452002,328007,826815,485093,766297,5221.18,853.544,24213.6,42856.8,50576.7,8740.27,7099.9,34.6006
1.85001e+06,1.31347e+06,845091,458174,365217,255396,858002,359610,764452,9176.26,3619.56,28386.1,38577.5,22968,7244.06,5801.77,34.6053
1.03268e+06,737504,840139,573940,399492,297184,806555,460359,748033,9297.33,391.98,88766.6,49140.8,31804.1,6504.47,3940.65,34.6086
1.09879e+06,714419,922814,491614,387385,269519,862392,387459,761289,10082.2,3290.86,60432.3,38224.1,24347.3,9066.15,3026.5,34.6161
1.81623e+06,1.3044e+06,835436,498159,299069,208084,862351,398088,750827,6435.01,3029.18,342115,28388.6,30396.8,5147.07,4314.14,34.6236
1.97849e+06,1.49903e+06,791905,434833,286617,207007,830746,336541,775240,10086.6,4332.9,21979.2,55069.4,30791.9,7928.18,7613.13,34.6257
1.49531e+06,1.09553e+06,818954,507902,368684,286132,773106,424867,717262,5132.98,1089.66,52082.7,31827.7,14441.1,4764.18,4319.22,34.6264
1.96882e+06,1.34933e+06,875469,626598,381101,273022,837517,492777,762940,6021.96,2275.08,65396.2,45464.8,25079.7,7650.63,7179.31,34.6306
1.45103e+06,1.0097e+06,862258,697168,531307,360163,885111,505278,827863,14816,2754.79,23752.4,60555,18852.3,9772.35,6022.03,34.6346
1.82749e+06,1.22218e+06,897164,777478,442758,294803,901126,574442,812070,13766.7,2081.24,128098,32537.7,21624.3,8403.7,6347.85,34.6365
2.08957e+06,1.266e+06,990317,791462,485407,300364,969637,535691,886476,11668.1,1957.02,280685,141470,53374.5,11710.7,11349.3,34.6383
1.70521e+06,1.22296e+06,836602,645575,523419,369305,850386,483399,801294,11503.4,4214.9,54764.8,55462.6,25714.5,7855.85,7101.38,34.639
2.18673e+06,1.59303e+06,823613,692056,567288,401276,848226,522224,795125,12140.3,1557.23,126960,79151.4,14076.5,7940.03,6647.64,34.64
1.12641e+06,814193,830084,442217,258898,189695,818886,341870,776115,4597.29,649.33,49475.4,22791.3,17221.4,7062.06,3336.55,34.6401
1.57083e+06,1.01422e+06,929286,686544,455367,298305,915908,521095,790501,6082.49,4121.15,27147.4,39397.8,37839,7241,9815.56,34.6437
1.16249e+06,833303,837023,470197,291402,215911,809784,389994,723391,6571.34,752.431,64845.2,31808.9,11553.2,3793.29,3382.63,34.6497
1.34915e+06,931133,869362,514308,278617,185110,903086,373474,826255,7221.21,4712.04,38582.3,57566.8,25064,7447.2,3412.75,34.6509
1.2871e+06,894608,863240,588647,521145,371848,840900,461967,764532,13316.3,1623.67,51502.6,43414.6,17418.4,9255.62,7628.45,34.6567
2.06945e+06,1.42938e+06,868674,685978,517639,388660,799113,530523,775814,11515.3,1820.14,112972,53476.8,14616.4,10823.8,5785.61,34.6567
2.09003e+06,1.59973e+06,783897,414987,332047,245622,811116,337860,736969,12535.8,628.177,73309.2,29910.7,15191.9,5213.61,4415.43,34.6607
1.80315e+06,1.30301e+06,830304,632678,583834,433347,808360,503793,753498,6113.25,3064.49,105646,59805.3,16531.2,6331.23,6022.5,34.6618
1.67108e+06,1.12589e+06,890541,714206,447776,306382,876897,545462,785615,10837.2,945.666,52430.5,33727.2,14249.6,9533.42,2354.38,34.6666
1.85393e+06,1.45895e+06,762434,383326,311963,248074,754523,323925,710028,8800.34,323.205,170674,32379.5,19176.8,5050.77,3918.09,34.6675
1.46e+06,1.2277e+06,713532,212534,164895,119806,825808,171879,741920,1401.97,627.623,1.20022e+06,12024.5,2544.61,1278.95,1363.07,34.673
1.67296e+06,1.25271e+06,801286,432305,373053,293059,763777,362419,715699,9631.28,2521.78,27406.4,30845.8,8644.46,5424.18,4355.06,34.673
1.90601e+06,1.51079e+06,756961,326990,258711,195896,792394,260028,754510,6247.02,1275.93,60921,29149.2,7822.65,4743.18,5393.12,34.6741
1.57758e+06,900126,1.05157e+06,852475,670050,407134,987464,564343,906337,13348,4624.45,53316.7,82756.8,20615.9,13009.3,8087.37,34.6757
2.3588e+06,1.93198e+06,732555,500544,368401,284978,775642,404070,743254,5793.66,1439.95,59912.5,24171.6,6064.32,3479.62,2965.68,34.6795
2.22945e+06,1.47534e+06,906684,836862,527527,348444,908370,603079,832589,20397.9,2393.39,60341.2,82043.8,56213.8,12617.7,7702.46,34.684
1.30157e+06,1.0292e+06,758790,409116,264144,196893,804938,328904,746326,8149.55,124.146,64251.8,40586.2,15964.6,6534.01,3527.24,34.6908
1.89921e+06,1.34909e+06,844662,459373,365823,272485,805526,367502,749993,12787.8,4981.42,29998.8,41186.9,9223.78,8047.26,5080.1,34.7035
1.38731e+06,1.0755e+06,773953,514970,384332,276763,833201,410101,753430,5548.44,536.368,48567.6,25768.6,14353.8,6493.54,5243.28,34.7058
920034,637564,865827,483100,319591,227137,844224,366164,791613,6707.76,618.314,44149.5,31919.2,14460,6062.01,2909.8,34.7062
1.19356e+06,779809,918348,488646,314281,201753,934650,346093,847135,9947.09,117.109,108756,42519.1,39346.3,8643.06,3917.04,34.7191
1.66782e+06,1.14591e+06,873270,670619,364476,242369,902283,519141,775072,9420.78,3198.63,85911.8,27139,21312.1,6217.44,2880.68,34.7198
1.52732e+06,1.05484e+06,868748,465300,395338,293967,806902,376551,741413,10537.4,2460.14,23186.3,29133.5,6234.9,7323.39,3693.63,34.7224
1.21611e+06,850097,858336,535652,335225,244632,822195,425446,755422,5510.32,530.767,91418.5,34177.3,9762.4,6305.38,4914.66,34.7235
2.68455e+06,1.76578e+06,912194,606981,483269,321831,900974,452139,805480,46838.9,1652.16,19870.3,43407.8,19012,16109.5,4736.04,34.7265
1.62237e+06,1.09639e+06,887840,641996,537343,360053,895440,449996,856002,7334.1,1303.44,44153.9,45270.9,35338.9,13648.9,7061.65,34.7278
1.55341e+06,1.0693e+06,871641,905760,720528,471406,917080,633826,857422,15050.1,1098.38,243710,67204.4,39114.8,11286.3,10234.5,34.7305
1.43634e+06,1.04353e+06,825855,533429,358366,272941,787788,435323,735218,4918.89,-307.464,60292.6,48548.8,39053.9,5142.76,7720.4,34.7368
1.21322e+06,932942,780251,567734,476540,358320,797957,444109,767020,6981.61,233.068,25906.3,70462.3,52005.2,6146.81,6599.46,34.7401
1.81239e+06,1.31563e+06,826552,420340,228741,166217,825694,348396,723900,10048.4,2411.4,32372.3,36085.3,16124,5933.64,4339.46,34.7411
1.43124e+06,991188,866379,674320,393649,273179,864596,488938,827491,13044.9,3764.65,52256.2,37575.5,22049.7,10252.1,4461.6,34.7489
1.24277e+06,867386,859668,840037,518902,362455,858978,626535,804460,8645.68,3297.96,185051,46925.2,16894.4,10272.6,7040.75,34.7501
1.81164e+06,1.16741e+06,931105,723949,519578,361414,862575,567399,765545,6839.32,4486.56,42318,75844.2,50295.1,9342.02,7879.41,34.7564
1.70209e+06,1.24234e+06,822042,412851,272272,209250,780708,340607,727262,7875.53,1471.06,34693.7,34468,33819.9,5610.58,4317.15,34.7576
1.86124e+06,1.44662e+06,771969,377294,323092,248452,780251,306608,738325,5617.04,814.897,62339.6,23416.9,11054.1,4951.1,3587.76,34.762
2.68473e+06,1.82084e+06,884665,660555,478585,339094,846818,526096,753347,15965.8,2796.32,217585,43971.9,30578.2,8958.6,5822.62,34.7621
1.12165e+06,875910,768330,439951,321251,249280,773229,357812,737736,6927.02,1414.2,63294.5,29934.2,9519.91,5773.04,3458.24,34.7658
1.00307e+06,639046,941780,683131,445014,306232,871915,511734,800961,11413.2,61.7549,357375,29980.1,34662.6,8567.03,5432.87,34.7664
1.93175e+06,1.39311e+06,831988,765598,590287,428277,826970,604153,760336,10665.5,2010.62,42314.7,70251.9,45173.5,8488.35,5328.01,34.7685
1.7044e+06,1.16416e+06,878433,611458,349570,235952,888918,457893,801224,14545.6,3616.23,54213,37615.4,39318.2,9184.59,3820.18,34.7784
1.75615e+06,1.32069e+06,797830,497786,331660,260343,764362,402660,741746,8200.46,1325.14,129370,39957.5,14982.9,6919.18,4958.66,34.7837
2.29172e+06,1.6793e+06,818813,405435,281777,206013,820657,317836,765367,7241.58,697.301,20014.8,30152.7,26330.2,5423.16,5164.29,34.7919
1.86662e+06,1.43479e+06,780582,429618,299384,237951,754905,377917,682083,4155.94,-71.5267,61496.9,17135.4,26368.5,3850.75,3637.86,34.7924
1.62222e+06,1.23372e+06,788944,504986,316067,237752,797638,415736,728808,5695.16,1957.34,856857,41995.6,8608.09,5696.94,3902.05,34.797
1.54189e+06,1.1042e+06,837829,561505,479004,321028,895256,434136,776030,7355.19,1911.26,518251,28723.3,10164.7,5954.19,4721.68,34.8003
1.79093e+06,1.31112e+06,819571,680968,441767,306416,865034,520201,785429,15494.4,2272.48,114086,59210.2,23637.4,13689.7,5958.62,34.8028
1.90199e+06,1.33178e+06,856892,629941,523347,398661,787657,526171,718331,6286.29,122.754,12968.1,23150.9,7331.19,5718.02,7288.18,34.8128
1.47129e+06,1.02822e+06,858546,721629,617896,445008,833103,558387,775407,11912.3,1187.31,83023.4,55775.3,45217.7,10750.4,8659.43,34.823
1.58001e+06,1.07124e+06,884958,622357,319450,235314,814528,494756,754744,5923.84,3169.9,40380.5,41686.3,42052.1,6183.46,6614.28,34.8243
1.31278e+06,932156,844997,543542,442131,341879,775944,443765,734906,7537.65,1289.59,66908.5,31182.4,18643.6,5652.61,5388.38,34.8277
1.36802e+06,966975,848843,683192,531809,380810,837912,536246,764417,16396.2,7.4057,156444,73413.1,35139.1,8685.53,6090.92,34.8292
1.78924e+06,1.35143e+06,794376,551341,374273,277036,810595,438287,754767,5140.23,1184.89,104723,25306.1,32410.7,6364.89,7401.58,34.8385
2.17881e+06,1.43343e+06,911996,850792,590958,371144,955357,603831,845394,36948.2,3319.23,226647,56449.4,27179.3,16948.1,7599.27,34.8385
1.40216e+06,1.03363e+06,813919,531913,344294,226794,910855,383903,831325,8461.19,1700.67,115924,23514.5,11525.8,9150.87,6372.92,34.8394
1.78048e+06,1.21862e+06,876636,564013,418732,309960,810553,428265,790183,12143,4158.58,44682.5,41539.2,19156.4,7428.31,7627.07,34.84
2.0504e+06,1.48773e+06,826925,446262,360051,253569,851959,344396,777469,14678.8,1814.09,50455,26041.9,18315.1,8733.8,4515.45,34.8407
1.85695e+06,1.33126e+06,836933,760820,630481,416238,908828,553016,825460,8389.19,1940.53,416435,62248.7,18411.1,13014.8,6095.86,34.8413
976149,669515,874797,671805,471061,338999,833739,534272,754453,6671.07,1027.35,52186.5,34117.6,25864.2,7147.25,4058.75,34.8439
1.02952e+06,788805,783098,619753,528008,384417,824117,488349,761447,9683.73,1478.42,48782.6,29935,8666.98,5384.42,4012.1,34.8451
1.34154e+06,865542,929968,710776,552668,368977,898702,496999,858081,17811.3,4356.3,44970.4,45251.7,23521.8,8839.94,8608.95,34.8502
1.87878e+06,1.288e+06,875204,560133,332062,225727,882646,419203,801712,12045.9,2891.27,69365,51713.1,44127.1,8921.15,6485.67,34.8527
1.29854e+06,884718,880649,621650,410252,276023,891777,469127,795073,8507.06,1998.64,60139.6,30231.5,18490.8,10484.7,8555.63,34.8569
1.3034e+06,927960,842753,595882,324453,243742,798679,486958,734210,6799.55,1117.26,54803,31938.9,11722.8,4541.75,4924.84,34.8612
2.15999e+06,1.54091e+06,841057,538118,367091,259483,848820,410370,786780,9502.55,4521.39,31314.6,56932.7,36189.5,8790.03,5126.98,34.8621
1.72391e+06,1.23051e+06,840581,780544,563824,435045,777608,622018,752914,7372.57,2113.1,50908.5,24294.4,11415.9,7686.99,4981.83,34.8659
1.5265e+06,1.10094e+06,831924,621419,441028,321917,822004,488624,763064,6341.02,899.604,79946.9,23862.2,10026,4856.11,3499.47,34.8668
1.29177e+06,845135,917090,722899,505265,349111,868374,545025,795816,11211,3514.88,288704,39187.8,19392.8,6992.28,5921.39,34.8684
1.61368e+06,1.08638e+06,891230,417062,334854,231439,868100,321105,779300,6497.94,395.813,33404,26798.2,16964.4,5380.72,5220.73,34.8716
1.71142e+06,1.30312e+06,787998,467849,368070,275672,801105,368140,762506,6845.14,1368.72,140051,41365.7,29453.1,5726.8,6772.32,34.8738
1.76203e+06,1.27155e+06,831441,479761,263200,191114,826312,383361,750877,5876.51,3080.1,28712.9,24916.2,17032.7,5694.18,2876.18,34.8745
2.07738e+06,1.58638e+06,785706,422426,297414,224266,795699,340218,744981,5601.16,1265.92,72389,33216.3,36010.2,9600.68,6035.61,34.8775
1.33063e+06,1.00456e+06,794759,512780,329979,242518,816381,414096,742987,7681.29,-87.4528,77670,24658.9,13898.9,7044.67,4590.82,34.8815
2.43307e+06,1.88188e+06,775735,372128,256260,195970,784590,297997,749260,12176.4,2163.89,26884.6,84883.4,31132.8,5720.69,12075.4,34.8845
1.29559e+06,981468,792031,709093,505783,351145,864229,526749,807701,14048.6,1905.32,119560,34455.1,45161,7028.56,5881.71,34.8846
1.76092e+06,1.06094e+06,995860,883376,694936,487958,854503,672482,788163,14342.5,180.729,26309.2,70151.5,47343.2,9751.93,7120.41,34.8887
1.93744e+06,1.38959e+06,836553,507271,316803,232359,818052,414533,734230,7194.43,-110.871,151316,83441.5,18428.9,6352.12,5991.94,34.8899
1.81617e+06,1.38706e+06,785618,484092,334530,235893,850886,380287,763779,9452.52,216.775,187026,57475.7,22673.3,10709.9,3922.04,34.9021
1.40115e+06,954159,881079,668535,384706,273951,842574,517099,775715,9399.51,3450.69,97207.4,40001.3,16110.5,8767.71,4191.68,34.9054
1.88371e+06,1.10901e+06,1.01913e+06,980441,658959,389774,1.01437e+06,663386,886761,9851.09,4680.82,21951.2,43057.4,21032.8,7589.18,7372.8,34.911
1.38013e+06,1.05902e+06,781928,460837,353819,281163,755046,385595,717079,6978.47,129.711,53820.4,28617.8,8775.79,3906.23,4912.1,34.9148
1.63741e+06,1.14997e+06,854324,756278,474561,328115,867795,581503,780334,6458.85,1563.33,297377,30564.1,35604.9,7168.38,9092.34,34.923
1.44233e+06,1.08433e+06,798094,658228,400820,292636,821813,509989,774403,8133.06,1327.42,39187.2,42672.6,45816.4,4536.37,4439.41,34.9268
2.46653e+06,1.68214e+06,879780,628384,540397,357664,906544,455225,828229,19461.6,2904.78,108211,44341.9,23937.8,12012.5,5553.68,34.9319
1.74022e+06,1.30044e+06,802909,564939,441674,323924,818107,446678,758854,13938.3,-392.807,193375,73901.7,40605.2,8665.83,3937.42,34.9453
1.74278e+06,1.23465e+06,846931,594986,480861,298583,966286,407160,876784,12645.9,2576.97,13000.8,45309.6,31438.9,6533.3,6769.38,34.9476
1.94183e+06,1.28751e+06,904925,837426,600511,407593,883986,618735,812069,11936.1,-215.344,146559,107229,64970.6,11487.8,11513.6,34.9477
2.41156e+06,1.81295e+06,798111,366051,242350,185537,783725,298450,735905,4485.03,-146.681,54047.1,40546.7,36629.2,5131.86,5682.39,34.9507
1.83728e+06,1.31779e+06,836529,550040,401364,311906,772086,437065,755091,6723.9,858.777,28879.2,41994.2,30368.2,3874.78,6410.2,34.9576
1.73865e+06,1.39989e+06,745194,382108,239404,180793,794512,311108,736930,15967.3,1038.54,56753.4,39962.6,18849.2,6105.93,5834.09,34.9589
1.23382e+06,889163,832570,534645,431166,324548,797107,438587,731410,5829.51,1573.37,42266.3,31820.8,5530,6116.67,3607.1,34.9629
1.55096e+06,1.04867e+06,887383,700676,550315,389582,847547,526894,797894,12528.6,1461.2,199389,38346.1,27911.2,12467.5,5160.11,34.9784
1.53836e+06,1.0659e+06,865951,699055,446547,316551,846398,545277,769211,19289.4,3592.79,55878.3,29473.2,11504.1,10169.1,5040.91,34.9807
2.08389e+06,1.40286e+06,891279,809019,752092,498665,904927,570156,851366,12538.6,4638.95,60180.8,64342.9,24432.8,9819.47,6401.38,34.9875
1.31192e+06,858614,916768,768816,482217,312545,925724,545687,845337,11203.7,216.822,37227.8,61199.3,79585.4,8222,6448.68,34.9978
2.29912e+06,1.6148e+06,854267,534949,391790,284065,827535,426010,753432,7369.53,2381.95,37906.1,36388.3,25320.7,6869.03,10180.1,34.9986
1.08083e+06,822510,788437,642450,435806,292650,893502,491307,784580,14285.6,2626.51,34038.8,33042.1,26941.6,8440.54,5398.21,35.0079
1.4655e+06,1.098e+06,800820,420689,222570,165007,809310,328498,768386,15835,2139.21,32265.9,19446.4,10185.8,6510.54,2810.31,35.014
1.49153e+06,1.09279e+06,818930,423695,237421,173471,821190,337597,753020,14420.5,228.555,108657,36031.2,23767.6,8636.98,4188.01,35.0166
1.68218e+06,1.12366e+06,898235,690425,547798,373971,878888,508758,814248,12615.5,2223.91,105900,53738.5,25101.9,11271,5985.36,35.0174
1.67427e+06,1.10029e+06,912999,718934,402128,270909,890619,528804,815728,7604.92,4759.66,64942.4,34861.3,44957.9,8042.87,6799.04,35.0294
1.01143e+06,728339,833210,523117,295401,211005,839984,426831,735350,6240.55,1026.11,49701.2,28866.5,15118.5,6143.61,3273.5,35.0337
1.61086e+06,1.17436e+06,823018,648841,415962,301215,828568,515837,754704,8204.65,306.485,135338,45338.7,21558.7,4861.04,4144.02,35.0348
2.72134e+06,1.66379e+06,981379,894648,570828,344316,994716,605362,886724,9380.29,2504.09,201923,73607.3,66109.7,11736.8,9757.77,35.0359
1.87299e+06,1.16229e+06,966881,588087,379599,245148,929069,420772,838583,7876.79,2119.63,93855.9,31596.7,16299.9,6137.81,3963.66,35.0374
1.3112e+06,856093,918963,670560,375557,279227,806993,548437,733605,6288.98,1752.77,133331,56622.8,29943.6,8013.96,3380.48,35.039
1.90446e+06,1.34871e+06,847241,561625,424357,298971,851635,427241,788723,21495.7,4871.3,72615.5,53387.8,18836.4,7688.63,5544.78,35.0445
1.01149e+06,716893,846559,388421,196795,137980,855755,307132,758804,7673.68,403.056,115508,15315.8,8565.64,5567.93,3198.34,35.0509
2.10461e+06,1.54731e+06,816105,654064,436414,314477,832647,509317,770519,12003.9,2081.11,15538.3,43993.8,38372.6,7790.89,5705.08,35.0601
1.65116e+06,1.22753e+06,807065,570881,451813,325269,833426,442291,774441,7207.26,4680.81,21387.5,75423,66105.4,9483.18,4397.83,35.0634
1.51367e+06,944503,961566,513615,444786,332226,803284,412711,746694,11188.5,2335.49,11353,41495.6,35396.8,8655.6,7634.48,35.0745
2.07344e+06,1.49155e+06,834071,427435,315058,231194,817646,357552,717269,11266.3,3097.21,50426,37376.3,9784.4,7877.22,3883.22,35.0758
1.39439e+06,965333,866679,616354,382426,271171,846167,470907,785319,5760.9,3629.28,106901,33133.6,14625.6,5744.15,4908.85,35.0762
1.7716e+06,1.32999e+06,799223,421071,259782,197639,788657,344009,734407,6940.67,411.625,70984.3,68627.2,25157,4812.9,2952.79,35.0772
1.91998e+06,1.36834e+06,841884,730357,455054,321393,849528,554778,789891,11404.1,3583.51,53951.8,47291.1,46476.7,8221.26,8114.09,35.0826
1.04296e+06,716549,873316,513350,424936,301092,846790,392915,783910,7018.93,1230.59,33577.5,27635.2,18248.4,6611.44,5397.79,35.0855
1.5488e+06,1.09028e+06,852336,522398,353786,242790,874302,391980,799629,14146,2934.19,47853.8,36684.4,24364.8,9444.71,4863.96,35.0899
1.59214e+06,1.03997e+06,918563,487879,357790,258029,831976,402071,728049,14184.4,2463.98,25986.1,26319.3,19374.9,6201.91,3166.76,35.0928
1.45271e+06,1.01146e+06,861750,666091,540546,397333,816262,521421,766472,6992.08,2282.38,213583,40690,19135.7,9446.16,5027.68,35.0929
2.06144e+06,1.38188e+06,895056,608158,397430,288299,827121,459411,794267,8606,2086.54,28833.9,31363.8,17353.3,8433.99,10623,35.0932
2.26788e+06,1.61614e+06,841962,531572,356863,266545,803308,424555,751241,7775.86,1055.21,54909.3,55182.8,25424.2,5348.5,5160.14,35.0943
1.80666e+06,1.33893e+06,809597,421550,268929,194958,827653,329193,768334,12669.9,1194.49,47005.5,28572.5,21879.1,6360.29,5187.3,35.0947
1.67302e+06,1.31022e+06,766138,376927,254562,195137,782718,308114,734002,11204.9,642.067,50610.9,34868.6,22671.2,6458.59,3878.07,35.0984
2.30154e+06,1.52273e+06,906874,995956,545913,354814,923153,724030,825344,16913.4,4436.62,139493,86907.6,47451.2,10817.5,3414.87,35.1001
2.65324e+06,1.82195e+06,873758,600257,469367,343548,819741,475534,757368,5341.64,3004.97,233658,43534.5,49202.5,7878.94,7121.31,35.1132
2.03884e+06,1.48859e+06,821786,564288,449092,328866,819347,443688,763088,17624.3,110.538,49666.2,48627.4,27907.2,9619.86,4617.5,35.1166
1.15725e+06,829331,837242,571342,356762,266708,802590,462864,740617,6893.79,1380.09,30368.8,26997.5,14428,6138.89,2877.46,35.1171
2.06332e+06,1.49632e+06,827358,451340,323723,230463,842798,354707,763458,9889.31,3182.58,29726.3,28534.5,11687.4,4763.03,5652.45,35.1189
1.38113e+06,1.10644e+06,748962,496802,363382,278230,783630,406326,733602,5254.08,361.817,243372,25937.8,11367.7,5027.09,3692.84,35.1196
1.59943e+06,1.14938e+06,834932,493278,300302,220324,817802,396690,746091,11351.4,4302.56,32474.7,33954.5,11710.7,7760.95,4248.11,35.1253
1.58839e+06,1.04452e+06,912411,610858,452780,309736,877095,470484,779016,9841.14,3019.01,21913.8,30310.6,16271.5,7585.13,7133.43,35.1265
1.54518e+06,1.10628e+06,838047,445823,339900,257396,792320,371778,719499,7384.31,1788.2,26877,29712.3,12923.6,3900.38,3362.52,35.1299
1.66279e+06,1.21481e+06,821256,468570,310516,221707,840343,357747,785869,14168.9,2660.88,56941,51904,20491.6,7974.93,4743.84,35.1368
2.21208e+06,1.60794e+06,825432,513775,316736,236103,804910,413545,745420,12071.8,3614.56,4123.32,55857.8,26200.9,5839.81,3919.12,35.1386
1.72622e+06,1.20757e+06,857698,534784,420130,310168,812715,422162,760064,8856.91,2507.27,53837.6,34170.1,30954.1,6505.86,4763.08,35.1444
1.62037e+06,987909,984119,737636,450656,301155,897856,545105,811920,8565.16,4063.42,33768.2,42602,23745.2,12498.3,5556.04,35.1445
1.34121e+06,1.03895e+06,774559,552032,423294,323161,785912,457601,723817,5221.58,1815.01,110310,28932.9,10049.4,5939.61,3564.26,35.1456
1.60375e+06,1.11052e+06,866484,652131,554980,403437,825378,508240,769870,5172.34,5136.11,31301.3,31147.7,29188.3,9285.2,5669.84,35.1509
1.38849e+06,1.02628e+06,811758,501474,279951,207889,807981,407248,738823,6004.78,5.20984,57049.1,27037.3,12900,5389.81,5295.45,35.1511
1.18374e+06,771020,921172,901767,595302,413662,863462,663279,815735,10121.1,900.366,202699,34300.8,19321.7,9022.79,5960.19,35.1518
1.44926e+06,1.09842e+06,791647,389226,219957,163413,807611,319040,731994,4911.02,1994.35,348905,18379.1,6508.4,5330.52,3438.11,35.1565
1.9613e+06,1.35127e+06,870869,626613,481277,334265,863884,472582,795561,12456.5,2433.73,45210.6,47114.7,27216.4,7192.81,5392.3,35.1625
1.89777e+06,1.38652e+06,821241,863610,649817,427975,911012,624248,830064,9820.82,4949.02,127002,45404.5,24297.3,11038.2,8667.98,35.1671
2.01427e+06,1.50903e+06,800886,541624,397175,299168,796558,431767,752661,5943.17,2949.51,33357.6,32710.7,20177.6,5651.25,4743.59,35.1717
2.00615e+06,1.28681e+06,935402,924322,499470,318780,940091,667535,830807,13668.5,2681.89,51234.5,38239.5,32835,11599.6,6780.36,35.1737
1.73968e+06,1.23761e+06,843405,549561,297734,213833,835422,425898,774214,12579.9,3102.1,52388.9,44958.1,19836.3,8800.37,5972.54,35.1937
2.08856e+06,1.53626e+06,815709,320966,260571,201263,776808,267343,720348,5585.89,1384.92,29494.8,41007.4,26311.4,5408.44,3466.57,35.1972
1.38393e+06,1.03489e+06,802366,608999,379125,282046,806517,474376,770274,8004.25,1873.42,49363.5,43412.3,15072,4966.29,4703.43,35.1976
1.79806e+06,1.35979e+06,793381,454253,401716,304334,791990,359268,758632,4661.45,526.879,263599,33764,18661.3,4669.47,3123.21,35.1984
1.46832e+06,1.15181e+06,764874,407240,265528,197075,808408,325442,750806,12678.2,333.92,104496,45565.9,26113.4,7942.42,3548.37,35.1986
1.36168e+06,968381,843682,536051,293310,211347,832687,421892,762353,7925.15,2173.92,35393.2,29663.6,18990.1,6503.77,3549.81,35.2061
1.43629e+06,891724,966410,711715,559944,332271,1.01112e+06,475065,898885,10791.1,2069.79,81586.3,71943.4,12848.2,10613.9,6433.62,35.213
2.46155e+06,1.59842e+06,923995,1.02858e+06,608459,403045,905793,738103,836127,7321.94,-579.552,73452,79950.3,119031,10597.9,8024.31,35.2182
2.63186e+06,1.67243e+06,944203,444544,236641,148304,957389,307829,866476,23734.6,623.988,82869.9,31220,23473,13218.9,5699.92,35.2203
2.07649e+06,1.3592e+06,916639,673838,379454,278758,816739,555259,728133,4427.34,1429.03,70166.8,30889.4,29766.6,7814.61,10848.4,35.2296
1.24259e+06,809205,921342,567006,334799,232658,863410,412926,823885,11539,2375.43,26673.4,55088.8,22514.4,7947,4471.61,35.2349
1.84453e+06,1.41554e+06,781835,452163,289620,205537,845454,349792,775597,12414.1,1425.29,74421.6,28955.2,20102,7409.84,3890.37,35.2365
1.35524e+06,1.00784e+06,806815,565766,338804,262721,773758,483942,701447,3840.95,562.494,113383,22026.1,27752.8,3297.08,2731.87,35.2397
1.01313e+06,746335,814484,468091,381640,280936,815075,367038,765192,5195.72,371.397,47433.8,27862.8,13747.7,5093.78,4887.93,35.2418
1.73606e+06,1.33042e+06,782935,366210,226246,171396,792010,306382,717165,7113.6,1186.35,132099,32151.8,18105.2,5563.44,4963.46,35.2457
1.29631e+06,896197,867872,589633,456797,307974,889940,440741,802693,11285.3,1083.55,46314.6,29611.6,14788.1,6313.32,8724.47,35.2468
1.97507e+06,1.46828e+06,807092,516653,507801,403847,754445,417117,743178,14097.2,2093.68,54879.7,34298.7,23636.1,9058.82,4500.6,35.2486
2.21699e+06,1.40162e+06,949043,654812,492455,313649,942049,467086,841145,9611.28,1864.48,39091,49273.9,29523.1,8445.37,5310.26,35.2569
1.60717e+06,1.16191e+06,829931,612380,527036,375735,841608,455188,807201,8157.87,4253.08,49587.3,40459.1,19037.1,7066.21,7388.09,35.2573
1.65012e+06,1.29322e+06,765586,360855,288095,225675,765956,295108,733674,9990.42,722.75,47863.7,33368.6,20258.6,4908,3466.18,35.2574
1.08369e+06,765682,849196,666580,369970,271860,816530,533089,750246,8443.84,835.129,50050.3,36310.6,46505.4,6418.54,2929.78,35.2577
1.77558e+06,1.32606e+06,803393,438428,437083,328433,798489,345342,761729,6951.64,1655.53,85202.5,24758.6,13401.1,5127.91,6822.62,35.2585
1.491e+06,1.13776e+06,786282,483364,320766,259314,742187,404855,716351,5697.32,1119.11,23504.9,29857.2,29601.5,4896.24,4774.09,35.2606
1.85146e+06,1.27724e+06,869743,904451,742044,462923,961772,628637,863249,4959.89,3726.32,859203,119767,14584.9,13079.7,4898.62,35.268
1.48937e+06,1.03499e+06,863411,688944,507703,376987,808043,560102,738020,6664.91,452.602,185038,44794.7,19769.9,5607.5,4343,35.2752
1.87819e+06,1.4799e+06,761478,375083,258158,184663,838798,289335,777818,9791.07,294.617,56959.3,39360.3,12602.8,6758.14,3470.65,35.276
1.81655e+06,1.33749e+06,814908,562078,446404,318406,841199,426285,791130,13682.5,2408.77,53785.4,50495.1,17050.2,9534.97,5326.88,35.2776
2.17106e+06,1.66014e+06,784654,355648,261274,202707,773354,291632,731706,13250.2,751.718,51190.4,30722.8,12861.6,7145.16,4369.21,35.2779
2.01888e+06,1.56449e+06,774265,424978,332393,242742,821597,328034,777318,12953,1858.64,76940.3,48801,9882.65,7044.94,4637.46,35.28
1.98259e+06,1.33503e+06,891030,785115,419578,269950,932569,560880,839874,18587.3,2385.3,45666,106999,43810,11702.8,3120.26,35.281
1.61551e+06,1.13503e+06,853991,622522,367306,251666,875699,485018,770102,13519.6,4287.93,57921.5,47032.6,25249.6,8471.03,5028.65,35.2893
1.77024e+06,1.36743e+06,776743,405306,296093,231953,765914,328816,739574,5877.95,982.404,67795.3,25679.1,12345.3,5913.81,3546.91,35.29
1.26541e+06,923381,822247,523291,353931,258452,821655,423560,741275,7560.39,1764.83,127044,28653,12285.9,5532.77,2867.66,35.2912
1.91059e+06,1.36161e+06,841908,569900,350474,254485,826313,453840,753438,5380.78,127.093,133816,101252,33496,7362.98,8258.88,35.2967
2.08912e+06,1.57904e+06,793817,518619,390616,284440,823969,401664,774706,16431.6,1015.42,22806.2,157112,44772.9,7402.14,6936.85,35.3011
1.89943e+06,1.29038e+06,883190,449011,337860,263693,768758,375469,717520,5976.77,511.693,60612,51402.7,25393.3,6855.11,12523.9,35.3018
1.79557e+06,1.14553e+06,940477,351963,292707,194186,904413,254984,828200,15082.9,1711.41,62431.8,32416.9,10205.7,8085.95,3768,35.3043
2.18541e+06,1.57572e+06,832158,533150,341836,260204,788233,429111,745471,13815.4,4102.64,26503,48050.8,49566.6,6897.16,4675.58,35.3068
1.50413e+06,1.03087e+06,875449,532318,450037,320642,842130,408071,782685,9478.76,1985.26,27651.4,38252.9,16652.5,6311.04,5975.4,35.309
1.6756e+06,1.28263e+06,783826,447183,273615,199483,822972,358108,749242,7282.29,2064.44,65118.2,38659.3,13048.2,5406.13,5047.01,35.3097
914148,550740,995913,671854,403011,227667,1.06211e+06,421317,956791,9290.18,1183.2,85217.1,33656,31622.4,9095.16,5403.47,35.3119
965278,640226,904629,607755,460889,337892,818408,490901,742824,5297.74,3203.09,376681,30423.4,18288.7,7971.68,3979.42,35.3121
1.78714e+06,1.2369e+06,866909,535198,405233,270781,897921,392379,818389,13022.3,2999.85,59028.2,32513,20250.2,15214.9,2520.61,35.3122
1.55147e+06,1.19747e+06,777374,686887,405460,316446,768775,580117,710430,9175.63,5019.17,97656.3,52894.9,15031.9,5702.2,3082.81,35.3134
1.44374e+06,1.06257e+06,815233,570712,401051,297408,809093,458391,747020,6439.54,3490.18,74348.8,38781.4,11848.2,8494.76,5451.84,35.317
1.32644e+06,927728,857864,617029,524858,400517,786271,500461,739753,6348.33,939.299,183603,28396,16996,9055.2,3689.33,35.3232
1.51195e+06,1.09735e+06,826690,491508,277757,192289,866687,366078,805580,8285.39,449.937,94433.6,27168.6,16307.5,5162.67,3637.44,35.3302
2.17423e+06,1.40637e+06,927592,656318,476392,323005,884926,500869,786215,5188.59,-290.167,106241,37654.4,28901,5976.68,4908.88,35.3306
1.31863e+06,1.06294e+06,744332,285885,127492,103002,742659,254674,673533,1910.73,1850.59,1.09456e+06,14914,1376.68,2058.28,651.375,35.3477
1.36092e+06,956085,854055,699818,425450,304635,837954,564545,743768,6742.9,-316.825,107898,59081.5,54984.9,6336.56,3647.34,35.3482
1.20072e+06,879647,819004,388806,293648,227379,774869,322324,723755,3705.7,1507.28,117821,33528.3,9104.4,5556.04,3392.6,35.349
2.14607e+06,1.31186e+06,981542,1.10276e+06,876921,557837,943201,774791,853982,7943.63,3109.39,138113,86712.5,99826,12329.9,13349.6,35.3553
1.71307e+06,1.27901e+06,803627,546194,437755,320622,819198,429015,763881,23766.9,2660.52,104907,42862.4,30038.6,9097.79,5310.61,35.3638
1.24503e+06,874468,854254,713475,416048,296375,842274,550753,777272,8163.67,1734.07,86912.7,38083.4,21321.5,7470.68,5843,35.3705
1.80348e+06,1.36199e+06,794487,493814,274226,200337,821294,393645,752680,11938.2,3591.73,68938.9,33595.1,11839.8,6106.5,4730.15,35.3707
2.03574e+06,1.35682e+06,900226,740386,458194,297860,922973,543291,817668,17963.1,4981.85,63597.1,68989.2,38305.2,9113.17,7450.05,35.3711
1.17249e+06,851967,825727,495625,269559,196320,823836,415383,715906,5581.7,758.348,22340.6,23158.3,15561.5,3377.7,2822.05,35.3755
1.85089e+06,1.29411e+06,858144,722291,482021,337045,858083,535310,809577,17486.7,4053.58,122502,43133.1,26129.4,9557.71,6353.07,35.3763
1.66432e+06,1.19377e+06,836503,531072,452479,315635,860131,402449,791760,8368.96,4981.13,429666,37759.4,17278.6,8337.46,3989.76,35.3764
1.09403e+06,791433,829401,457919,267625,177729,903481,366511,749641,4455.23,1165.9,13976.1,15693.9,13861.2,4445.05,4645.06,35.38
1.32686e+06,912692,872270,755406,411484,263087,938436,529514,855961,10805.6,3101.84,135580,32915.5,26197.9,9324.19,5484.5,35.3847
1.50245e+06,1.15802e+06,778453,414161,336438,259588,777627,342943,724600,4160.92,353.894,151283,18967.7,6859.94,4663.69,4692.02,35.388
1.47583e+06,1.11204e+06,796278,483882,433401,396467,655895,425224,682767,5237.46,1103.81,985120,40451.6,4505.67,3545.26,3321.54,35.3939
1.92883e+06,1.38404e+06,836174,585054,408324,274386,892882,423829,828241,20418.5,4490.77,35184.9,34504.5,16934.3,8701.1,6654.84,35.3972
1.34056e+06,928690,866100,574528,420774,306166,824600,453337,760398,9863.8,1594.75,447083,46041,23049.5,12254.2,2787.32,35.3981
2.30603e+06,1.66672e+06,830147,586743,388484,281800,827148,466622,754456,11356.4,2579.92,53100.1,35488.6,10652.2,6489.69,6083.16,35.4028
1.93367e+06,1.41332e+06,820903,494198,406727,298701,816992,402845,736062,13485.6,926.944,109905,45580.8,22598.7,7144.05,4196.78,35.4078
1.9892e+06,1.42644e+06,836717,489176,421191,293376,861402,378694,775047,10579.1,831.903,172003,34144.6,13719.6,8227.01,5875.33,35.4163
1.57647e+06,1.19814e+06,789459,366824,191500,141857,809969,296539,742210,11052.4,769.447,53612.1,24254.3,6134.61,5948.4,4004.34,35.4169
2.15803e+06,1.49545e+06,865841,528787,350419,264522,794834,437890,724548,5499.74,758.808,101677,71043.7,16838.7,4315.99,5448.16,35.4198
1.93644e+06,1.28333e+06,905350,927437,522120,336369,931335,663103,839179,13705,5107.41,209426,40258.2,77262.8,16024.2,7017.38,35.4213
1.75269e+06,1.3391e+06,785314,527628,405983,280567,868204,397016,797390,10999,2101.75,140173,36835.9,23925.4,8540.08,5943.95,35.423
1.939e+06,1.42643e+06,815604,505778,433340,309847,839136,376686,805622,10112.5,2256.06,67074.5,60322.7,29173.4,7821.26,10474.3,35.4358
2.10769e+06,1.44478e+06,875300,551037,429647,317136,812863,443870,744863,7230.78,922.419,32731.5,54176.1,45575.6,8942.13,6035.66,35.4396
1.65074e+06,1.28743e+06,769320,400866,279595,207237,809494,319981,751669,9519.41,455.006,96815.8,70724.6,16186.1,5860.5,4565.73,35.442
1.91026e+06,1.48994e+06,769263,298312,229283,180429,762460,248445,720429,5209.74,496.271,66582,72759,16583.3,5294.89,3693.16,35.4511
1.70729e+06,1.2028e+06,851660,526248,421671,306287,826032,423140,746204,11232.1,3693.05,44176.5,52679.2,10367.9,6647.5,5298.45,35.4511
1.81463e+06,1.27575e+06,853437,445159,395694,286413,828930,345116,773930,15098.2,2732.12,98878.7,34518.3,18739.9,9885.61,8891.8,35.4532
1.9699e+06,1.6715e+06,707113,283172,149997,130717,688496,257365,660164,2640.47,0.622925,1.27303e+06,18378.2,-505.659,2694.78,2126.81,35.4537
1.98644e+06,1.43571e+06,830155,456256,376488,260728,866392,349272,783784,13309.1,3072,38062.8,28078.8,11546,6914.36,5673.27,35.4569
1.89679e+06,1.50978e+06,753802,360257,255100,196314,779670,286468,754549,9454.38,850.165,49575.7,26734,13963.7,5687.24,6602.9,35.4634
1.05106e+06,800885,787426,468302,320971,238917,806064,378482,742390,5413.91,767.166,112694,27921.2,9393.28,5204.31,4469,35.473
1.78322e+06,1.3508e+06,792073,469966,291468,222070,787502,404011,697950,9807.57,221.106,138925,32853.7,19636.5,4912.74,3462.7,35.4732
1.8193e+06,1.18302e+06,922711,900075,576091,394733,875667,668166,808250,10193.6,4015.91,71435.1,45694.9,42382.8,9435.76,8235.96,35.4738
1.30927e+06,979232,802225,538922,312777,254127,738474,464457,696196,6473.94,390.872,471280,28040,9213.48,7443.24,2617.47,35.4883
2.11631e+06,1.51858e+06,836168,433352,379554,275502,826609,346410,750588,10799.1,3023,24786.1,32065.8,10682.2,6678.02,5232.87,35.4885
1.68844e+06,1.05555e+06,959754,841628,438457,294800,892381,607904,830685,7595.58,1476.74,240067,27192.5,14855.7,8660.44,6874.58,35.4885
1.06491e+06,748212,853967,670467,360121,252718,854996,507916,792021,12413.6,1658,41769.4,36394.7,32996.3,6372.17,7467.72,35.4933
2.01625e+06,1.44443e+06,837528,561485,447474,324546,827262,452164,745064,8830,999.29,45305.2,84673.2,22181.1,7457.66,7791.74,35.4947
1.77149e+06,1.43666e+06,739836,423770,281947,212553,795888,340803,746068,5543.32,1958.78,116016,32763,9753.88,5141.91,3657.89,35.503
1.7091e+06,1.20012e+06,854470,437338,328653,236238,834717,359733,729437,12755.5,813.256,118882,34773.5,8260.74,9570.81,4600.51,35.5074
983399,633688,931120,460317,340055,237424,859362,351523,785696,10546.7,1307.59,76372.2,28701.2,11765.5,9063.79,3575.62,35.5075
2.13534e+06,1.51181e+06,847462,656725,402651,292887,824860,522714,753825,9736.79,1960.61,212026,91324.9,39582.6,6497.27,7663.87,35.5109
1.13879e+06,851077,802833,644663,468700,348723,806428,532492,726391,4927.99,364.107,923377,46647.9,10255.3,5722.71,3608.78,35.534
1.92399e+06,1.53056e+06,754232,379298,230103,177544,777619,320533,710002,4923.7,825.528,120664,20374,18185.5,4737.64,4176.39,35.5358
1.19686e+06,860648,834392,579824,337329,249134,812403,473700,734419,8856.44,867.978,167989,38188.6,24271.2,5491.23,3996.09,35.5367
1.15097e+06,841815,820350,595193,346415,256855,809207,478384,746505,8917.58,2282.68,49391.7,29705.8,24652.7,6171.27,4075.08,35.5374
1.62583e+06,1.29498e+06,753289,453388,367748,281090,784976,365425,744428,7071.91,207.236,30154.5,26070.9,16120.8,5637.41,4873.07,35.5394
1.42376e+06,1.03184e+06,827900,575068,319032,233306,820464,455000,758331,12070.2,1800.69,45239,36735.2,15977,6365.51,3088.99,35.5402
1.00105e+06,682503,880038,642526,391674,286826,819327,499507,771792,10255.3,3569.17,70811.9,28940.1,26739.7,7680.68,4185.39,35.5425
1.21327e+06,914053,796410,507722,304008,230797,790326,418499,727919,8212.07,-365.242,86245.4,33415.4,26542.3,6489.23,3193.44,35.5456
1.83461e+06,1.42887e+06,770376,586805,477869,362654,790620,494733,711662,10682.1,3412.15,974148,26257.8,13474.3,5301.57,3843.44,35.5539
1.5086e+06,1.16231e+06,778761,488806,355419,275343,774494,397201,738376,6743.84,621.678,52853.8,30215.5,17567.5,7456.12,4959.01,35.5579
1.14674e+06,704325,976882,582608,420006,242390,1.03966e+06,378927,922512,7984.92,1401.9,46347.5,33246.5,27790.2,6748.47,5481.59,35.5587
1.98123e+06,1.55938e+06,762313,404470,323720,252091,770483,331045,733079,5917.09,2252.9,155440,20102,9050.73,6181.41,4162.01,35.5635
2.42013e+06,1.72871e+06,839976,411823,352177,273246,773319,343374,719605,8325.6,489.543,31569.9,86635,24336.6,5805.46,6427.82,35.564
1.65289e+06,1.22595e+06,808954,494450,308274,227137,814329,402807,736506,5744.12,2263.55,52839.9,26123.9,18206,6438.38,3559.14,35.5657
1.22638e+06,908882,809600,508087,298844,225175,796297,412482,739068,5101.07,1564.47,64602.8,17491.6,6695.89,4416.32,4432.67,35.5734
1.61514e+06,1.19411e+06,811556,392973,252008,197999,763665,328716,717288,4939.02,1036.09,57273.5,35360,42268.9,5065.31,2539.24,35.5749
1.4861e+06,932789,955908,386134,289081,192522,900930,285799,810641,14635,1177.14,81544.4,23307.1,4680.79,7610.79,4289.8,35.5773
1.93403e+06,1.28613e+06,902260,532416,399474,274771,872307,417698,764786,7724.45,4726.3,52299.2,45567.3,41772.2,6206.82,5590.86,35.5784
2.24581e+06,1.58348e+06,850965,499399,416344,307444,812526,392309,763784,5837.38,1742.45,51294,96713.8,44583.2,7107.1,5798.65,35.583
1.22954e+06,930706,792651,535901,393246,283701,831677,430764,746442,9460.66,462.982,124191,24236.9,10267.6,7183.06,7090.86,35.5863
1.40842e+06,1.03412e+06,817175,784791,475141,351094,811990,640309,735386,5535.39,1660.72,77104,40541.7,9946.37,4270.92,3380.94,35.5902
1.75376e+06,1.34941e+06,779787,329683,241354,178580,810910,267803,738639,9572.68,-108.665,125769,23849.5,19257.4,5076.17,5227.11,35.5909
1.73899e+06,1.29082e+06,808316,526465,338314,244313,830855,411750,767163,8929.53,1270.04,108232,35113,22898.5,7323.29,4527.45,35.5942
1.33005e+06,891307,895350,551451,349340,230348,909946,419861,788048,7088.09,1137.02,59848.1,26803,16645.1,6909.61,5078.71,35.5976
2.3827e+06,1.65202e+06,865375,755788,565422,411541,824348,577673,784999,9475.58,3024.38,113919,65479.8,56717.3,11072,5661.99,35.6018
1.26274e+06,913771,829141,537807,330809,241664,821327,440886,731899,6810.85,2847.36,28877.9,35973.1,12989.9,6731.88,8257.72,35.6022
1.85262e+06,1.41647e+06,784748,401823,273411,205046,800047,320144,753080,9195.16,1477.2,17371.4,30489.9,30115,12434,4041.45,35.61
1.41519e+06,1.064e+06,798042,617242,460036,335841,821881,488370,758329,3493.47,1448.61,96012.2,34661,15596.5,6123.42,4670.25,35.6142
1.00586e+06,669647,901248,528718,332166,239940,830621,414465,765398,7296.02,1265.31,25507.5,37284.4,14306.7,4898.04,5265.24,35.6238
2.14046e+06,1.59245e+06,806476,530101,398239,306800,778825,451273,704808,9843.39,-38.4298,115339,81429,29116.3,4822.1,11875.9,35.6287
2.22401e+06,1.60247e+06,832720,411641,308529,217444,851333,305222,809196,22604.9,3244.9,66287.2,36911.5,22468.2,9067.69,4638.01,35.6288
1.18555e+06,810105,878075,784113,489690,337737,869950,604290,778546,12542,2618.54,120372,35459.6,29371.7,8034.96,4327.72,35.6345
1.23592e+06,849390,873039,530599,378441,273015,831692,421677,754985,8992.25,993.766,217749,43900.1,11233.7,9250.69,4384.34,35.6411
1.64007e+06,1.2247e+06,803500,443900,260959,210876,742500,371964,716038,5061.49,2183.86,31183.5,32459.9,34521.2,5308.59,6455.66,35.6431
2.14344e+06,1.36147e+06,944614,602833,324082,217905,892358,454418,795963,13059.9,3524.64,40906.7,43613.3,31213.6,8891.05,4561.77,35.6449
1.90789e+06,1.46638e+06,780652,385807,329124,244985,806067,307226,753466,8927.25,359.124,72875,37950.4,19276.5,6992.92,3820.87,35.6474
1.97518e+06,1.58989e+06,745403,283473,255761,201065,763217,231586,734431,8614.42,1108.74,12562.5,30529,8347.52,5567.41,3000.02,35.6552
2.11936e+06,1.53835e+06,826608,543993,320786,224548,857152,411458,793266,10183.9,2220.59,15349.4,53551.9,31923,8398.54,8254.76,35.66
1.639e+06,1.22307e+06,804043,482997,378684,291086,780560,394720,734187,11840.8,30.9832,167960,47518.7,17942.7,5431.28,5400.22,35.6676
2.08439e+06,1.60701e+06,778233,381749,242117,178605,813359,299207,765521,8412.46,2815.34,53132.9,51317,13508,6506.36,7932.06,35.6702
2.16531e+06,1.41652e+06,917171,836459,484508,322053,902662,618005,812090,8336.73,2849.04,206308,63323.5,39858.8,11479.7,6361.61,35.6827
1.46873e+06,1.081e+06,815209,578042,346181,234979,883945,426906,812416,15004.5,1947.53,96198.9,39900.8,27531.1,8549.48,4995.8,35.6885
1.41976e+06,1.00329e+06,849067,736125,490012,347474,846127,561215,786998,6147.54,4330.8,273924,53991.5,18467.5,7100.08,6420.22,35.6898
909004,636199,857282,713146,433227,304530,853566,556011,769566,6634.55,1332.63,96178.2,27058,21637,7117.62,5412.93,35.6907
1.35695e+06,878078,927215,578742,303532,218488,833543,474932,731148,2284.34,2027.64,1.14107e+06,42743.2,8551.42,8574.06,2852.05,35.6931
2.14383e+06,1.54301e+06,833629,514235,425189,314828,810326,407068,757960,13658.9,3827.84,30339.4,65870,44107,7298.87,11209.5,35.6961
1.58162e+06,1.16185e+06,816774,532024,282677,206288,822182,415232,768762,13656.8,2772.92,228765,27636.1,24908.3,6459.93,5398.67,35.7059
1.93159e+06,1.15802e+06,1.0008e+06,981937,530497,316326,1.00623e+06,647976,909234,4621.06,2011.69,120764,32328.9,38519.8,9498.01,5633.78,35.7105
1.84056e+06,1.27579e+06,865605,567607,354722,243744,873182,438173,777236,10525.4,2219.68,56224.5,78540.2,37219.1,6987.45,8645.89,35.7112
1.88936e+06,1.26044e+06,899381,557703,386881,267041,869261,414954,806408,12416,98.7863,71258.5,103556,38042.5,7785,9418.08,35.7124
1.69028e+06,1.272e+06,797299,401164,258502,185521,836031,307643,782396,12658.2,2794.87,23432.2,30146.8,17520.3,9208.56,3592.56,35.7145
1.849e+06,1.29345e+06,857709,628994,386434,271439,854190,473648,796787,9185.26,7.65204,49918.3,78904.6,28548.7,7811.61,6127.81,35.7167
1.4318e+06,1.00209e+06,857284,640232,435153,299568,871560,491090,782217,9249.25,973.922,117270,61521.8,27323.2,8729,4884.73,35.7175
1.04753e+06,764806,821800,553988,439165,326473,807108,440703,754233,7057.58,1852.83,112173,52566.3,30247.5,6184.79,5535.04,35.7199
1.81907e+06,1.2993e+06,840027,489634,387901,280133,830822,391402,750585,11446.4,2941.57,25888.8,32515.2,28970.2,7075.45,5474.75,35.7257
2.41223e+06,1.7463e+06,828800,425118,324831,243807,799397,344072,741330,7482.23,1709.61,50075.1,34203.3,24489.2,6453.96,3728.61,35.7293
1.36111e+06,1.0481e+06,779192,651177,441391,332619,796210,511233,764242,8344.41,2171,53875.7,32970.8,20771.9,7054.5,4212.82,35.7345
1.12955e+06,747368,906824,812736,486274,345758,843840,603107,808549,8428.96,4124.25,122608,39407.1,28044.4,8885.59,5719.11,35.7411
1.29707e+06,958547,811900,428440,371224,286664,776988,342794,749908,6155.27,1700.64,57267.8,20936.7,6777.79,5495.39,3135.27,35.7449
1.46903e+06,1.20657e+06,730516,436347,286474,236499,726788,378038,692545,5148.53,261.019,121103,33561.9,9626.22,4318.58,6201.37,35.7475
1.97164e+06,1.47467e+06,802201,527806,319460,224039,855547,411490,769602,19558.5,1605.6,114252,30171.4,14132.3,10067.7,3230.14,35.7488
1.36435e+06,901574,907977,542064,388196,276801,841462,442847,734426,9562.8,1149.77,23468,27585.7,9172.27,5094.12,3743.34,35.7533
1.71674e+06,1.03746e+06,992854,654774,334352,199302,1.00657e+06,462380,849657,3694.21,826.166,30352.7,35236.2,58655.9,5797.33,4009.82,35.7606
1.75472e+06,1.25542e+06,838632,504716,284045,199679,853504,399447,758123,6262.33,3789.43,64697.8,42730,23940.9,7729.13,6356.69,35.7652
1.49435e+06,1.0851e+06,826291,500774,292133,210900,831105,403282,745048,9591.12,1657.05,52859.9,28892.5,12590.2,9016.37,3623.24,35.7657
2.62596e+06,1.8622e+06,846086,653493,338482,238096,852972,506468,774177,8868.13,1951.8,136388,51856.7,29960.6,6151.46,4042.94,35.7669
1.87521e+06,1.35627e+06,829576,497361,406885,290404,840659,385278,774549,10602.3,1077.68,95750.8,40017.3,21671.2,7502.76,7017.08,35.7699
1.61614e+06,1.1724e+06,827096,564967,335976,236882,850995,436662,776298,17630.7,2583.51,165045,45985.6,20642.4,8184.79,3920.96,35.7747
1.70556e+06,1.22904e+06,832628,438823,349405,259542,807741,349448,753457,9566.5,1019.14,28566.2,47948.9,31788.8,7817.03,6420.88,35.7801
1.79673e+06,1.3879e+06,776738,431775,317144,222348,855804,339611,762829,13999.4,1591.33,431599,23154.8,14750.9,7110.8,3226.98,35.7845
1.67869e+06,1.30486e+06,771895,519398,373132,277208,807621,405287,768934,6176.58,1736.68,84483,42380.3,15925.7,10191.3,3445.01,35.7886
2.15645e+06,1.58608e+06,815766,419907,247958,176988,840591,325384,774298,7711.15,162.213,63361.8,60795.7,35027.6,33945.1,3504.42,35.7917
1.24582e+06,962477,776632,514643,396083,305980,776685,430489,717291,4060.18,603.739,160440,28602,7279.92,7692.01,4708.63,35.7971
939018,598989,940603,631410,397216,271184,878848,493348,767908,8268.99,2509.4,79726.3,36374.7,20179.1,5771.76,4006.31,35.7996
1.84613e+06,1.39072e+06,796481,546258,391773,300873,781273,438018,748268,9919.71,-59.6581,215609,54424.9,19259.1,9479.7,3730.42,35.8036
1.648e+06,1.05628e+06,936116,635190,544925,357287,915104,433327,879507,11573.5,3389.81,66567.1,41063.6,27761,12326.4,7661.87,35.8064
2.0665e+06,1.51839e+06,816590,577065,436436,316776,826645,420520,823360,14876.3,2399.18,123850,40876,32993.5,10210.4,4528.65,35.8143
1.27131e+06,922443,826922,408886,270358,194767,832864,305359,803420,9000.13,1886.35,97398.8,26944.8,14409,5624.05,3307.02,35.8201
1.75848e+06,1.29987e+06,811684,459123,287795,216761,796624,364511,755736,5782.68,1648.29,32919.2,40069,12282,5686.25,4987.02,35.8238
1.85404e+06,1.24366e+06,894473,729368,402283,273324,883091,548052,798502,6201.93,1675.6,61381.6,34501.6,42416.1,6005.61,11485.5,35.8263
1.85232e+06,1.31293e+06,846500,435495,331746,250180,795617,366702,712560,7063.29,319.29,34232.7,42617.7,91271.4,13936.7,3881.58,35.8321
1.52689e+06,1.01824e+06,899728,656940,407434,260946,936823,465789,846229,7252.63,1676.02,55032,51137.3,40138.6,7538.02,9098.65,35.8355
1.47817e+06,1.10012e+06,806188,512698,290388,212474,820021,404678,760157,8542.45,377.09,109277,44188.9,11951.4,6983.61,4849.15,35.8429
1.63274e+06,1.20382e+06,813779,445028,340723,257026,795381,353480,755395,4621.29,2346.87,21388.5,29478.3,19083.6,8006.73,5038.87,35.8446
2.14376e+06,1.57594e+06,816184,456143,370992,286733,776315,379214,721718,9305.87,2512.19,118123,41539,12060.4,6059.29,4996.76,35.8487
1.32848e+06,965043,825964,503893,250385,188172,798372,419943,719944,3070.99,330.671,45297.4,15199.1,28553.3,6373.21,4006.29,35.8548
1.45588e+06,904907,965321,734931,427351,280064,915543,530812,830724,14954.9,3455.17,100565,55122.9,30472.7,13514.2,4184.85,35.8557
1.04674e+06,604684,1.03863e+06,987196,783702,449154,1.0469e+06,607386,975191,10038.2,2163.37,20822.3,52448.5,31436.6,10477.6,7910.08,35.8571
1.06812e+06,746710,858262,657617,373147,263180,850704,502592,785071,4409.66,895.515,119300,31027.8,70378.2,5789.59,6618.75,35.8611
1.94336e+06,1.42417e+06,818732,404794,263003,192287,820656,333466,728340,7620.65,1314.37,69668.9,31786.9,14332.2,7142.52,3592.75,35.8623
1.89518e+06,1.35759e+06,837591,367250,195235,135538,864268,292852,752428,7441.68,1980.99,70474,32274.2,30751.4,6084.34,2989.51,35.8691
2.01939e+06,1.42412e+06,850791,615156,531793,383713,831548,489197,754488,7213.29,1555.82,25016.7,35676.9,23852.6,5634.13,4323.49,35.8723
1.12878e+06,861495,786154,498778,321734,241332,799895,417164,717384,8199.26,335.381,61442.1,53318.4,24381.2,6836.38,4089.64,35.8735
874057,659672,794992,526404,349814,281091,746692,439874,718029,5350.09,2120.79,113306,34608.8,8183.55,4052.54,6712.44,35.8782
1.90954e+06,1.56041e+06,734247,272244,211115,169448,747539,226284,721865,9932.21,1734.55,72746.9,25906.7,10853.1,5825.28,3250.4,35.8783
1.92911e+06,1.37727e+06,840407,569040,438196,303495,866299,439682,776525,15031,4231.96,26308.8,59523,32766.8,7998.82,4893.54,35.8795
2.64785e+06,1.92786e+06,824076,557062,369861,258155,859625,423415,789385,10829,2423.29,60006.6,74109,26758.9,8096.42,9304.6,35.8802
2.0071e+06,1.45988e+06,824906,381929,314442,239550,787581,316932,723049,6308.09,1540.91,58630.6,71461.2,27527.6,6154.33,4396.52,35.8803
1.79874e+06,1.31966e+06,817820,584314,478392,361844,793257,471394,743727,9307.14,-207.815,261897,40370.2,27437.8,10240.6,5599.77,35.8815
1.97916e+06,1.2965e+06,915926,870682,554402,361391,920446,614207,850543,12980.5,4273.97,57014.9,56006.1,25071.4,9881.41,5155.09,35.8839
1.9459e+06,1.36077e+06,857999,545610,463540,334514,831427,419333,780682,11959.8,3140.09,56979.3,53285.2,34310.2,7761.85,9694.44,35.884
1.59115e+06,1.15777e+06,824595,447712,239830,173393,829897,366854,732245,5490.37,-353.958,20292.2,34348.7,28636.7,4008.57,4311.26,35.8861
2.31602e+06,1.74293e+06,797286,377538,304333,226915,804705,300908,752797,7836.81,2856.33,32627.2,29891.7,25220.2,6536.69,6378.99,35.9034
2.06661e+06,1.48783e+06,833406,519484,416845,291706,857394,389436,800363,12860.6,3351.36,55702,52334.7,54548.6,8803.3,6500.55,35.9098
1.53493e+06,1.20808e+06,762330,430203,299555,239693,749847,349898,737706,6500.75,226.052,52489.2,32408.6,11789,4700.2,3556.65,35.9114
1.45347e+06,952726,915357,608502,422863,272758,930193,407067,896907,29809.6,2108.15,96669,58337,39271.8,21322.3,9719.69,35.9213
1.40946e+06,899104,940580,615062,489547,329852,890486,450199,819720,12588.5,2878.38,105313,33608.1,16577.9,11951.3,5669.92,35.9231
1.8263e+06,1.41079e+06,776713,443891,295504,215796,821622,346472,768705,11026.3,1151.43,47860.1,36114,10591.2,7459.58,5742.46,35.9237
1.96444e+06,1.48536e+06,793518,542221,334340,238169,842275,412667,788365,16633.8,1296.31,101951,39421.9,16264.3,6316.76,5076.43,35.9262
2.40342e+06,1.55303e+06,928542,819531,526382,318923,990299,568262,865303,13956.2,4105.92,149472,94153.5,80652.6,11639.6,6456.11,35.928
2.42354e+06,1.81254e+06,802256,760627,660172,487513,812498,579356,787730,11390.1,2011.68,54845.9,61610.5,26196.2,10367.4,6095.35,35.9305
1.39533e+06,1.07952e+06,775528,377057,243087,199227,732089,316257,715350,6748.87,-60.7598,121674,29478.4,9325.86,8173.81,3048.47,35.9325
1.96178e+06,1.46911e+06,801214,521717,330784,237532,835553,413165,757640,9320.39,2080.15,100510,51093.2,50250.3,7562.88,8275.02,35.9444
1.76979e+06,1.26034e+06,842527,430971,330846,238268,833128,352019,734569,7477.45,530.249,26293.8,42254.6,28251.6,4230.41,7236.15,35.9446
1.45022e+06,1.04866e+06,829758,419883,250431,187522,801286,343841,732693,14266.8,2572.1,26193.9,23734.3,16099.8,5918.67,4069.37,35.9471
1.21147e+06,870943,834592,518881,437820,316384,830295,417106,746402,8773.92,940.302,121317,61132.4,30599.4,7290.08,5624.95,35.9521
1.61656e+06,1.18689e+06,817207,458386,251864,184460,819248,358529,767111,7932.38,1172.08,143786,20360.9,27110.8,4712.05,3195.71,35.9538
2.50532e+06,1.66764e+06,901391,883928,683742,463598,884916,632260,838827,22335.5,2219.05,471755,92674.2,56910.6,16855.1,8804.57,35.9573
1.3256e+06,906018,877866,775852,510146,359563,851277,589511,789657,10319.7,1752.88,46611.4,23508.7,22605.3,6099.38,4996.02,35.9645
1.20342e+06,875570,824666,511668,393048,275338,856506,393240,780696,7487.31,2172.06,50509.7,27471.8,11842.3,6400.92,5065.34,35.965
2.03503e+06,1.45406e+06,839732,665998,447287,304854,880331,482516,828157,17696.9,4487.1,53169.6,55713.3,49323.2,9052.54,6192.92,35.9707
2.46216e+06,1.87326e+06,788622,610245,438896,320629,821316,473396,773447,9681.49,2498.42,63506.8,51921.6,29290.6,6245.43,8291.53,35.971
1.77418e+06,1.28422e+06,828918,465489,304031,208857,873412,359001,777974,7418.55,1580.17,71123.3,38892.8,29565.2,6261.24,3192.68,35.9743
1.9491e+06,1.46854e+06,796340,465042,313570,242267,776591,375485,743106,5996.52,1994.57,60495.4,42958.1,21078.3,6781.26,4546.55,35.9754
2.50688e+06,1.55825e+06,965266,674420,501547,307770,977770,450212,898803,12636.7,3009.11,33557.6,62454.9,41471.9,10796.3,11201.2,35.9801
1.95948e+06,1.32864e+06,884882,496221,351568,266200,792414,387953,767445,5653.36,1360.57,105076,62955,48572,9253.33,6420.6,35.9808
2.12086e+06,1.47504e+06,862697,463965,328899,239532,823854,364749,763207,3247.48,1250.85,43555.3,52967.5,53676.4,7090,6636.22,35.9831
1.94608e+06,1.49755e+06,779707,373370,284601,233840,730245,308624,725874,6489.82,706.593,40923.8,28256.4,28855.1,6060.07,3641.22,35.9868
1.28772e+06,821920,940033,608247,361391,245342,883805,454119,803640,6975.99,2322.15,32554.3,28522.5,20026.1,7218.52,3777.91,35.9881
1.18879e+06,860796,828623,638885,454749,322311,846541,505131,758874,6231.97,1965.56,104477,38723.6,11593.7,5618.87,5774.69,35.9905
1.73964e+06,1.36708e+06,763516,389434,274038,214802,765462,327212,714095,16735.3,704.932,60787.3,23175.9,9532.42,4968.23,4774.25,35.9912
1.67821e+06,1.03470e+06,973155,486888,315395,196604,962528,325460,897600,12531.9,711.98,107369,33611.6,26103.9,8372.18,4982.22,35.9922
1.94674e+06,1.36756e+06,854109,864393,626237,456534,823032,658360,787769,12762.7,1492.36,202476,43084.2,28565.9,9681.34,8221.62,36.0035
1.2609e+06,851904,888060,580373,338205,227646,891398,414561,839982,10461.7,2242.39,77968,39099.5,53074.2,7222.33,3654.58,36.0119
1.53457e+06,1.10546e+06,832903,394070,227482,171364,796487,325833,725653,6942.26,466.505,60211.9,23745.1,18948.4,4990.84,2726.31,36.0134
1.32427e+06,902115,880774,625523,348167,239814,871092,498821,752401,5288.15,624.326,120062,17973.2,8824.76,4951.92,3470.51,36.0143
1.97536e+06,1.5104e+06,784704,472143,391722,284612,825802,373990,757469,9266.54,966.009,141396,32144.9,13775,5505.99,4145.71,36.0163
2.18823e+06,1.54877e+06,847729,389431,316958,240602,790413,314632,742642,7638.54,1942.6,28181.2,36173.9,19557.3,6909.3,4429.64,36.0175
1.40854e+06,1.02465e+06,824795,464118,388909,300715,775969,385593,722189,7772.95,819.384,94532.1,47398.5,13467.8,7025.89,4711.93,36.0192
2.29954e+06,1.51208e+06,912469,1.03059e+06,780772,515941,907978,730095,846952,14993.3,3918.05,121023,44231.6,29047,11505.9,10236.5,36.0264
1.6281e+06,1.21148e+06,806336,593496,404520,298832,812202,480260,741468,6322.79,1505.01,104136,67568.1,15959.9,8617.51,5065.26,36.0285
1.96487e+06,1.33747e+06,881458,434652,364887,266034,822947,340144,766707,11408.1,-850.845,32707.4,121432,33747.8,7950.74,5700.44,36.0304
1.15879e+06,909757,764240,570190,442154,348128,762055,465068,735621,11544.6,4602.37,26579.1,27609.5,24218.6,7129.77,4643.03,36.033
1.98473e+06,1.38361e+06,860671,577290,375091,263573,853860,426075,812941,13730.1,2568.16,140242,34819.2,17070.3,10591.2,3465.09,36.0462
2.06026e+06,1.35082e+06,915117,765860,673345,454189,889513,555532,827164,11229.2,3938.66,57698.7,61776.9,18826.3,10213,6850.91,36.0483
1.47884e+06,1.01135e+06,877350,635351,461886,321711,861431,475714,801344,7305.52,2617.66,48254.3,54702.6,46393.6,8739.13,5776.55,36.0505
1.37827e+06,986357,838403,519670,307548,222717,828534,424405,734680,6098.63,757.083,44912.8,40628.5,32520.8,3913.72,6078.51,36.0511
2.19842e+06,1.5401e+06,856471,490590,403982,295093,821399,379189,776273,11770.5,3364.19,34137.2,61892.4,38167.2,7448.59,9295.52,36.0632
1.74975e+06,1.31571e+06,797930,380370,243166,179808,811419,310030,736129,8499.15,1540.62,159841,30897.8,10507,6060.93,2337.15,36.0673
1.42386e+06,974729,876468,567492,355176,255556,833891,453415,750957,18020.2,4050.54,1853.36,36361,12307.8,8171.85,4767.93,36.0765
1.56096e+06,1.16728e+06,802355,587668,426634,313791,815767,461416,764172,4525.04,2379.97,67281.9,31263.5,37962.5,6522.66,5312.56,36.0782
2.15579e+06,1.62774e+06,794645,340852,244558,184220,796520,277140,737934,9860.92,526.665,68533.4,96236,32000.7,6633.28,6464.11,36.0864
1.53993e+06,1.09213e+06,846016,543947,475547,341326,835941,417810,781140,9314.09,1651.56,50385.9,26236.2,18757.4,7781.44,5700.25,36.096
1.01215e+06,770699,787972,624460,436352,313941,833950,489616,765245,6846.02,570.462,103564,37631.1,23821.2,4388.59,6505.85,36.1007
1.35335e+06,998368,813338,418389,378174,278044,816073,331641,756943,8166.25,491.745,24239.9,27569.5,13894.7,5587.71,3254.41,36.1061
1.51432e+06,1.07277e+06,846956,624725,407991,280260,873456,486151,771026,12572.8,5077.29,29776.8,28663.4,18868.5,8240.44,4366.03,36.11
1.93296e+06,1.36633e+06,848822,613044,485537,352565,826293,492435,746954,16503.4,1918.3,50442.2,45084.9,22361.4,7204.79,7041.58,36.1107
1.01759e+06,708351,861939,515808,364767,257687,849326,392321,788857,8772.94,281.155,102479,28149.9,19637.4,4722.01,4768.3,36.1155
1.33858e+06,1.00733e+06,797305,447389,366156,276407,794820,359451,746787,4820.84,406.191,26953.2,28074.7,14697.4,5726.35,4234.07,36.1276
1.6384e+06,1.1848e+06,829710,547235,453110,324212,838545,428610,766060,7287.57,2981.07,246283,38344.7,14812.4,9525.97,3329.52,36.1337
1.57558e+06,1.17198e+06,806626,513849,390581,292363,801566,414249,744261,6718.42,1236.25,53998.9,23880.2,12730,5171.96,6258.12,36.1346
1.13219e+06,804803,844078,482275,419457,323653,777604,394901,732754,4861.8,408.696,22619.7,26550.8,8542.32,5142.85,3779.8,36.1347
1.26132e+06,925232,817951,424773,284429,206416,826765,328645,775500,10122,1105.31,34518.5,27407.1,17491.8,6085.7,4309.24,36.1367
1.85797e+06,1.45101e+06,768283,509149,382458,285530,803679,406903,750767,10935.5,2119.65,111579,39730.3,16427.5,9022.05,4501.98,36.1392
1.28703e+06,880823,876702,574621,443479,294135,904643,425362,810539,7211.56,3271.97,118935,46428.4,32028.9,8659.1,3977.69,36.1432
1.60973e+06,1.19991e+06,804923,614012,533390,405798,788654,499490,737567,6953.89,1168.16,39208.8,36176.1,16430.3,5735.16,4966.14,36.1476
2.14363e+06,1.70133e+06,755983,468031,337704,258925,782553,374120,750611,6661.58,2462.94,119947,161397,7138.74,4070.94,6398.01,36.1505
1.32123e+06,929182,853158,557142,379618,262419,867966,446991,747857,9575.8,168.637,146389,41382.8,37958.5,5808.61,5267.43,36.1525
1.521e+06,959650,950972,1.18012e+06,910646,614395,889310,857799,825452,24260.7,1783.04,97645.1,81386.1,93777.1,13418.2,9413.84,36.1545
1.38719e+06,1.06864e+06,778849,375375,272924,228631,716238,315770,713257,5727.04,512.191,55171.7,25466.5,9355.69,4587.33,4743.67,36.1623
2.3874e+06,1.56383e+06,915983,773057,654786,453083,867107,582273,796592,6621.68,744.821,66893,51414.3,45595.8,11112.2,8376.09,36.1653
1.37315e+06,953113,864422,533277,325056,223238,873657,410323,779790,5031.47,1819.02,146976,31876.6,12360.8,6947.06,4730.68,36.1669
1.20142e+06,794928,906817,609400,309786,219688,846071,469552,778700,7302.48,723.758,184844,37975.5,16680,7959.57,3502.91,36.167
1.73408e+06,1.33887e+06,777110,484993,322487,247563,781587,390131,745892,6957.53,2256.96,253765,107497,35502.8,6724.44,3084.59,36.1674
1.36371e+06,945370,865507,666054,562359,407856,827290,519276,769596,8733.26,141.037,191705,56625.2,33262.2,7958.03,6677.24,36.1674
1.79914e+06,1.23588e+06,873454,485371,264502,185491,855573,377021,772431,6201.12,2156.06,31303.2,62881.3,63008.5,5566.85,6068.45,36.1675
1.97692e+06,1.47879e+06,802106,456398,357146,284909,752127,386273,708926,9258.8,527.123,99820,24637.7,16510.6,4587.39,3631.22,36.1717
1.41982e+06,1.04591e+06,814498,440993,348077,261499,798649,353188,749163,10216.2,4878.54,54986.4,38816.8,18401.3,6801.82,5904.91,36.1724
1.86632e+06,1.44369e+06,775648,340589,252059,191559,789498,275103,742824,13321.2,896.267,51623.6,33755.3,21560,8966.29,6278.58,36.1831
1.79458e+06,1.32284e+06,813972,469565,279821,206223,814130,381932,737668,7253.42,456.324,56074.3,59758.3,15124.7,4558.94,6031.15,36.1849
1.51307e+06,1.04327e+06,870184,775339,562872,423968,796578,638072,729076,9921.44,1987.22,60326.4,49315.6,22403.1,7223.2,5271.4,36.1868
1.47599e+06,1.08118e+06,819104,726504,651407,480222,813882,563473,773599,10683.6,1041.13,192505,31912,19205,9010.42,6689.49,36.1874
1.56127e+06,1.3103e+06,714921,349379,201769,166802,725781,302439,693123,6985.91,-70.7345,1.23952e+06,42420.3,3929.45,4514.87,3476.68,36.1897
1.76932e+06,1.39663e+06,760113,449239,301558,225820,801234,357366,754250,9706.38,515.163,235283,41897.1,11681,6815.85,4187.95,36.1902
1.76632e+06,1.26424e+06,838285,636973,347737,253618,822662,516778,739552,4934.21,1068.17,80769.1,27541.7,35967.8,6743.29,4793.7,36.1931
1.84813e+06,1.38514e+06,800554,305694,208342,154782,807621,257301,712846,10455.8,759.975,32911.8,34828.7,6669.68,4968.02,3195.97,36.2015
1.51704e+06,1.04642e+06,869850,480710,330575,212026,935476,337921,853531,5526.4,397.959,280485,30218.2,15400.8,5930.09,4292.41,36.2048
1.93855e+06,1.46802e+06,792313,533577,485028,369834,786885,416622,768434,12097.1,1812.69,89835.5,47197.3,15645.6,8711.36,4103,36.2052
1.2627e+06,933278,811785,534211,383853,289547,795422,416333,769881,7884.53,2305.13,55713.3,39181.5,20344.4,5371.01,4609.34,36.2084
1.1415e+06,803916,851952,685760,447132,288637,929470,499841,823174,12966.1,3608.67,236903,64099.5,17557.7,9393.66,6775.05,36.2111
2.32317e+06,1.73702e+06,802469,454492,377639,284484,796472,374117,728904,6314.48,-505.22,64520.8,68353,20985.5,4531.19,5668.99,36.2177
1.73542e+06,1.19142e+06,873956,542354,354327,252009,843606,399652,814239,15179.4,2878.21,56999.1,27627.4,23155.2,7339.33,4285.17,36.2194
1.66349e+06,1.19229e+06,837122,501526,338493,238001,853341,387203,777152,13035.9,2409.19,30346.5,68015.7,38363.3,8981.73,5226.91,36.2202
1.62743e+06,1.32759e+06,735510,448404,318540,264518,722536,390861,688332,3315.47,-680.339,241131,44508.6,48526.8,3466.78,2916.8,36.2218
1.44124e+06,1.01596e+06,851166,570773,372248,269491,828780,454468,753548,7153.95,2517.27,35141.7,28191.4,10989.7,7684.78,4346.16,36.2235
1.70539e+06,1.25959e+06,812356,381475,287158,215735,798640,314479,727822,6936.61,529.27,117610,21166.2,12088.7,4567.87,3588.93,36.2321
1.7912e+06,1.32249e+06,812647,514458,345944,248569,835044,393432,784569,19792.8,4108.71,57531.8,37059,18600.4,8855.09,4731.25,36.2325
1.91572e+06,1.33615e+06,860261,507455,396660,272777,872494,392136,776447,21754.7,2378.68,112275,59988.3,24491,8380.44,7191.14,36.2344
2.404e+06,1.60945e+06,896205,803202,673744,257522,1.56975e+06,340247,1.41639e+06,17786.1,3851.35,28758.9,47590.4,40978.6,10752.3,7411.9,36.2398
1.47953e+06,1.06993e+06,829700,496385,401734,293248,821967,393779,756341,5267.96,1790.74,51103.2,26122.7,12663.4,5653.42,4182.04,36.2541
1.83196e+06,1.26708e+06,867488,534096,316548,231929,818910,422251,758926,11130.9,3706.76,24347.7,46716.1,25970.9,7655.75,6945.29,36.2558
1.55001e+06,1.09513e+06,849221,692529,512588,351647,874606,518425,801499,13689.2,2341.93,98045,42289.1,21424.7,7213.58,5156.43,36.2587
1.99925e+06,1.34681e+06,890660,613782,389553,276680,844772,479387,768208,5975.8,2892.05,27882.2,35143.3,26068.6,8695.56,6856.49,36.2622
1.63858e+06,1.09973e+06,893992,400589,240855,163953,881429,308826,778280,11384.9,4447.55,28830.4,33681.7,20917.6,7869.44,4238.7,36.2662
947081,640650,886988,604180,499532,323905,925330,399500,907405,7370.72,1106.26,23065.4,25633.7,19374.4,6387.91,6393.64,36.2721
1.47123e+06,1.04639e+06,843600,485051,400747,308663,778999,404643,719229,8423.83,1142.36,109288,52482.9,22289.1,6385.37,3538.88,36.2762
1.48889e+06,1.0032e+06,890486,631563,341305,220128,930290,446854,848013,5059.76,4818.11,45017.1,37534.5,12921.6,6992.87,4151.57,36.2779
1.40445e+06,1.0173e+06,828342,500354,367238,262636,838967,404483,742213,5297.19,418.137,43298.7,29758.2,15755.1,5310.59,3262.54,36.2899
1.28085e+06,831815,923897,618534,535472,349168,920139,423217,876903,10961,1937.88,49105.8,51115.8,39392.4,10971.8,5937.41,36.2918
1.86359e+06,1.33536e+06,837343,448041,324911,215134,906163,335672,800856,17675.1,2171.94,62315,33105,16068.8,7602.35,5777.37,36.2932
1.94906e+06,1.4646e+06,798468,491779,356087,278447,767299,391436,753807,11149.2,1508.93,111099,39904,18905.6,7879.18,10671.4,36.2933
1.22526e+06,809749,907885,838342,481136,304771,947209,583747,861684,12504.4,4242.62,30346.8,34537.3,43633.8,9331.07,6157.23,36.2974
2.58173e+06,1.71997e+06,900618,656141,412706,273713,904683,491574,800865,12489.2,3200.4,109554,46050.7,18834.2,10236,7046.1,36.3317
1.85403e+06,1.3379e+06,831465,577770,422910,308243,823200,451782,767321,6959.19,465.963,33006.1,46285.5,24403.3,4749.39,7801,36.3452
1.70615e+06,1.31798e+06,776709,425765,276829,202115,821796,335358,761751,6979.73,1990.59,53586.9,24697.5,6470.4,8305.51,3881.97,36.3526
1.55105e+06,1.12774e+06,825218,744867,457153,341222,803852,599240,745811,9933.49,903.903,148540,41073.3,27110.6,6729.99,5439.92,36.3538
2.73858e+06,1.99332e+06,824327,278753,237077,190247,747691,233707,715646,23473.9,1776.51,64441.8,44711.9,8786.6,11573.6,3007.45,36.3589
2.15431e+06,1.57403e+06,821194,736845,623896,450056,831758,568214,778064,17098.1,3026.48,223442,87311.5,21542.6,13766.1,6877.73,36.3659
2.13098e+06,1.40446e+06,910382,761238,671438,460543,874756,556422,820857,14112.1,3836.64,67759.1,68162.3,49621.4,11658.3,8137.65,36.3663
2.31762e+06,1.66011e+06,837637,561810,485186,368470,790055,446570,754833,11108.1,819.532,68435.8,110985,34691.5,8624.81,7316.22,36.3834
1.99733e+06,1.47393e+06,813065,575488,337587,240193,843288,455261,758450,9457.93,1991.13,28503.1,80330.1,27265.3,9188.78,6439.35,36.3862
2.68163e+06,1.95011e+06,825072,235229,204390,155984,786195,191270,737896,9620.13,1529.76,70099,28148.9,13154.4,7784.35,2964.23,36.3862
2.05894e+06,1.47237e+06,839029,500709,318250,235128,812112,406694,738702,4610.5,527.489,24007.3,26934.7,9557.19,5271.97,4531.78,36.3875
2.27052e+06,1.65159e+06,824850,571399,338991,245249,829338,432406,792864,9121.41,1726.81,4548.47,38249.1,13049.8,5001.02,3749.98,36.392
1.77907e+06,1.31044e+06,814563,556202,482052,366706,788727,442097,754859,4960.56,3437.61,122212,27450.9,9360.64,4351.32,5012.78,36.3966
1.89941e+06,1.39517e+06,816849,442520,325789,228036,857204,339266,782606,11201.5,2084.57,35935.4,29028.4,14821.4,7325.45,4974.09,36.4004
2.32055e+06,1.57022e+06,886713,839945,737755,555250,797214,654638,769841,13653.3,521.974,42906.8,122476,45727.6,15525.7,7085.43,36.4086
1.18777e+06,749519,950822,558034,384257,239802,961436,391110,856077,10040.9,1736.44,256626,28076,11638.7,8894.29,3986.64,36.4115
2.2258e+06,1.53269e+06,871334,740710,563701,399852,845864,575784,771863,20956.8,3637.83,292908,45642.1,17059.6,12256.9,12415.4,36.4161
1.35285e+06,956743,848412,683236,387004,276528,839706,517112,792752,9492.94,3764.32,48330,39710.2,30922.9,8686.62,5540.78,36.4282
1.42207e+06,915245,932255,537894,462689,313953,884252,400390,806055,11647.5,3608.29,26051.8,32987.5,24476.1,7743.84,4636.56,36.4404
944680,704391,804678,465942,321461,241256,799469,391816,713512,5282.22,974.573,19639.8,20487.9,11583.4,4640.26,3389.93,36.4426
1.35235e+06,1.01616e+06,798503,528774,428161,303116,847519,396166,800837,6750.25,1688.35,46566.2,45630.2,19757.3,5781.74,6697.58,36.4452
1.1944e+06,870278,823460,549404,327307,249392,787452,457700,720215,6375.59,924.461,68398.6,34084.3,27048.1,5703.07,3219.88,36.4475
2.42512e+06,1.8086e+06,804529,461749,373196,295124,758724,372023,744711,9220.94,2240.84,38645.3,105230,37863.4,6283.98,6540.87,36.4497
1.35991e+06,778445,1.04818e+06,865067,604710,335835,1.08037e+06,502412,1.0331e+06,5553.19,2371.72,63849,13341,2107.51,1016.65,1855.36,36.4531
1.47793e+06,1.14417e+06,775023,453042,325843,238628,819290,358293,758667,9788.86,2255.03,98885.2,27024.5,9882.61,6731.69,4164.8,36.4571
2.13787e+06,1.56846e+06,817823,518110,401200,293409,820424,425020,731415,6222.03,292.266,25088.5,33202.3,38822.6,4944.98,4375.39,36.4581
1.75938e+06,1.27059e+06,830818,608315,400850,286602,839177,478450,762858,10657.4,1677.14,38125.3,27315.8,18667.3,6034.16,5274.22,36.4585
1.37874e+06,1.06788e+06,774655,581184,399727,289763,827698,457329,762493,9701.75,1014.89,102740,44560.9,21292.8,8308.51,4927.85,36.461
1.44334e+06,1.06859e+06,810417,624594,398338,297187,804217,509309,735813,8724.38,2425.75,73104.5,23874.7,8673.7,4171.55,4940.16,36.4622
1.27479e+06,963864,793551,519098,307751,220703,836646,405112,768822,11139.1,3475.03,27359,37191.3,11889.9,5524.89,3866.14,36.4639
963107,691038,836226,370508,184296,128884,857960,292427,760205,1913.09,1039.81,235836,16122.9,19891.9,3626.39,1743.88,36.4674
2.08508e+06,1.43239e+06,873400,689686,486584,335110,871207,497833,831226,11664.2,4301.82,68755.8,42211.4,13330.9,9425.41,5520.89,36.4713
1.26316e+06,929005,815816,520894,457718,340936,805521,414839,753392,8613.6,3149.18,20561.3,21719.7,9876.7,5164.7,6844.28,36.4761
2.19976e+06,1.5157e+06,870789,569613,446794,313736,854466,437213,781697,8691.12,3607.14,55981.1,41751.2,10424.5,7432.36,4575.09,36.4771
852533,642980,795545,350604,224988,169204,797812,282274,745243,5461.44,-120.84,179844,33250.7,8660.7,4666.88,2451.95,36.4828
2.18823e+06,1.75832e+06,746699,349933,265219,213222,746317,289021,726451,5876.9,1557.64,135830,28318.3,18634.5,3884.28,3715.4,36.4832
2.06917e+06,1.57854e+06,786490,355860,237510,185596,767828,301306,708634,5732.81,-168.735,30279.1,51389.1,22143.9,4455,6089.03,36.4925
2.32684e+06,1.81721e+06,768268,354179,248250,200766,741909,295470,719218,5952.4,498.257,51516.7,92332.1,18100.1,5417.73,9688.84,36.4933
1.93595e+06,1.44988e+06,801145,573594,505330,383513,790580,462065,744823,4860.66,801.803,26113.8,33283.5,18215.3,5442.65,5063.89,36.4944
1.62221e+06,1.2012e+06,810291,511013,339198,244934,830912,393282,779614,11294,4955.47,46491.1,29155.7,17034.9,7938.87,5673.92,36.4965
1.78921e+06,1.22322e+06,877619,653977,473344,337202,842243,487575,804771,15279.5,3060.46,95343.8,65243.3,40268.6,7126.84,5312.2,36.4998
1.10006e+06,810887,813967,649554,372903,268201,834232,512521,760422,10446.4,3503.32,50950.5,22120.6,13429.7,6177.44,3740.17,36.5004
1.65154e+06,1.29295e+06,766404,520965,333579,245150,816429,419443,745224,6653.95,301.312,55335.3,32252.5,13920,6231.57,5382.84,36.5087
2.10217e+06,1.56897e+06,803906,456881,382279,295475,776266,375561,729918,6089.04,-104.067,41853.6,58073.5,41687.8,5206.83,4543.09,36.5091
1.96633e+06,1.39638e+06,844900,494236,366885,262925,837240,387971,764339,9982.79,1887.24,29565.9,33313.4,7736.2,7400.38,4596.17,36.5126
1.4087e+06,1.06977e+06,790091,631383,431426,297875,869008,472834,801190,7652.36,1233.69,112634,30016.4,20577.6,7991.71,6501.9,36.5132
901026,603406,895940,443279,270266,191483,846862,345145,770596,5645.38,569.242,86940.4,16717.5,10930.8,5040.64,2689.05,36.5265
1.17935e+06,847511,834930,589263,463876,334949,830950,471541,749793,2767.42,180.409,85076.3,57036.6,66927.5,5212.01,6033.34,36.5273
2.14541e+06,1.59645e+06,806318,530468,437248,330040,794900,424412,749933,13181.5,2376.11,81775.7,59467.1,13938.6,10230,6356.9,36.5284
1.85759e+06,1.20598e+06,924192,529534,404269,260067,932688,384719,825851,12408.4,4807.1,23274.8,50746.3,33530.7,9078.49,8709.59,36.5293
2.4392e+06,1.62906e+06,898385,647317,481912,298592,968369,438544,885635,12876.2,3444.54,55134.6,27071.2,14721.2,7956.7,7090.92,36.5367
1.40516e+06,1.04451e+06,807170,527937,470094,377389,747390,445701,710706,10575,1285.54,60818,41152.3,15824.6,6257.34,6598.78,36.5388
1.3309e+06,947842,842481,441996,315483,240707,786390,370532,715721,5599.06,1222.72,29011.2,23626.9,11882,7167.93,3775.71,36.5415
2.50898e+06,1.81585e+06,829029,516625,408386,295312,829739,408419,758963,18138.8,548.445,131214,94879.2,25011.8,8266.06,5079.61,36.5439
1.61166e+06,1.29204e+06,748423,415389,331010,266872,744200,349932,712234,11490.5,-779.555,375277,52287.9,10066.5,5295.68,2300.81,36.5472
1.52257e+06,964841,946831,564479,433543,291784,891502,394326,858903,8471.52,2047.68,196035,70406.6,31668.3,9373.52,7526.79,36.5475
2.13263e+06,1.40479e+06,910867,907316,583906,404696,865695,708700,768152,7815.7,1732.89,103514,93184.4,63482.1,10181.6,5554.85,36.5523
1.89528e+06,1.41826e+06,801808,514358,327544,257706,762600,429609,718363,7389.4,1208.79,57412.4,25201.5,25239.4,7294.78,4970.15,36.5563
2.00402e+06,1.35302e+06,888687,513677,367438,241289,913687,384672,801218,9094.54,1859.87,147026,92780,25143.9,7315.55,6613.48,36.5566
1.60679e+06,1.17992e+06,817072,439863,372659,265635,841738,342708,770096,8560.8,1675.39,62446,45634.5,10995.3,8164.37,3941.48,36.5613
1.96435e+06,1.28532e+06,916980,650891,385744,276478,837125,513080,761157,9742.43,804.82,69778,45902,44403.2,8033.39,8440.67,36.5616
1.78357e+06,1.40332e+06,762582,382781,272073,212800,767123,314820,729523,11604.4,1677.09,53739.6,36007.6,11137.3,5347.82,4447,36.5676
1.7416e+06,1.30714e+06,799424,524063,424939,337726,754942,436476,720401,4702.45,3226.13,138489,37283.3,20267.8,5469.79,4985.1,36.5724
1.61681e+06,1.15388e+06,840718,585700,456785,329233,832454,461182,761998,5848.26,1006.96,44813.1,33974.3,19565.9,7185.99,3971.76,36.5862
1.33491e+06,1.0149e+06,789184,524327,363711,282486,772522,432584,727249,7682.84,2087.16,216303,31351.3,12752.8,5923.4,4393.28,36.5873
1.90162e+06,1.27338e+06,896014,707044,513311,322285,955634,500937,846865,26569.1,4558.28,168407,54141.7,37248.6,13277.5,6517.91,36.5924
1.76625e+06,1.34457e+06,788173,405125,362304,265875,817612,318758,762570,7241.17,1710.26,96761.3,39772.7,16480.2,5371.17,4034.09,36.6016
1.75306e+06,1.2819e+06,820530,505291,341960,236694,866840,371879,815250,14248.8,988.389,56468.3,44195.7,30109.9,5568.71,5059.17,36.6073
1.72129e+06,1.30392e+06,792050,461566,330965,252886,785252,369398,749705,5531.33,1151.79,95929.2,74908.9,35371.9,6724.69,10419.8,36.6104
1.33508e+06,962958,831861,628629,360592,251423,860523,480270,785344,11125.2,3198.93,70303.3,40939.7,16683.5,6048.85,4794.04,36.6131
795714,452860,1.05425e+06,734363,475742,288741,988585,499161,882717,6648.33,1777.86,48385.6,32753.6,20332.5,7483.8,4936.02,36.6162
1.93008e+06,1.53622e+06,753831,441701,268265,198656,810240,351325,754347,10197.4,1889.93,137882,38361.9,10918.1,6861.35,4895.84,36.6168
1.86186e+06,1.34804e+06,828694,441731,412821,314312,788047,343200,772256,20104.5,3187.12,59201.4,66434,27832.6,7595.16,3501.39,36.6318
1.97596e+06,1.33209e+06,890011,769564,556718,394299,847151,548398,841977,16463.8,1173.34,62973.9,72378.1,30565.1,10139.3,9777.67,36.6364
1.98028e+06,1.53997e+06,771553,400530,280306,221809,758236,333337,720946,9469.6,-113.218,24302.2,41309.6,29843.9,4646.7,8308.22,36.6459
1.45049e+06,1.11216e+06,782528,510148,428352,340144,755595,430948,710268,6263.49,469.413,93327.2,24522.3,16765.6,5252.99,4812.07,36.6569
2.00272e+06,1.52682e+06,787018,405144,325084,240423,811280,325824,746067,5407.99,10.1757,28678.9,36040.5,31668.9,5402.37,5362.79,36.6577
1.62678e+06,1.2337e+06,791170,451130,376457,293039,770798,361050,749696,12062.4,148.273,88988.6,53009.4,19442.9,4987.98,10493.8,36.6581
1.22175e+06,828997,884259,774670,618043,421201,880401,582786,797552,6431.18,2249.1,203860,31795.6,24280,9689.08,4494.31,36.6588
1.86411e+06,1.42682e+06,783888,527985,430275,321879,802056,412553,767879,5643.13,1197.08,133718,23567.8,26182.7,5227.84,3959.31,36.6589
1.63195e+06,1.14398e+06,855935,682251,391916,287847,816925,535348,764644,18546,1511.98,123315,35298.1,35639,10085.3,4993.63,36.6619
1.5845e+06,1.09421e+06,868849,592937,479599,344866,834409,465389,764440,10751.9,168.064,50294,33094.2,22661.6,6957.31,3801.84,36.6648
1.48714e+06,1.0026e+06,889968,918454,545399,388123,843134,701929,785083,17025.5,4109.54,180397,48921.8,30140.5,11598.2,5090.08,36.6757
1.86042e+06,1.37566e+06,811429,489158,307892,229904,803532,397903,737603,10725.8,3974.17,36473.8,37575.9,16400.6,6937.28,4620.05,36.6767
2.01271e+06,1.6495e+06,732119,522243,308792,229022,808986,419855,746319,12922.9,3198.43,104246,48441.6,9096.93,10199.1,8539.43,36.6771
1.32895e+06,1.01943e+06,782169,533223,443093,337253,788297,426719,749753,8875.45,431.673,127805,38366.8,25403.6,5483.63,4242.65,36.6786
1.6033e+06,1.24734e+06,771228,425278,236046,176595,801991,346517,736375,7495.26,4278.4,150377,25046.9,20314.3,4851.76,3062.02,36.6812
1.55924e+06,1.13762e+06,822371,541923,472065,350923,807126,420431,773382,7559.49,1519.59,192110,39696.4,15905.3,7183.09,4675.33,36.6887
1.76293e+06,1.30451e+06,810848,445827,356102,257595,829445,355638,752159,11517.1,1466.78,116867,41991.1,14411.5,7919.12,3878.74,36.6904
1.30644e+06,941259,832781,514920,279436,195714,856665,404952,762935,10047.6,447.211,107659,26114,37785.1,6170.48,3529.73,36.6949
1.65076e+06,1.19907e+06,826019,477210,395583,279384,849548,378587,756302,12177.5,406.617,100981,46663.3,17770.9,7297.78,4361.52,36.6977
1.09019e+06,760648,859941,603112,420582,293859,858743,453300,798295,5060,2120.51,692765,30200.9,21633.7,6393.39,4162.63,36.7034
1.96136e+06,1.49788e+06,785650,558609,423790,328216,774716,457215,733058,11278.7,1539.18,61001.5,99601.6,33748.9,4753.28,4653.19,36.7034
1.73343e+06,1.25507e+06,828682,531752,406658,297547,820020,436774,730472,9235.11,483.439,125614,58344.8,46206.5,8470.09,4992.84,36.7081
2.28224e+06,1.61074e+06,850133,502633,284633,201553,847320,393803,765813,7326.33,3393.95,27597.4,46864.6,29769,14617,4034.17,36.7133
1.82955e+06,1.19818e+06,916164,986607,602540,397738,908950,720734,821335,17301.7,626.559,162622,45772.5,30591.3,9511.46,9046.18,36.722
2.03897e+06,1.42233e+06,860126,581448,447614,312575,859212,445937,782327,9331.64,1326.54,32706.1,32411.8,13620.4,4013.79,3982.34,36.7222
1.33823e+06,1.06917e+06,750994,506028,333313,256517,779629,420945,721274,7135.21,586.584,56637.6,40138.1,27307.7,5220.06,3660.91,36.7312
2.69705e+06,1.86626e+06,867096,628163,486838,334798,872475,475107,793290,7468.92,1233.67,41639.4,35774.2,9487.62,6109.49,5379.96,36.7319
1.66955e+06,1.28628e+06,778778,464570,333671,255133,784700,371540,750235,8024.75,773.419,58537.2,44593.3,15083.3,6324.9,4317.16,36.7334
1.51786e+06,1.0797e+06,843490,566946,324561,226018,861597,429428,792141,19328,4736.81,68204,25372,16325,7717.84,3688.28,36.7405
1.18356e+06,816187,870066,511809,245250,175566,838148,409273,750319,3905.06,21.6348,56558.2,16930.7,5198.64,5336.19,2833.49,36.7418
2.43677e+06,1.61039e+06,907897,716652,515307,347710,889201,531767,808609,13991.3,2894.42,117746,50958.5,49111.3,13637.4,6122.44,36.7452
2.18085e+06,1.48234e+06,882731,540976,394068,288716,818939,450971,719749,5085.55,1134.78,127138,34658.5,29384,4917.13,5015.72,36.7459
1.4286e+06,1.07128e+06,800127,641774,395819,270310,878589,481426,799842,12314.6,2802.48,290965,36491,18181,9132.61,3940.04,36.7511
1.88722e+06,1.39233e+06,813262,467675,304779,231681,789308,371903,754511,8039.38,911.923,118427,45919.4,32248.2,7538.4,5194.77,36.7531
1.91463e+06,1.33194e+06,862485,798882,546390,393782,832527,599139,800030,18247.6,5274.1,260262,68148.9,36477.9,12160.2,5647.04,36.7552
1.10234e+06,657001,1.00671e+06,519419,294046,199040,886391,381736,816406,11845.3,1466.33,59404.6,55167.3,38016.7,7336.55,3709.6,36.7576
1.57131e+06,1.19657e+06,787904,433372,269586,198349,815491,351098,740600,7249.85,411.307,280360,19803.6,14823.7,6898.99,3625.9,36.7589
1.06807e+06,764183,838599,497279,279287,204838,818072,400793,744443,5270.01,254.442,61015.2,23074.5,7929.08,4858.96,4029.98,36.7743
855544,560870,915233,637703,451585,298743,906970,470045,814011,11903.6,2952.34,94441.4,37296.7,38338.9,9280.73,4970.23,36.7743
1.44679e+06,1.0703e+06,811057,490670,300196,216906,830396,394957,745402,4119.34,824.68,65962.5,24394.3,10145.9,4521.67,5166.99,36.7755
1.52742e+06,1.04604e+06,876112,661654,385319,263877,876132,506287,784125,6144.42,1890.99,140087,42106.1,19612.6,8899.7,7875.48,36.7767
1.76187e+06,1.37624e+06,768123,416444,307272,230296,800548,340873,733019,12065,728.642,66534.8,37730.2,15992,6648.04,4125.12,36.7818
1.70919e+06,1.26608e+06,809996,483759,270514,190533,851865,375454,773078,12067.8,3385.83,64016.8,31079.1,14161.1,5624.22,4516.58,36.7821
1.64327e+06,1.10475e+06,892474,580981,453585,336359,809108,455867,764671,11085,3264.69,54032.9,33782.6,15358.2,9147.85,4934.45,36.7828
1.4756e+06,1.01407e+06,873072,544478,360802,247496,874685,397104,822673,12538,4104.63,25543.5,36010.9,11078.7,7017.12,6529.46,36.7829
1.24878e+06,790412,947949,522301,378032,241835,937908,368298,850889,7538.6,1898.66,31794.1,33763.8,17125,6040.71,3860.82,36.7861
1.8265e+06,1.22289e+06,896159,697618,345298,247145,838289,555062,754097,9295.01,1874.8,61522.9,66614,43229.1,6755.41,7031.46,36.7976
1.81241e+06,1.33901e+06,812125,564967,406054,271691,896725,416887,813122,6873.16,4740.04,74777,37122.2,9629.15,5108.59,3524.07,36.8008
1.77257e+06,1.24924e+06,851352,437866,334962,230954,870206,339578,773666,5623.1,4730.96,123356,9831.25,7372.29,415.08,1750.02,36.8104
2.17682e+06,1.76447e+06,740217,447336,294828,219842,804654,358582,748508,14770.4,1494.66,64871.2,33375.7,9053.26,4832.59,7433.6,36.8182
791647,508466,934159,510912,283564,189161,899437,378667,809543,4463.91,855.207,48541.9,22492.5,9633.66,3461.78,5273.15,36.8182
1.83444e+06,1.28449e+06,856885,407382,286892,211720,813033,329799,741147,10967.8,3024.68,31972.2,56992.5,31537.4,7859.86,3484.97,36.8204
2.92875e+06,1.88663e+06,931425,835500,701683,506190,831723,643002,779624,16802.1,1550.96,108841,53954.2,48622.7,13919.6,10753.6,36.8299
1.54772e+06,1.07323e+06,865265,697174,604780,398815,909865,512179,816715,7557.54,2120.51,90043.9,39175.5,19654.7,10655.8,5323.99,36.8401
1.6657e+06,1.18959e+06,840139,379156,253917,183959,828176,304210,747817,12105.7,2497.07,34701.7,31974.3,22188.7,9589.08,3565.39,36.8435
2.20632e+06,1.59658e+06,829141,505418,413860,308256,805550,395629,766503,8560.79,2210.87,48000.1,41352.7,14654.5,6583.74,4477.12,36.8467
1.07638e+06,596933,1.08191e+06,971945,751910,490375,920002,678633,859326,7657.56,1503.55,29030.3,61828.3,41615.2,7369.32,9127.92,36.8551
2.30158e+06,1.76537e+06,782243,458460,404399,328392,738872,388143,708698,4693.35,1440.94,56909,29394.8,37151.2,5218.21,7144.79,36.8556
1.40196e+06,977109,860882,488238,352697,255435,828463,395744,740234,4267.4,1478.66,23448.3,27064,15726.8,4092.19,2836.14,36.8618
1.8623e+06,1.22695e+06,910699,745162,447092,320024,838234,568494,786458,11342.9,3381.92,51129.3,141567,36739,9085.23,5621.67,36.8725
894744,588108,912836,559795,465443,352914,791314,439598,764055,8301.37,2415.57,30057.4,44220.9,21453.7,3635.4,3766.22,36.8763
796319,537982,888118,517333,427496,285236,899247,369007,841176,5654.81,530.073,43331.9,30153.4,19080.4,4781.17,3672.31,36.8768
1.65811e+06,1.03411e+06,962052,767762,602192,405049,892028,544140,846578,12574,1136.56,52678.1,88613,68806.6,11101.4,8625.43,36.8838
2.05555e+06,1.59229e+06,774565,386351,288897,222990,777337,312457,741896,12282.1,2593.21,132731,20904.7,8236.35,5324.42,4701.85,36.8899
2.16226e+06,1.35507e+06,957407,845745,517696,349218,889466,613381,827295,12236.9,4976.92,34380.7,56142,71597.4,11987.4,8116.21,36.8914
2.31582e+06,1.70144e+06,816656,572935,424512,315337,807731,456624,752832,8690.15,1704.1,234106,23167.3,11171.7,6100.14,4529.33,36.9016
1.52427e+06,1.01696e+06,899303,513229,297458,195528,912784,394263,781046,6800.28,1283.85,29134.5,34526.6,11970.5,5980.11,3468.34,36.9058
1.90782e+06,1.3368e+06,856292,525040,329376,237950,830535,421843,746780,6776.15,2896.72,46045.9,15931.3,9154.09,6410.36,3360.89,36.907
1.38569e+06,1.02968e+06,807447,607405,438622,327100,804564,477530,763183,12388.3,2553.14,159770,33657.8,13985,12988.4,3593.31,36.9099
1.70496e+06,1.2889e+06,793682,662401,530071,394955,805263,528854,751513,9366.32,574.777,129474,31017.9,21900.9,7597.23,5010.1,36.9113
2.04779e+06,1.276e+06,962915,834891,458160,298956,919521,609678,821638,10573.6,4538.6,29693.1,50180.6,55878.2,14535.9,6900.89,36.9127
1.43258e+06,1.01388e+06,847785,593342,549562,390586,844211,462522,769705,10560.6,1623.37,22895.2,66800.5,30263.8,6950.03,6553.58,36.9148
1.70196e+06,1.3481e+06,757493,381319,287076,221374,778075,314544,727375,5313.58,976.275,28771,27155.2,11200.1,5639.73,2531.27,36.9182
1.30252e+06,905355,863209,651699,470678,331609,851626,516138,757587,7050.47,123.025,142082,41716.7,28072.4,5345.16,6736.74,36.9192
1.92066e+06,1.39109e+06,828410,479897,305770,229563,799178,395873,727350,8558.75,2040.63,74678.2,41319.3,21286.5,6417.38,4762.38,36.9215
1.86742e+06,1.38003e+06,811904,552217,325035,227511,857193,413113,802033,7852.96,-607.075,223211,35687.8,24356.5,7942.79,3139.35,36.9244
1.59832e+06,1.21714e+06,787909,520933,467610,370677,756902,435761,717273,7461.07,330.908,106553,31480.8,13619.8,5186.54,4094.05,36.9268
2.23042e+06,1.66259e+06,804920,483184,408559,313812,781154,400288,724254,9212.85,3396.64,57360.6,58001.5,18071.7,6412.51,9881.36,36.9447
1.76949e+06,1.30488e+06,813633,634028,497549,363499,821266,481971,789294,13534.7,4178.33,116153,38617.9,21568.3,9792.77,5224.23,36.9505
1.661e+06,1.30065e+06,766232,433851,288881,220367,786544,358567,725975,13396,1138.52,49044.6,28200.9,9518.66,6132.96,3612.27,36.9548
2.1447e+06,1.36408e+06,943359,642388,441134,300608,880484,459840,838189,17830.9,1882.75,223288,47207.2,17981,11656.7,8255.81,36.9556
1.70458e+06,1.32757e+06,770393,425496,290549,219129,795556,344221,741668,10594.1,-558.399,224927,32356.4,17488.8,5113.23,4530.28,36.9596
1.61945e+06,1.14432e+06,849123,640930,445006,308632,865120,478971,802883,14675.2,5243.79,66138.8,40258.4,38130.9,8654.25,8094.09,36.9618
1.81752e+06,1.32681e+06,821905,379685,288097,210243,822183,305192,746450,9479.85,3351.99,32026.4,49127.4,24388.2,6338.7,6958.34,36.9632
1.06076e+06,773002,823355,608019,351665,265798,793832,500558,728809,6210.14,772.526,126739,29850.2,25797.5,5377.32,4021.7,36.9644
2.17618e+06,1.7318e+06,753960,413797,287110,221975,776060,344377,720949,4907.68,-312.61,77602.3,75893.5,38372.9,6041.83,8000.56,36.9654
2.17842e+06,1.4692e+06,889632,642701,485608,343286,848753,473219,814889,17744.4,3501.09,201196,42259.1,20761.5,13161.9,6350.54,36.9696
1.86724e+06,1.57311e+06,712184,295750,201243,155498,776511,244016,727207,10703.4,806.762,282594,25687.6,10940.4,4414.54,3924.5,36.9709
1.55649e+06,1.0786e+06,865843,672340,396290,273002,870961,495663,813867,11636.7,3278.65,155435,31604.7,20242.3,10586.7,4891.29,36.9764
1.72645e+06,1.27144e+06,814719,505384,388091,289322,804829,418841,723975,6969.77,805.87,83945.7,35525.3,16602.5,5230.07,3315.11,36.9767
1.97465e+06,1.42474e+06,831580,610953,395050,281078,843290,477426,767809,8745.6,4150.47,117475,106289,35159.8,8371.84,6343.39,36.983
1.3707e+06,1.01749e+06,808286,465638,328230,247248,796519,370444,754184,4963.61,674.941,218676,32633.2,8668.06,6542.8,6269.56,36.9847
1.96052e+06,1.46728e+06,801693,590117,425056,309467,824107,466771,758552,15671.1,2579.01,55020.2,41005.4,18473.1,8798.38,5087.24,37
